/*--------------------------------*- C++ -*----------------------------------*\
| =========                 |                                                 |
| \\      /  F ield         | OpenFOAM: The Open Source CFD Toolbox           |
|  \\    /   O peration     | Version:  2212                                  |
|   \\  /    A nd           | Website:  www.openfoam.com                      |
|    \\/     M anipulation  |                                                 |
\*---------------------------------------------------------------------------*/
FoamFile
{
    version     2.0;
    format      ascii;
    arch        "LSB;label=32;scalar=64";
    class       volScalarField;
    location    "2.1";
    object      epsilon;
}
// * * * * * * * * * * * * * * * * * * * * * * * * * * * * * * * * * * * * * //

dimensions      [0 2 -3 0 0 0 0];

internalField   nonuniform List<scalar> 
680
(
90.5034
12.1248
4.38869
2.46659
1.63315
1.18307
0.902012
58.5856
14.5696
6.08947
3.33295
2.08217
1.40266
0.998646
45.0226
13.4729
5.73075
3.07322
1.86022
1.22698
0.873562
38.7028
13.0541
5.74336
3.08733
1.88066
1.22749
0.869463
36.0571
12.8529
5.76645
3.10211
1.89475
1.22669
0.866497
36.0571
12.8529
5.76645
3.10212
1.89476
1.22669
0.866507
38.7028
13.0541
5.74336
3.08734
1.88067
1.22751
0.869487
45.0226
13.4729
5.73075
3.07323
1.86023
1.227
0.873583
58.5856
14.5696
6.08947
3.33295
2.08217
1.40267
0.998651
90.5034
12.1248
4.38869
2.46659
1.63315
1.18307
0.902012
58.5856
14.5696
6.08947
3.33295
2.08217
1.40267
0.998651
16.5373
9.49238
5.0127
2.8606
1.75746
1.14759
0.786927
13.6679
8.73671
5.07741
3.05388
1.92223
1.26609
0.869289
12.9054
8.33993
5.07879
3.15547
2.02775
1.35121
0.933541
12.6882
8.1544
5.07113
3.20039
2.0794
1.39506
0.967837
12.6882
8.1544
5.07113
3.20039
2.0794
1.39506
0.967835
12.9054
8.33993
5.07879
3.15547
2.02775
1.3512
0.933538
13.6679
8.73671
5.0774
3.05388
1.92223
1.26609
0.869287
16.5373
9.49238
5.0127
2.8606
1.75746
1.14759
0.786927
58.5856
14.5696
6.08947
3.33295
2.08217
1.40266
0.998646
45.0226
13.4729
5.73075
3.07323
1.86023
1.227
0.873584
13.6679
8.73671
5.0774
3.05388
1.92223
1.26609
0.869287
11.8601
7.76395
4.99734
3.24076
2.14419
1.45499
1.0141
11.6229
7.60535
5.0103
3.34209
2.26848
1.57142
1.11236
11.5726
7.56718
5.02065
3.38345
2.32103
1.62326
1.15829
11.5726
7.56718
5.02065
3.38344
2.32103
1.62326
1.15828
11.6229
7.60535
5.0103
3.34209
2.26848
1.57142
1.11236
11.8601
7.76395
4.99734
3.24076
2.14419
1.45499
1.0141
13.6679
8.73671
5.07741
3.05388
1.92223
1.26609
0.869289
45.0226
13.4729
5.73075
3.07322
1.86022
1.22698
0.873562
38.7028
13.0541
5.74337
3.08734
1.88067
1.22751
0.869487
12.9054
8.33993
5.07879
3.15547
2.02775
1.3512
0.933539
11.6229
7.60535
5.0103
3.34209
2.26848
1.57142
1.11236
11.4933
7.5119
5.02843
3.434
2.3892
1.6928
1.22111
11.4757
7.50136
5.04297
3.47002
2.43665
1.74299
1.26863
11.4757
7.50136
5.04297
3.47002
2.43665
1.74299
1.26863
11.4933
7.5119
5.02843
3.434
2.3892
1.6928
1.22111
11.6229
7.60535
5.0103
3.34209
2.26848
1.57142
1.11236
12.9054
8.33993
5.07879
3.15547
2.02775
1.35121
0.933541
38.7028
13.0541
5.74336
3.08733
1.88066
1.22749
0.869463
36.0571
12.8529
5.76645
3.10212
1.89476
1.22669
0.866507
12.6882
8.1544
5.07113
3.20039
2.0794
1.39506
0.967836
11.5726
7.56718
5.02065
3.38344
2.32103
1.62326
1.15828
11.4757
7.50136
5.04297
3.47002
2.43665
1.74299
1.26863
11.4647
7.49683
5.0577
3.50272
2.48038
1.79068
1.31522
11.4647
7.49683
5.0577
3.50272
2.48038
1.79068
1.31522
11.4757
7.50136
5.04297
3.47002
2.43665
1.74299
1.26863
11.5726
7.56718
5.02065
3.38345
2.32103
1.62326
1.15829
12.6882
8.1544
5.07113
3.20039
2.0794
1.39506
0.967837
36.0571
12.8529
5.76645
3.10211
1.89475
1.22669
0.866497
36.0571
12.8529
5.76645
3.10211
1.89475
1.22669
0.866497
12.6882
8.1544
5.07113
3.20039
2.0794
1.39506
0.967837
11.5726
7.56718
5.02065
3.38345
2.32103
1.62326
1.15829
11.4757
7.50136
5.04297
3.47002
2.43665
1.74299
1.26863
11.4647
7.49683
5.0577
3.50272
2.48038
1.79068
1.31522
11.4647
7.49683
5.0577
3.50272
2.48038
1.79068
1.31522
11.4757
7.50136
5.04297
3.47002
2.43665
1.74299
1.26863
11.5726
7.56718
5.02065
3.38344
2.32103
1.62326
1.15828
12.6882
8.1544
5.07113
3.20039
2.07939
1.39506
0.967835
36.0571
12.8529
5.76645
3.10212
1.89476
1.22669
0.866507
38.7028
13.0541
5.74336
3.08733
1.88066
1.22749
0.869463
12.9054
8.33993
5.07879
3.15547
2.02775
1.35121
0.933541
11.6229
7.60535
5.0103
3.34209
2.26848
1.57142
1.11236
11.4933
7.5119
5.02843
3.434
2.3892
1.6928
1.22111
11.4757
7.50136
5.04297
3.47002
2.43665
1.74299
1.26863
11.4757
7.50136
5.04297
3.47002
2.43665
1.74299
11.4933
7.5119
5.02843
3.434
2.3892
1.6928
11.6229
7.60535
5.0103
3.34209
2.26848
1.57142
12.9054
8.33993
5.07879
3.15547
2.02775
1.3512
38.7028
13.0541
5.74336
3.08734
1.88067
1.22751
45.0226
13.4729
5.73075
3.07322
1.86022
1.22698
0.873562
13.6679
8.73671
5.07741
3.05388
1.92223
1.26609
0.869289
11.8601
7.76395
4.99734
3.24076
2.14419
1.45499
1.0141
11.6229
7.60535
5.0103
3.34209
2.26848
1.57142
1.11236
11.5726
7.56718
5.02065
3.38344
2.32103
1.62326
1.15828
11.5726
7.56718
5.02065
3.38345
2.32103
1.62326
11.6229
7.60535
5.0103
3.34209
2.26848
1.57142
11.8601
7.76395
4.99734
3.24076
2.14419
1.45499
13.6679
8.73671
5.0774
3.05388
1.92223
1.26609
45.0226
13.4729
5.73075
3.07323
1.86023
1.227
58.5856
14.5696
6.08947
3.33295
2.08217
1.40266
0.998647
16.5373
9.49238
5.0127
2.8606
1.75746
1.14759
0.786927
13.6679
8.73671
5.0774
3.05388
1.92223
1.26609
0.869287
12.9054
8.33993
5.07879
3.15547
2.02775
1.3512
0.933538
12.6882
8.1544
5.07113
3.20039
2.07939
1.39506
0.967835
12.6882
8.1544
5.07113
3.20039
2.0794
1.39506
12.9054
8.33993
5.07879
3.15547
2.02775
1.35121
13.6679
8.73671
5.07741
3.05388
1.92223
1.26609
16.5373
9.49238
5.0127
2.8606
1.75746
1.14759
58.5856
14.5696
6.08947
3.33295
2.08217
1.40267
90.5034
12.1248
4.38869
2.46659
1.63315
1.18307
0.902012
58.5856
14.5696
6.08947
3.33295
2.08217
1.40267
0.998652
45.0226
13.4729
5.73075
3.07323
1.86023
1.227
0.873584
38.7028
13.0541
5.74337
3.08734
1.88067
1.22751
0.869487
36.0571
12.8529
5.76645
3.10212
1.89476
1.22669
0.866508
36.0571
12.8529
5.76645
3.10211
1.89475
1.22669
38.7028
13.0541
5.74336
3.08733
1.88066
1.22749
45.0226
13.4729
5.73075
3.07322
1.86022
1.22698
58.5856
14.5696
6.08947
3.33295
2.08217
1.40266
90.5034
12.1248
4.38869
2.46659
1.63315
1.18307
)
;

boundaryField
{
    inlet
    {
        type            fixedValue;
        value           uniform 14.855;
    }
    ami1
    {
        type            cyclicAMI;
        value           nonuniform List<scalar> 0();
    }
    walls
    {
        type            epsilonWallFunction;
        blending        stepwise;
        value           nonuniform List<scalar> 
271
(
90.5034
58.5856
45.0226
38.7028
36.0571
36.0571
38.7028
45.0226
58.5856
90.5034
12.1248
14.5696
13.4729
13.0541
12.8529
12.8529
13.0541
13.4729
14.5696
12.1248
4.38869
6.08947
5.73075
5.74336
5.76645
5.76645
5.74336
5.73075
6.08947
4.38869
2.46659
3.33295
3.07322
3.08733
3.10211
3.10212
3.08734
3.07323
3.33295
2.46659
1.63315
2.08217
1.86022
1.88066
1.89475
1.89476
1.88067
1.86023
2.08217
1.63315
1.18307
1.40266
1.22698
1.22749
1.22669
1.22669
1.22751
1.227
1.40267
1.18307
0.902012
0.998646
0.873562
0.869463
0.866497
0.866507
90.5034
58.5856
45.0226
38.7028
36.0571
36.0571
38.7028
45.0226
58.5856
90.5034
12.1248
14.5696
13.4729
13.0541
12.8529
12.8529
13.0541
13.4729
14.5696
12.1248
4.38869
6.08947
5.73075
5.74336
5.76645
5.76645
5.74336
5.73075
6.08947
4.38869
2.46659
3.33295
3.07322
3.08733
3.10211
3.10212
3.08734
3.07323
3.33295
2.46659
1.63315
2.08217
1.86022
1.88066
1.89475
1.89476
1.88067
1.86023
2.08217
1.63315
1.18307
1.40266
1.22698
1.22749
1.22669
1.22669
1.22751
1.227
1.40267
1.18307
0.902012
0.998646
0.873562
0.869463
0.866497
0.866507
0.869487
0.873583
0.998651
0.902012
90.5034
58.5856
45.0226
38.7028
36.0571
36.0571
38.7028
45.0226
58.5856
90.5034
12.1248
14.5696
13.4729
13.0541
12.8529
12.8529
13.0541
13.4729
14.5696
12.1248
4.38869
6.08947
5.73075
5.74337
5.76645
5.76645
5.74336
5.73075
6.08947
4.38869
2.46659
3.33295
3.07323
3.08734
3.10212
3.10211
3.08733
3.07322
3.33295
2.46659
1.63315
2.08217
1.86023
1.88067
1.89476
1.89475
1.88066
1.86022
2.08217
1.63315
1.18307
1.40267
1.227
1.22751
1.22669
1.22669
1.22749
1.22698
1.40266
1.18307
0.902012
0.998651
0.873584
0.869487
0.866507
0.866497
0.869463
0.873562
0.998647
0.902012
90.5034
58.5856
45.0226
38.7028
36.0571
36.0571
38.7028
45.0226
58.5856
90.5034
12.1248
14.5696
13.4729
13.0541
12.8529
12.8529
13.0541
13.4729
14.5696
12.1248
4.38869
6.08947
5.73075
5.74337
5.76645
5.76645
5.74336
5.73075
6.08947
4.38869
2.46659
3.33295
3.07323
3.08734
3.10212
3.10211
3.08733
3.07322
3.33295
2.46659
1.63315
2.08217
1.86023
1.88067
1.89476
1.89475
1.88066
1.86022
2.08217
1.63315
1.18307
1.40267
1.227
1.22751
1.22669
1.22669
1.22749
1.22698
1.40266
1.18307
0.902012
0.998652
0.873584
0.869487
0.866508
)
;
    }
    ami2
    {
        type            cyclicAMI;
        value           nonuniform List<scalar> 0();
    }
    outlet
    {
        type            zeroGradient;
    }
    procBoundary4to3
    {
        type            processor;
        value           nonuniform List<scalar> 
109
(
0.720661
0.740277
0.649761
0.645367
0.64398
0.643994
0.645397
0.64979
0.740285
0.72066
0.740285
0.562044
0.618631
0.666464
0.692729
0.692726
0.666459
0.618628
0.562044
0.740277
0.64979
0.618628
0.725633
0.804589
0.843158
0.843155
0.804586
0.725633
0.618631
0.649761
0.645398
0.666459
0.804586
0.896486
0.938712
0.938711
0.896486
0.804589
0.666464
0.645367
0.643994
0.692726
0.843155
0.938711
0.981304
0.981304
0.938712
0.843158
0.692729
0.64398
0.64398
0.692729
0.843158
0.938712
0.981304
0.981304
1.26863
0.938711
1.22111
0.843155
1.11236
0.692726
0.933537
0.643994
0.869487
0.645367
0.666464
0.804589
0.896486
0.938711
1.26863
1.26863
1.22111
1.11236
0.933537
0.869487
0.649761
0.618631
0.725633
0.804586
0.843155
1.15829
1.15829
1.11236
1.0141
0.869287
0.873584
0.740278
0.562044
0.618628
0.666458
0.692726
0.967837
0.967837
0.933542
0.869289
0.786927
0.998651
0.720661
0.740285
0.64979
0.645398
0.643994
0.866498
0.866498
0.869463
0.873561
0.998645
0.902011
)
;
    }
}


// ************************************************************************* //
