/*--------------------------------*- C++ -*----------------------------------*\
| =========                 |                                                 |
| \\      /  F ield         | OpenFOAM: The Open Source CFD Toolbox           |
|  \\    /   O peration     | Version:  2212                                  |
|   \\  /    A nd           | Website:  www.openfoam.com                      |
|    \\/     M anipulation  |                                                 |
\*---------------------------------------------------------------------------*/
FoamFile
{
    version     2.0;
    format      ascii;
    arch        "LSB;label=32;scalar=64";
    class       surfaceScalarField;
    location    "1.5";
    object      meshPhi;
}
// * * * * * * * * * * * * * * * * * * * * * * * * * * * * * * * * * * * * * //

dimensions      [0 3 -1 0 0 0 0];

oriented        oriented;

internalField   nonuniform List<scalar> 
1786
(
0
1.17323e-07
2.44277e-22
3.59434e-21
1.17323e-07
2.44277e-22
0
1.17323e-07
2.44277e-22
1.79717e-21
1.17323e-07
2.43404e-22
0
1.17323e-07
2.44277e-22
1.79717e-21
1.17323e-07
2.43921e-22
1.41059e-36
1.17323e-07
2.43921e-22
1.79717e-21
1.17323e-07
2.44277e-22
0
1.17323e-07
2.44018e-22
0
1.17323e-07
2.44277e-22
1.17323e-07
2.43404e-22
1.73624e-21
1.08218e-07
9.10464e-09
-1.73624e-21
1.08218e-07
9.10464e-09
-1.73624e-21
1.08218e-07
9.10464e-09
1.76324e-36
1.08218e-07
9.10464e-09
-3.47248e-21
1.08218e-07
9.10464e-09
1.76324e-36
1.08218e-07
9.10464e-09
1.76324e-36
1.08218e-07
9.10464e-09
-1.73624e-21
1.08218e-07
9.10464e-09
0
1.08218e-07
9.10464e-09
-1.73624e-21
1.08218e-07
9.10464e-09
1.08218e-07
9.10464e-09
1.55751e-21
9.05895e-08
1.76285e-08
-1.55751e-21
9.05895e-08
1.76285e-08
0
9.05895e-08
1.76285e-08
0
9.05895e-08
1.76285e-08
2.05712e-36
9.05895e-08
1.76285e-08
2.05712e-36
9.05895e-08
1.76285e-08
-1.55751e-21
9.05895e-08
1.76285e-08
-1.55751e-21
9.05895e-08
1.76285e-08
0
9.05895e-08
1.76285e-08
0
9.05895e-08
1.76285e-08
9.05895e-08
1.76285e-08
0
6.5559e-08
2.50304e-08
0
6.5559e-08
2.50304e-08
0
6.5559e-08
2.50304e-08
0
6.5559e-08
2.50304e-08
1.2729e-21
6.5559e-08
2.50304e-08
-1.2729e-21
6.5559e-08
2.50304e-08
0
6.5559e-08
2.50304e-08
1.2729e-21
6.5559e-08
2.50304e-08
0
6.5559e-08
2.50304e-08
0
6.5559e-08
2.50304e-08
-1.2729e-21
6.5559e-08
2.50304e-08
6.5559e-08
2.50304e-08
0
3.4714e-08
3.0845e-08
9.01348e-22
3.4714e-08
3.0845e-08
1.8027e-21
3.4714e-08
3.0845e-08
9.01348e-22
3.4714e-08
3.0845e-08
-9.01348e-22
3.4714e-08
3.0845e-08
0
3.4714e-08
3.0845e-08
0
3.4714e-08
3.0845e-08
0
3.4714e-08
3.0845e-08
1.8027e-21
3.4714e-08
3.0845e-08
9.01348e-22
3.4714e-08
3.0845e-08
-9.01348e-22
3.4714e-08
3.0845e-08
3.4714e-08
3.0845e-08
0
3.4714e-08
-4.67492e-22
3.4714e-08
0
3.4714e-08
0
3.4714e-08
0
3.4714e-08
6.46522e-37
3.4714e-08
-4.67492e-22
3.4714e-08
4.67492e-22
3.4714e-08
0
3.4714e-08
0
3.4714e-08
4.67492e-22
3.4714e-08
3.4714e-08
0
1.03272e-07
4.52962e-22
0
1.03272e-07
4.53301e-22
4.26403e-21
1.03272e-07
4.52962e-22
0
1.03272e-07
7.7238e-22
2.13202e-21
1.03272e-07
4.52881e-22
-7.05297e-37
1.03272e-07
4.52881e-22
0
1.03272e-07
4.52881e-22
0
1.03272e-07
4.52881e-22
0
1.03272e-07
4.52881e-22
2.13202e-21
1.03272e-07
4.52881e-22
1.03272e-07
7.7238e-22
0
9.53421e-08
1.70341e-08
0
9.53421e-08
1.70341e-08
0
9.53421e-08
1.70341e-08
5.87747e-38
9.53421e-08
1.70341e-08
-2.07554e-21
9.53421e-08
1.70341e-08
-4.15107e-21
9.53421e-08
1.70341e-08
-4.15107e-21
9.53421e-08
1.70341e-08
0
9.53421e-08
1.70341e-08
5.87747e-38
9.53421e-08
1.70341e-08
-2.07554e-21
9.53421e-08
1.70341e-08
9.53421e-08
1.70341e-08
1.90991e-21
7.99557e-08
3.30149e-08
-1.90991e-21
7.99557e-08
3.30149e-08
-1.90991e-21
7.99557e-08
3.30149e-08
0
7.99557e-08
3.30149e-08
0
7.99557e-08
3.30149e-08
-1.90991e-21
7.99557e-08
3.30149e-08
0
7.99557e-08
3.30149e-08
2.93874e-37
7.99557e-08
3.30149e-08
0
7.99557e-08
3.30149e-08
-1.90991e-21
7.99557e-08
3.30149e-08
7.99557e-08
3.30149e-08
-1.64631e-21
5.80257e-08
4.69604e-08
-1.64631e-21
5.80257e-08
4.69604e-08
-1.64631e-21
5.80257e-08
4.69604e-08
0
5.80257e-08
4.69604e-08
-3.29262e-21
5.80257e-08
4.69604e-08
-1.64631e-21
5.80257e-08
4.69604e-08
1.76324e-37
5.80257e-08
4.69604e-08
0
5.80257e-08
4.69604e-08
-1.64631e-21
5.80257e-08
4.69604e-08
0
5.80257e-08
4.69604e-08
-3.29262e-21
5.80257e-08
4.69604e-08
5.80257e-08
4.69604e-08
0
3.0845e-08
5.80257e-08
-1.30245e-21
3.0845e-08
5.80257e-08
1.30245e-21
3.0845e-08
5.80257e-08
0
3.0845e-08
5.80257e-08
0
3.0845e-08
5.80257e-08
0
3.0845e-08
5.80257e-08
0
3.0845e-08
5.80257e-08
0
3.0845e-08
5.80257e-08
1.30245e-21
3.0845e-08
5.80257e-08
0
3.0845e-08
5.80257e-08
0
3.0845e-08
5.80257e-08
3.0845e-08
5.80257e-08
9.01348e-22
6.5559e-08
0
6.5559e-08
9.01348e-22
6.5559e-08
9.01348e-22
6.5559e-08
0
6.5559e-08
0
6.5559e-08
9.01348e-22
6.5559e-08
-4.55504e-37
6.5559e-08
9.01348e-22
6.5559e-08
9.01348e-22
6.5559e-08
0
6.5559e-08
6.5559e-08
8.81621e-37
8.32578e-08
5.93583e-22
8.81621e-37
8.32578e-08
5.93583e-22
8.81621e-37
8.32578e-08
5.941e-22
2.41995e-21
8.32578e-08
5.93502e-22
2.41995e-21
8.32578e-08
5.93583e-22
8.81621e-37
8.32578e-08
5.93583e-22
8.81621e-37
8.32578e-08
5.93583e-22
8.81621e-37
8.32578e-08
5.93583e-22
8.81621e-37
8.32578e-08
5.94019e-22
8.81621e-37
8.32578e-08
5.93583e-22
8.32578e-08
5.93664e-22
-2.36722e-21
7.69129e-08
2.33789e-08
-2.36722e-21
7.69129e-08
2.33789e-08
0
7.69129e-08
2.33789e-08
0
7.69129e-08
2.33789e-08
0
7.69129e-08
2.33789e-08
0
7.69129e-08
2.33789e-08
-2.36722e-21
7.69129e-08
2.33789e-08
-2.36722e-21
7.69129e-08
2.33789e-08
-2.36722e-21
7.69129e-08
2.33789e-08
0
7.69129e-08
2.33789e-08
7.69129e-08
2.33789e-08
4.42529e-21
6.45823e-08
4.53455e-08
0
6.45823e-08
4.53455e-08
0
6.45823e-08
4.53455e-08
2.21265e-21
6.45823e-08
4.53455e-08
2.21265e-21
6.45823e-08
4.53455e-08
1.49876e-36
6.45823e-08
4.53455e-08
2.21265e-21
6.45823e-08
4.53455e-08
0
6.45823e-08
4.53455e-08
2.21265e-21
6.45823e-08
4.53455e-08
0
6.45823e-08
4.53455e-08
6.45823e-08
4.53455e-08
0
4.69604e-08
6.45823e-08
-1.96677e-21
4.69604e-08
6.45823e-08
0
4.69604e-08
6.45823e-08
1.96677e-21
4.69604e-08
6.45823e-08
-1.76324e-37
4.69604e-08
6.45823e-08
-1.76324e-37
4.69604e-08
6.45823e-08
-1.76324e-37
4.69604e-08
6.45823e-08
1.96677e-21
4.69604e-08
6.45823e-08
0
4.69604e-08
6.45823e-08
-1.76324e-37
4.69604e-08
6.45823e-08
-1.76324e-37
4.69604e-08
6.45823e-08
4.69604e-08
6.45823e-08
1.64631e-21
2.50304e-08
7.99557e-08
1.64631e-21
2.50304e-08
7.99557e-08
0
2.50304e-08
7.99557e-08
1.64631e-21
2.50304e-08
7.99557e-08
2.93874e-38
2.50304e-08
7.99557e-08
1.64631e-21
2.50304e-08
7.99557e-08
2.93874e-38
2.50304e-08
7.99557e-08
1.64631e-21
2.50304e-08
7.99557e-08
-1.64631e-21
2.50304e-08
7.99557e-08
3.29262e-21
2.50304e-08
7.99557e-08
1.64631e-21
2.50304e-08
7.99557e-08
2.50304e-08
7.99557e-08
0
9.05895e-08
-1.2729e-21
9.05895e-08
1.2729e-21
9.05895e-08
1.2729e-21
9.05895e-08
0
9.05895e-08
-1.2729e-21
9.05895e-08
2.54581e-21
9.05895e-08
1.2729e-21
9.05895e-08
0
9.05895e-08
0
9.05895e-08
0
9.05895e-08
9.05895e-08
2.6412e-21
5.83852e-08
0
5.83852e-08
0
5.83852e-08
0
5.83852e-08
2.6412e-21
5.83852e-08
2.6412e-21
5.83852e-08
0
5.83852e-08
5.2824e-21
5.83852e-08
5.2824e-21
5.83852e-08
0
5.83852e-08
5.83852e-08
0
5.3958e-08
2.78061e-08
0
5.3958e-08
2.78061e-08
0
5.3958e-08
2.78061e-08
3.52648e-37
5.3958e-08
2.78061e-08
3.52648e-37
5.3958e-08
2.78061e-08
3.52648e-37
5.3958e-08
2.78061e-08
-2.59131e-21
5.3958e-08
2.78061e-08
-2.59131e-21
5.3958e-08
2.78061e-08
0
5.3958e-08
2.78061e-08
-2.59131e-21
5.3958e-08
2.78061e-08
5.3958e-08
2.78061e-08
0
4.53455e-08
5.3958e-08
0
4.53455e-08
5.3958e-08
0
4.53455e-08
5.3958e-08
2.4451e-21
4.53455e-08
5.3958e-08
2.4451e-21
4.53455e-08
5.3958e-08
2.4451e-21
4.53455e-08
5.3958e-08
1.46937e-37
4.53455e-08
5.3958e-08
-2.4451e-21
4.53455e-08
5.3958e-08
0
4.53455e-08
5.3958e-08
2.4451e-21
4.53455e-08
5.3958e-08
4.53455e-08
5.3958e-08
4.42529e-21
3.30149e-08
7.69129e-08
2.21265e-21
3.30149e-08
7.69129e-08
0
3.30149e-08
7.69129e-08
2.21265e-21
3.30149e-08
7.69129e-08
2.21265e-21
3.30149e-08
7.69129e-08
1.76324e-37
3.30149e-08
7.69129e-08
2.21265e-21
3.30149e-08
7.69129e-08
2.21265e-21
3.30149e-08
7.69129e-08
0
3.30149e-08
7.69129e-08
0
3.30149e-08
7.69129e-08
0
3.30149e-08
7.69129e-08
3.30149e-08
7.69129e-08
-1.90991e-21
1.76285e-08
9.53421e-08
-9.55089e-37
1.76285e-08
9.53421e-08
-9.55089e-37
1.76285e-08
9.53421e-08
-9.55089e-37
1.76285e-08
9.53421e-08
0
1.76285e-08
9.53421e-08
-9.55089e-37
1.76285e-08
9.53421e-08
0
1.76285e-08
9.53421e-08
-9.55089e-37
1.76285e-08
9.53421e-08
1.90991e-21
1.76285e-08
9.53421e-08
-9.55089e-37
1.76285e-08
9.53421e-08
1.90991e-21
1.76285e-08
9.53421e-08
1.76285e-08
9.53421e-08
0
1.08218e-07
0
1.08218e-07
0
1.08218e-07
-5.28972e-37
1.08218e-07
0
1.08218e-07
0
1.08218e-07
0
1.08218e-07
1.55751e-21
1.08218e-07
-5.28972e-37
1.08218e-07
1.55751e-21
1.08218e-07
0
1.08218e-07
1.08218e-07
-2.73232e-21
2.78061e-08
3.00804e-08
0
2.78061e-08
3.00804e-08
-2.73232e-21
2.78061e-08
3.00804e-08
-5.46463e-21
2.78061e-08
3.00804e-08
0
2.78061e-08
3.00804e-08
8.66927e-37
2.78061e-08
3.00804e-08
-2.73232e-21
2.78061e-08
3.00804e-08
0
2.78061e-08
3.00804e-08
-5.46463e-21
2.78061e-08
3.00804e-08
-2.73232e-21
2.78061e-08
3.00804e-08
2.78061e-08
3.00804e-08
0
2.33789e-08
5.83852e-08
2.59131e-21
2.33789e-08
5.83852e-08
-2.59131e-21
2.33789e-08
5.83852e-08
0
2.33789e-08
5.83852e-08
0
2.33789e-08
5.83852e-08
2.59131e-21
2.33789e-08
5.83852e-08
0
2.33789e-08
5.83852e-08
0
2.33789e-08
5.83852e-08
2.59131e-21
2.33789e-08
5.83852e-08
2.59131e-21
2.33789e-08
5.83852e-08
2.33789e-08
5.83852e-08
0
1.70341e-08
8.32578e-08
2.36722e-21
1.70341e-08
8.32578e-08
2.36722e-21
1.70341e-08
8.32578e-08
2.36722e-21
1.70341e-08
8.32578e-08
0
1.70341e-08
8.32578e-08
2.36722e-21
1.70341e-08
8.32578e-08
4.73445e-21
1.70341e-08
8.32578e-08
2.36722e-21
1.70341e-08
8.32578e-08
2.36722e-21
1.70341e-08
8.32578e-08
4.73445e-21
1.70341e-08
8.32578e-08
2.36722e-21
1.70341e-08
8.32578e-08
1.70341e-08
8.32578e-08
2.07554e-21
9.10464e-09
1.03272e-07
2.07554e-21
9.10464e-09
1.03272e-07
2.07554e-21
9.10464e-09
1.03272e-07
4.15107e-21
9.10464e-09
1.03272e-07
-5.14279e-37
9.10464e-09
1.03272e-07
2.07554e-21
9.10464e-09
1.03272e-07
0
9.10464e-09
1.03272e-07
2.07554e-21
9.10464e-09
1.03272e-07
4.15107e-21
9.10464e-09
1.03272e-07
2.07554e-21
9.10464e-09
1.03272e-07
0
9.10464e-09
1.03272e-07
9.10464e-09
1.03272e-07
0
1.17323e-07
1.73624e-21
1.17323e-07
0
1.17323e-07
1.73624e-21
1.17323e-07
-1.73624e-21
1.17323e-07
0
1.17323e-07
0
1.17323e-07
1.35917e-36
1.17323e-07
1.73624e-21
1.17323e-07
-3.47248e-21
1.17323e-07
-1.73624e-21
1.17323e-07
1.17323e-07
-2.78043e-21
-2.09897e-22
3.00804e-08
0
-2.09897e-22
3.00804e-08
-5.56087e-21
-2.09897e-22
3.00804e-08
7.84907e-37
-3.15363e-23
3.00804e-08
0
-2.09897e-22
3.00804e-08
0
-2.09897e-22
3.00804e-08
-2.78043e-21
-2.09897e-22
3.00804e-08
0
-2.09897e-22
3.00804e-08
0
-2.09897e-22
3.00804e-08
-2.78043e-21
-2.09897e-22
3.00804e-08
-3.25702e-23
3.00804e-08
0
-5.94019e-22
5.83852e-08
-2.6412e-21
-5.94536e-22
5.83852e-08
-2.6412e-21
-5.93502e-22
5.83852e-08
-2.6412e-21
-4.22379e-22
5.83852e-08
0
-5.94019e-22
5.83852e-08
-5.2824e-21
-5.95053e-22
5.83852e-08
-2.6412e-21
-5.94536e-22
5.83852e-08
0
-5.94536e-22
5.83852e-08
-2.6412e-21
-5.94019e-22
5.83852e-08
-2.6412e-21
-5.93502e-22
5.83852e-08
-4.22379e-22
5.83852e-08
-2.41995e-21
-4.52881e-22
8.32578e-08
-2.41995e-21
-4.52881e-22
8.32578e-08
-4.8399e-21
-4.5314e-22
8.32578e-08
0
-4.52881e-22
8.32578e-08
0
-4.54691e-22
8.32578e-08
2.41995e-21
-4.52881e-22
8.32578e-08
-2.41995e-21
-4.52881e-22
8.32578e-08
-4.8399e-21
-4.52881e-22
8.32578e-08
-2.41995e-21
-4.52881e-22
8.32578e-08
9.01365e-37
-4.52881e-22
8.32578e-08
-2.41995e-21
-4.52881e-22
8.32578e-08
-7.75999e-22
8.32578e-08
0
-2.42726e-22
1.03272e-07
2.13202e-21
-2.42726e-22
1.03272e-07
2.13202e-21
-2.42467e-22
1.03272e-07
4.26403e-21
-2.42467e-22
1.03272e-07
2.13202e-21
-2.43501e-22
1.03272e-07
4.26403e-21
-2.42467e-22
1.03272e-07
6.39605e-21
-2.42726e-22
1.03272e-07
4.26403e-21
-2.42726e-22
1.03272e-07
4.26403e-21
-2.42467e-22
1.03272e-07
2.13202e-21
-2.42467e-22
1.03272e-07
6.39605e-21
-2.42467e-22
1.03272e-07
-2.43501e-22
1.03272e-07
1.79717e-21
1.17323e-07
0
1.17323e-07
1.79717e-21
1.17323e-07
1.79717e-21
1.17323e-07
3.59434e-21
1.17323e-07
3.59434e-21
1.17323e-07
1.79717e-21
1.17323e-07
1.48774e-36
1.17323e-07
0
1.17323e-07
3.59434e-21
1.17323e-07
1.79717e-21
1.17323e-07
1.17323e-07
2.73232e-21
-2.78061e-08
2.78061e-08
0
-2.78061e-08
2.78061e-08
0
-2.78061e-08
2.78061e-08
8.66927e-37
-2.78061e-08
2.78061e-08
0
-2.78061e-08
2.78061e-08
8.66927e-37
-2.78061e-08
2.78061e-08
0
-2.78061e-08
2.78061e-08
8.66927e-37
-2.78061e-08
2.78061e-08
8.66927e-37
-2.78061e-08
2.78061e-08
8.66927e-37
-2.78061e-08
2.78061e-08
-2.78061e-08
2.78061e-08
0
-2.33789e-08
5.3958e-08
0
-2.33789e-08
5.3958e-08
-5.18262e-21
-2.33789e-08
5.3958e-08
4.26117e-37
-2.33789e-08
5.3958e-08
4.26117e-37
-2.33789e-08
5.3958e-08
4.26117e-37
-2.33789e-08
5.3958e-08
0
-2.33789e-08
5.3958e-08
-2.59131e-21
-2.33789e-08
5.3958e-08
-2.59131e-21
-2.33789e-08
5.3958e-08
-2.59131e-21
-2.33789e-08
5.3958e-08
-2.33789e-08
5.3958e-08
-2.36722e-21
-1.70341e-08
7.69129e-08
-2.36722e-21
-1.70341e-08
7.69129e-08
-2.36722e-21
-1.70341e-08
7.69129e-08
0
-1.70341e-08
7.69129e-08
0
-1.70341e-08
7.69129e-08
0
-1.70341e-08
7.69129e-08
-2.36722e-21
-1.70341e-08
7.69129e-08
-2.36722e-21
-1.70341e-08
7.69129e-08
-2.36722e-21
-1.70341e-08
7.69129e-08
0
-1.70341e-08
7.69129e-08
0
-1.70341e-08
7.69129e-08
-1.70341e-08
7.69129e-08
-2.35099e-37
-9.10464e-09
9.53421e-08
-2.35099e-37
-9.10464e-09
9.53421e-08
2.07554e-21
-9.10464e-09
9.53421e-08
0
-9.10464e-09
9.53421e-08
2.07554e-21
-9.10464e-09
9.53421e-08
0
-9.10464e-09
9.53421e-08
0
-9.10464e-09
9.53421e-08
0
-9.10464e-09
9.53421e-08
-2.07554e-21
-9.10464e-09
9.53421e-08
4.15107e-21
-9.10464e-09
9.53421e-08
2.07554e-21
-9.10464e-09
9.53421e-08
-9.10464e-09
9.53421e-08
1.73624e-21
1.08218e-07
3.47248e-21
1.08218e-07
1.73624e-21
1.08218e-07
3.47248e-21
1.08218e-07
1.73624e-21
1.08218e-07
3.47248e-21
1.08218e-07
3.47248e-21
1.08218e-07
3.47248e-21
1.08218e-07
1.73624e-21
1.08218e-07
3.47248e-21
1.08218e-07
3.47248e-21
1.08218e-07
1.08218e-07
0
-5.3958e-08
2.33789e-08
2.59131e-21
-5.3958e-08
2.33789e-08
-2.59131e-21
-5.3958e-08
2.33789e-08
2.59131e-21
-5.3958e-08
2.33789e-08
0
-5.3958e-08
2.33789e-08
2.59131e-21
-5.3958e-08
2.33789e-08
0
-5.3958e-08
2.33789e-08
2.59131e-21
-5.3958e-08
2.33789e-08
2.59131e-21
-5.3958e-08
2.33789e-08
2.59131e-21
-5.3958e-08
2.33789e-08
-5.3958e-08
2.33789e-08
4.8902e-21
-4.53455e-08
4.53455e-08
0
-4.53455e-08
4.53455e-08
0
-4.53455e-08
4.53455e-08
2.4451e-21
-4.53455e-08
4.53455e-08
2.4451e-21
-4.53455e-08
4.53455e-08
0
-4.53455e-08
4.53455e-08
2.4451e-21
-4.53455e-08
4.53455e-08
2.4451e-21
-4.53455e-08
4.53455e-08
2.4451e-21
-4.53455e-08
4.53455e-08
0
-4.53455e-08
4.53455e-08
-4.53455e-08
4.53455e-08
2.21265e-21
-3.30149e-08
6.45823e-08
0
-3.30149e-08
6.45823e-08
2.21265e-21
-3.30149e-08
6.45823e-08
0
-3.30149e-08
6.45823e-08
2.21265e-21
-3.30149e-08
6.45823e-08
2.21265e-21
-3.30149e-08
6.45823e-08
2.21265e-21
-3.30149e-08
6.45823e-08
2.21265e-21
-3.30149e-08
6.45823e-08
0
-3.30149e-08
6.45823e-08
0
-3.30149e-08
6.45823e-08
0
-3.30149e-08
6.45823e-08
-3.30149e-08
6.45823e-08
0
-1.76285e-08
7.99557e-08
0
-1.76285e-08
7.99557e-08
2.35099e-37
-1.76285e-08
7.99557e-08
0
-1.76285e-08
7.99557e-08
-1.90991e-21
-1.76285e-08
7.99557e-08
0
-1.76285e-08
7.99557e-08
0
-1.76285e-08
7.99557e-08
-2.35099e-37
-1.76285e-08
7.99557e-08
0
-1.76285e-08
7.99557e-08
-2.35099e-37
-1.76285e-08
7.99557e-08
0
-1.76285e-08
7.99557e-08
-1.76285e-08
7.99557e-08
2.02038e-36
9.05895e-08
0
9.05895e-08
-1.55751e-21
9.05895e-08
0
9.05895e-08
2.02038e-36
9.05895e-08
2.02038e-36
9.05895e-08
2.02038e-36
9.05895e-08
-1.55751e-21
9.05895e-08
-1.55751e-21
9.05895e-08
0
9.05895e-08
0
9.05895e-08
9.05895e-08
2.36722e-21
-7.69129e-08
1.70341e-08
2.36722e-21
-7.69129e-08
1.70341e-08
2.36722e-21
-7.69129e-08
1.70341e-08
2.36722e-21
-7.69129e-08
1.70341e-08
0
-7.69129e-08
1.70341e-08
2.36722e-21
-7.69129e-08
1.70341e-08
4.73445e-21
-7.69129e-08
1.70341e-08
2.36722e-21
-7.69129e-08
1.70341e-08
4.73445e-21
-7.69129e-08
1.70341e-08
0
-7.69129e-08
1.70341e-08
-7.69129e-08
1.70341e-08
1.76324e-37
-6.45823e-08
3.30149e-08
0
-6.45823e-08
3.30149e-08
0
-6.45823e-08
3.30149e-08
0
-6.45823e-08
3.30149e-08
2.21265e-21
-6.45823e-08
3.30149e-08
2.21265e-21
-6.45823e-08
3.30149e-08
2.21265e-21
-6.45823e-08
3.30149e-08
0
-6.45823e-08
3.30149e-08
0
-6.45823e-08
3.30149e-08
2.21265e-21
-6.45823e-08
3.30149e-08
-6.45823e-08
3.30149e-08
0
-4.69604e-08
4.69604e-08
0
-4.69604e-08
4.69604e-08
0
-4.69604e-08
4.69604e-08
0
-4.69604e-08
4.69604e-08
1.96677e-21
-4.69604e-08
4.69604e-08
-1.46937e-37
-4.69604e-08
4.69604e-08
1.96677e-21
-4.69604e-08
4.69604e-08
0
-4.69604e-08
4.69604e-08
0
-4.69604e-08
4.69604e-08
-1.46937e-37
-4.69604e-08
4.69604e-08
-1.46937e-37
-4.69604e-08
4.69604e-08
-4.69604e-08
4.69604e-08
1.64631e-21
-2.50304e-08
5.80257e-08
1.64631e-21
-2.50304e-08
5.80257e-08
0
-2.50304e-08
5.80257e-08
0
-2.50304e-08
5.80257e-08
-1.76324e-37
-2.50304e-08
5.80257e-08
0
-2.50304e-08
5.80257e-08
3.29262e-21
-2.50304e-08
5.80257e-08
1.64631e-21
-2.50304e-08
5.80257e-08
1.64631e-21
-2.50304e-08
5.80257e-08
1.64631e-21
-2.50304e-08
5.80257e-08
-1.76324e-37
-2.50304e-08
5.80257e-08
-2.50304e-08
5.80257e-08
0
6.5559e-08
-2.54581e-21
6.5559e-08
-1.2729e-21
6.5559e-08
-1.2729e-21
6.5559e-08
-2.54581e-21
6.5559e-08
-1.2729e-21
6.5559e-08
-1.2729e-21
6.5559e-08
-1.2729e-21
6.5559e-08
-1.2729e-21
6.5559e-08
-1.2729e-21
6.5559e-08
-2.54581e-21
6.5559e-08
6.5559e-08
2.07554e-21
-9.53421e-08
9.10464e-09
2.07554e-21
-9.53421e-08
9.10464e-09
2.07554e-21
-9.53421e-08
9.10464e-09
2.07554e-21
-9.53421e-08
9.10464e-09
2.07554e-21
-9.53421e-08
9.10464e-09
2.07554e-21
-9.53421e-08
9.10464e-09
2.07554e-21
-9.53421e-08
9.10464e-09
4.15107e-21
-9.53421e-08
9.10464e-09
2.07554e-21
-9.53421e-08
9.10464e-09
2.07554e-21
-9.53421e-08
9.10464e-09
-9.53421e-08
9.10464e-09
-8.22846e-37
-7.99557e-08
1.76285e-08
-8.22846e-37
-7.99557e-08
1.76285e-08
-8.22846e-37
-7.99557e-08
1.76285e-08
-1.90991e-21
-7.99557e-08
1.76285e-08
0
-7.99557e-08
1.76285e-08
-1.90991e-21
-7.99557e-08
1.76285e-08
-1.90991e-21
-7.99557e-08
1.76285e-08
1.90991e-21
-7.99557e-08
1.76285e-08
-1.90991e-21
-7.99557e-08
1.76285e-08
-1.90991e-21
-7.99557e-08
1.76285e-08
-7.99557e-08
1.76285e-08
1.64631e-21
-5.80257e-08
2.50304e-08
0
-5.80257e-08
2.50304e-08
0
-5.80257e-08
2.50304e-08
0
-5.80257e-08
2.50304e-08
5.87747e-38
-5.80257e-08
2.50304e-08
1.64631e-21
-5.80257e-08
2.50304e-08
1.64631e-21
-5.80257e-08
2.50304e-08
5.87747e-38
-5.80257e-08
2.50304e-08
1.64631e-21
-5.80257e-08
2.50304e-08
-1.64631e-21
-5.80257e-08
2.50304e-08
5.87747e-38
-5.80257e-08
2.50304e-08
-5.80257e-08
2.50304e-08
-1.30245e-21
-3.0845e-08
3.0845e-08
-2.60491e-21
-3.0845e-08
3.0845e-08
-2.60491e-21
-3.0845e-08
3.0845e-08
-1.30245e-21
-3.0845e-08
3.0845e-08
0
-3.0845e-08
3.0845e-08
0
-3.0845e-08
3.0845e-08
-1.30245e-21
-3.0845e-08
3.0845e-08
0
-3.0845e-08
3.0845e-08
2.64486e-37
-3.0845e-08
3.0845e-08
-1.30245e-21
-3.0845e-08
3.0845e-08
-1.30245e-21
-3.0845e-08
3.0845e-08
-3.0845e-08
3.0845e-08
0
3.4714e-08
0
3.4714e-08
0
3.4714e-08
9.01348e-22
3.4714e-08
9.01348e-22
3.4714e-08
4.70198e-37
3.4714e-08
0
3.4714e-08
0
3.4714e-08
9.01348e-22
3.4714e-08
9.01348e-22
3.4714e-08
0
3.4714e-08
3.4714e-08
-1.73624e-21
-1.08218e-07
-1.73624e-21
-1.08218e-07
1.73624e-21
-1.08218e-07
-1.73624e-21
-1.08218e-07
-1.73624e-21
-1.08218e-07
0
-1.08218e-07
1.52814e-36
-1.08218e-07
-1.73624e-21
-1.08218e-07
0
-1.08218e-07
0
-1.08218e-07
-1.08218e-07
0
-9.05895e-08
0
-9.05895e-08
1.55751e-21
-9.05895e-08
0
-9.05895e-08
0
-9.05895e-08
1.55751e-21
-9.05895e-08
1.55751e-21
-9.05895e-08
4.11423e-37
-9.05895e-08
1.55751e-21
-9.05895e-08
0
-9.05895e-08
-9.05895e-08
0
-6.5559e-08
-3.81871e-21
-6.5559e-08
-1.2729e-21
-6.5559e-08
-1.2729e-21
-6.5559e-08
-1.2729e-21
-6.5559e-08
-2.54581e-21
-6.5559e-08
-1.2729e-21
-6.5559e-08
-2.54581e-21
-6.5559e-08
-2.54581e-21
-6.5559e-08
-2.54581e-21
-6.5559e-08
-2.54581e-21
-6.5559e-08
-6.5559e-08
-9.01348e-22
-3.4714e-08
4.11423e-37
-3.4714e-08
9.01348e-22
-3.4714e-08
4.11423e-37
-3.4714e-08
-9.01348e-22
-3.4714e-08
-1.8027e-21
-3.4714e-08
-9.01348e-22
-3.4714e-08
9.01348e-22
-3.4714e-08
0
-3.4714e-08
0
-3.4714e-08
0
-3.4714e-08
-3.4714e-08
0
-4.67492e-22
0
0
4.67492e-22
6.31828e-37
-4.67492e-22
4.67492e-22
0
0
4.67492e-22
)
;

boundaryField
{
    inlet
    {
        type            calculated;
        value           nonuniform List<scalar> 0();
    }
    ami1
    {
        type            cyclicAMI;
        value           nonuniform List<scalar> 0();
    }
    walls
    {
        type            calculated;
        value           nonuniform List<scalar> 
259
(
1.84387e-14
2.43942e-14
2.90979e-14
-1.03113e-21
6.40674e-15
1.28555e-14
1.84387e-14
2.43942e-14
2.90979e-14
-1.03113e-21
6.40674e-15
1.28555e-14
1.84387e-14
2.43942e-14
2.90979e-14
-1.03113e-21
6.40674e-15
1.28555e-14
1.84387e-14
2.43942e-14
2.90979e-14
-5.00444e-22
6.40674e-15
1.28555e-14
1.84387e-14
2.43942e-14
2.90979e-14
-1.03217e-21
6.40674e-15
1.28555e-14
1.84387e-14
2.43942e-14
2.90979e-14
-1.03217e-21
6.40674e-15
1.28555e-14
1.84387e-14
2.43942e-14
2.90979e-14
-1.03217e-21
6.40674e-15
1.28555e-14
1.84387e-14
2.43942e-14
2.90979e-14
-1.03217e-21
6.40674e-15
1.28555e-14
1.84387e-14
2.43942e-14
2.90979e-14
-1.03217e-21
6.40674e-15
1.28555e-14
1.84387e-14
2.43942e-14
2.90979e-14
-1.03217e-21
6.40674e-15
1.28555e-14
1.84387e-14
2.43942e-14
2.90979e-14
-5.00444e-22
6.40674e-15
1.28555e-14
1.84387e-14
2.43942e-14
2.90979e-14
-2.90979e-14
-2.43942e-14
-1.84387e-14
-1.28555e-14
-6.40674e-15
-1.03113e-21
6.40674e-15
1.28555e-14
1.84387e-14
2.43942e-14
2.90979e-14
-2.90979e-14
-2.43942e-14
-1.84387e-14
-1.28555e-14
-6.40674e-15
-1.03113e-21
6.40674e-15
1.28555e-14
1.84387e-14
2.43942e-14
2.90979e-14
-2.90979e-14
-2.43942e-14
-1.84387e-14
-1.28555e-14
-6.40674e-15
-1.03113e-21
6.40674e-15
1.28555e-14
1.84387e-14
2.43942e-14
2.90979e-14
-2.90979e-14
-2.43942e-14
-1.84387e-14
-1.28555e-14
-6.40674e-15
-1.03113e-21
6.40674e-15
1.28555e-14
1.84387e-14
2.43942e-14
2.90979e-14
-2.90979e-14
-2.43942e-14
-1.84387e-14
-1.28555e-14
-6.40674e-15
-5.00444e-22
6.40674e-15
1.28555e-14
1.84387e-14
2.43942e-14
2.90979e-14
-2.90979e-14
-2.43942e-14
-1.84387e-14
-1.28555e-14
-6.40674e-15
-1.03217e-21
6.40674e-15
1.28555e-14
1.84387e-14
2.43942e-14
2.90979e-14
-2.90979e-14
-2.43942e-14
-1.84387e-14
-1.28555e-14
-6.40674e-15
-1.03217e-21
6.40674e-15
1.28555e-14
1.84387e-14
2.43942e-14
2.90979e-14
-2.90979e-14
-2.43942e-14
-1.84387e-14
-1.28555e-14
-6.40674e-15
-1.03217e-21
6.40674e-15
1.28555e-14
1.84387e-14
2.43942e-14
2.90979e-14
-2.90979e-14
-2.43942e-14
-1.84387e-14
-1.28555e-14
-6.40674e-15
-1.03217e-21
6.40674e-15
1.28555e-14
1.84387e-14
2.43942e-14
2.90979e-14
-2.90979e-14
-2.43942e-14
-1.84387e-14
-1.28555e-14
-6.40674e-15
-1.03217e-21
6.40674e-15
1.28555e-14
1.84387e-14
2.43942e-14
2.90979e-14
-2.90979e-14
-2.43942e-14
-1.84387e-14
-1.28555e-14
-6.40674e-15
-1.03217e-21
6.40674e-15
1.28555e-14
1.84387e-14
2.43942e-14
2.90979e-14
-2.90979e-14
-2.43942e-14
-1.84387e-14
-1.28555e-14
-6.40674e-15
-5.00444e-22
6.40674e-15
1.28555e-14
1.84387e-14
2.43942e-14
2.90979e-14
-1.84387e-14
-2.43942e-14
-2.90979e-14
-6.40674e-15
-1.28555e-14
-1.84387e-14
-2.43942e-14
-2.90979e-14
-6.40674e-15
-1.28555e-14
-1.84387e-14
-2.43942e-14
-2.90979e-14
-6.40674e-15
-1.28555e-14
-1.84387e-14
-2.43942e-14
-2.90979e-14
-6.40674e-15
-1.28555e-14
-1.84387e-14
-2.43942e-14
-2.90979e-14
-6.40674e-15
-1.28555e-14
-1.84387e-14
-2.43942e-14
-2.90979e-14
-6.40674e-15
-1.28555e-14
-1.84387e-14
-2.43942e-14
-2.90979e-14
-6.40674e-15
-1.28555e-14
-1.84387e-14
-2.43942e-14
-2.90979e-14
-6.40674e-15
-1.28555e-14
-1.84387e-14
-2.43942e-14
-2.90979e-14
-6.40674e-15
-1.28555e-14
-1.84387e-14
-2.43942e-14
-2.90979e-14
-6.40674e-15
-1.28555e-14
-1.84387e-14
-2.43942e-14
-2.90979e-14
-6.40674e-15
-1.28555e-14
-1.84387e-14
-2.43942e-14
-2.90979e-14
)
;
    }
    ami2
    {
        type            cyclicAMI;
        value           nonuniform List<scalar> 0();
    }
    outlet
    {
        type            calculated;
        value           nonuniform List<scalar> 0();
    }
    procBoundary9to0
    {
        type            processor;
        value           nonuniform List<scalar> 
40
(
1.79717e-21
1.73624e-21
0
-9.05895e-08
1.90935e-21
4.50674e-22
-3.14077e-37
0
0
-2.35099e-37
-7.99557e-08
0
1.30245e-21
-1.35202e-21
2.41995e-21
0
-2.21265e-21
-6.45823e-08
2.95016e-21
-2.93874e-38
-3.52648e-37
2.6412e-21
0
2.4451e-21
-4.53455e-08
8.81621e-38
0
7.78756e-22
-2.73232e-21
0
-2.33789e-08
2.36722e-21
0
-8.68119e-22
-8.3754e-37
0
5.93583e-22
0
0
-8.98584e-22
)
;
    }
    procBoundary9to1
    {
        type            processor;
        value           nonuniform List<scalar> 
30
(
2.73232e-21
2.59131e-21
2.33789e-08
4.99585e-37
0
8.68119e-22
0
0
4.53455e-08
-2.21265e-21
1.90991e-21
0
2.36722e-21
0
6.45823e-08
-8.81621e-38
8.81621e-38
1.52814e-36
-2.07554e-21
1.90991e-21
7.99557e-08
-8.23155e-22
0
4.50674e-22
0
1.55751e-21
9.05895e-08
-3.45301e-37
-1.35202e-21
2.33746e-22
)
;
    }
    procBoundary9to7
    {
        type            processor;
        value           nonuniform List<scalar> 
59
(
3.59434e-21
0
-1.55751e-21
-1.2729e-21
-4.70198e-37
-4.67492e-22
0
-2.07554e-21
2.93874e-37
-1.64631e-21
-2.35099e-37
4.55504e-37
-2.41995e-21
2.36722e-21
2.21265e-21
-1.96677e-21
0
1.2729e-21
2.6412e-21
-2.59131e-21
2.4451e-21
1.76324e-37
-1.90991e-21
-5.28972e-37
-5.46463e-21
-1.55753e-36
4.73445e-21
2.07554e-21
-1.35917e-36
-7.84907e-37
-2.6412e-21
-4.8399e-21
4.26403e-21
-1.48774e-36
2.73232e-21
-2.59131e-21
-9.69783e-37
2.07554e-21
5.20871e-21
-1.55753e-36
-2.4451e-21
-1.52814e-36
2.35099e-37
-2.02038e-36
4.73445e-21
1.76324e-37
1.96677e-21
0
0
2.07554e-21
-1.64569e-36
0
-1.30245e-21
-4.70198e-37
-1.52814e-36
-4.11423e-37
-1.2729e-21
9.01348e-22
0
)
;
    }
    procBoundary9to8
    {
        type            processor;
        value           nonuniform List<scalar> 
132
(
-1.17323e-07
-1.17323e-07
-1.17323e-07
-1.17323e-07
-1.17323e-07
-1.17323e-07
-1.17323e-07
-1.17323e-07
-1.17323e-07
-1.17323e-07
-1.17323e-07
-1.03272e-07
-1.03272e-07
-1.03272e-07
-1.03272e-07
-1.03272e-07
-1.03272e-07
-1.03272e-07
-1.03272e-07
-1.03272e-07
-1.03272e-07
-1.03272e-07
-8.32578e-08
-8.32578e-08
-8.32578e-08
-8.32578e-08
-8.32578e-08
-8.32578e-08
-8.32578e-08
-8.32578e-08
-8.32578e-08
-8.32578e-08
-8.32578e-08
-5.83852e-08
-5.83852e-08
-5.83852e-08
-5.83852e-08
-5.83852e-08
-5.83852e-08
-5.83852e-08
-5.83852e-08
-5.83852e-08
-5.83852e-08
-5.83852e-08
3.29984e-23
3.29984e-23
3.30872e-23
1.21056e-22
3.28287e-23
3.3168e-23
3.29984e-23
3.29984e-23
3.29984e-23
3.28287e-23
1.21751e-22
-3.00804e-08
-3.00804e-08
-3.00804e-08
-3.00804e-08
-3.00804e-08
-3.00804e-08
-3.00804e-08
-3.00804e-08
-3.00804e-08
-3.00804e-08
-3.00804e-08
1.62936e-22
1.62936e-22
1.62936e-22
4.92855e-23
1.62936e-22
1.62936e-22
1.62936e-22
1.62936e-22
1.62936e-22
1.62936e-22
4.91987e-23
3.00804e-08
3.00804e-08
3.00804e-08
3.00804e-08
3.00804e-08
3.00804e-08
3.00804e-08
3.00804e-08
3.00804e-08
3.00804e-08
3.00804e-08
5.83852e-08
5.83852e-08
5.83852e-08
5.83852e-08
5.83852e-08
5.83852e-08
5.83852e-08
5.83852e-08
5.83852e-08
5.83852e-08
5.83852e-08
8.32578e-08
8.32578e-08
8.32578e-08
8.32578e-08
8.32578e-08
8.32578e-08
8.32578e-08
8.32578e-08
8.32578e-08
8.32578e-08
8.32578e-08
1.03272e-07
1.03272e-07
1.03272e-07
1.03272e-07
1.03272e-07
1.03272e-07
1.03272e-07
1.03272e-07
1.03272e-07
1.03272e-07
1.03272e-07
1.17323e-07
1.17323e-07
1.17323e-07
1.17323e-07
1.17323e-07
1.17323e-07
1.17323e-07
1.17323e-07
1.17323e-07
1.17323e-07
1.17323e-07
)
;
    }
}


// ************************************************************************* //
