/*--------------------------------*- C++ -*----------------------------------*\
| =========                 |                                                 |
| \\      /  F ield         | OpenFOAM: The Open Source CFD Toolbox           |
|  \\    /   O peration     | Version:  2212                                  |
|   \\  /    A nd           | Website:  www.openfoam.com                      |
|    \\/     M anipulation  |                                                 |
\*---------------------------------------------------------------------------*/
FoamFile
{
    version     2.0;
    format      ascii;
    arch        "LSB;label=32;scalar=64";
    class       surfaceScalarField;
    location    "0.4";
    object      meshPhi;
}
// * * * * * * * * * * * * * * * * * * * * * * * * * * * * * * * * * * * * * //

dimensions      [0 3 -1 0 0 0 0];

oriented        oriented;

internalField   nonuniform List<scalar> 
1763
(
-1.40248e-21
3.4714e-08
-9.34984e-22
3.4714e-08
-3.4714e-08
-9.34984e-22
3.4714e-08
-3.4714e-08
-9.34984e-22
3.4714e-08
-3.4714e-08
-1.40248e-21
3.4714e-08
-3.4714e-08
3.4714e-08
-3.4714e-08
0
6.5559e-08
-3.0845e-08
0
6.5559e-08
-3.0845e-08
-9.01348e-22
6.5559e-08
-3.0845e-08
9.01348e-22
6.5559e-08
-3.0845e-08
9.01348e-22
6.5559e-08
-3.0845e-08
6.5559e-08
-3.0845e-08
0
0
9.05895e-08
-2.50304e-08
0
9.05895e-08
-2.50304e-08
2.54581e-21
9.05895e-08
-2.50304e-08
3.81871e-21
9.05895e-08
-2.50304e-08
9.05895e-08
-2.50304e-08
-1.55751e-21
1.08218e-07
-1.76285e-08
-1.55751e-21
1.08218e-07
-1.76285e-08
-1.55751e-21
1.08218e-07
-1.76285e-08
-1.55751e-21
1.08218e-07
-1.76285e-08
1.08218e-07
-1.76285e-08
-1.73624e-21
-9.10464e-09
-1.73624e-21
1.17323e-07
-9.10464e-09
0
1.17323e-07
-9.10464e-09
0
1.17323e-07
-9.10464e-09
1.17323e-07
-9.10464e-09
0
1.17323e-07
5.24226e-22
0
1.17323e-07
5.22578e-22
0
1.17323e-07
5.21124e-22
1.17323e-07
5.22578e-22
0
1.08218e-07
9.10464e-09
-3.47248e-21
1.08218e-07
9.10464e-09
-1.73624e-21
1.08218e-07
9.10464e-09
1.08218e-07
9.10464e-09
3.11502e-21
9.05895e-08
1.76285e-08
-3.11502e-21
9.05895e-08
1.76285e-08
0
9.05895e-08
1.76285e-08
9.05895e-08
1.76285e-08
2.54581e-21
6.5559e-08
2.50304e-08
0
6.5559e-08
2.50304e-08
-7.64071e-37
6.5559e-08
2.50304e-08
6.5559e-08
2.50304e-08
-1.8027e-21
3.4714e-08
-9.01348e-22
3.4714e-08
3.0845e-08
-9.01348e-22
3.4714e-08
3.0845e-08
-1.8027e-21
3.4714e-08
3.0845e-08
3.4714e-08
3.0845e-08
-4.67492e-22
3.4714e-08
-5.14279e-37
3.4714e-08
-5.14279e-37
3.4714e-08
-5.14279e-37
3.4714e-08
3.4714e-08
2.49793e-37
3.0845e-08
-9.01348e-22
3.0845e-08
-6.5559e-08
9.01348e-22
3.0845e-08
-6.5559e-08
0
3.0845e-08
-6.5559e-08
3.0845e-08
-6.5559e-08
1.30245e-21
1.30245e-21
5.80257e-08
-5.80257e-08
-1.30245e-21
5.80257e-08
-5.80257e-08
1.30245e-21
5.80257e-08
-5.80257e-08
-1.30245e-21
5.80257e-08
-5.80257e-08
5.80257e-08
-5.80257e-08
0
7.99557e-08
-4.69604e-08
-1.58692e-36
7.99557e-08
-4.69604e-08
1.64631e-21
7.99557e-08
-4.69604e-08
1.64631e-21
7.99557e-08
-4.69604e-08
7.99557e-08
-4.69604e-08
8.22846e-37
9.53421e-08
-3.30149e-08
-1.90991e-21
9.53421e-08
-3.30149e-08
-3.81982e-21
9.53421e-08
-3.30149e-08
8.22846e-37
9.53421e-08
-3.30149e-08
9.53421e-08
-3.30149e-08
4.15107e-21
1.03272e-07
-1.70341e-08
2.07554e-21
1.03272e-07
-1.70341e-08
2.07554e-21
1.03272e-07
-1.70341e-08
6.22661e-21
1.03272e-07
-1.70341e-08
1.03272e-07
-1.70341e-08
-2.13202e-21
1.03272e-07
-2.37136e-22
0
1.03272e-07
-2.37136e-22
-1.29304e-36
1.03272e-07
-2.37653e-22
0
1.03272e-07
4.18146e-22
1.03272e-07
-2.37039e-22
2.07554e-21
1.70341e-08
-2.07554e-21
9.53421e-08
1.70341e-08
2.07554e-21
9.53421e-08
1.70341e-08
-2.07554e-21
9.53421e-08
1.70341e-08
9.53421e-08
1.70341e-08
-1.90991e-21
7.99557e-08
3.30149e-08
3.81982e-21
7.99557e-08
3.30149e-08
0
7.99557e-08
3.30149e-08
7.99557e-08
3.30149e-08
0
5.80257e-08
4.69604e-08
-3.29262e-21
5.80257e-08
4.69604e-08
-1.64631e-21
5.80257e-08
4.69604e-08
5.80257e-08
4.69604e-08
-1.30245e-21
3.0845e-08
5.80257e-08
-1.30245e-21
3.0845e-08
5.80257e-08
-1.30245e-21
3.0845e-08
5.80257e-08
3.0845e-08
5.80257e-08
1.41059e-36
6.5559e-08
1.41059e-36
6.5559e-08
9.01348e-22
6.5559e-08
-1.8027e-21
6.5559e-08
6.5559e-08
8.52233e-37
2.50304e-08
-9.05895e-08
8.52233e-37
2.50304e-08
-9.05895e-08
1.2729e-21
2.50304e-08
-9.05895e-08
2.50304e-08
-9.05895e-08
-4.93893e-21
4.69604e-08
-1.64631e-21
4.69604e-08
-7.99557e-08
-3.29262e-21
4.69604e-08
-7.99557e-08
-3.29262e-21
4.69604e-08
-7.99557e-08
4.69604e-08
-7.99557e-08
0
6.45823e-08
-6.45823e-08
3.93354e-21
6.45823e-08
-6.45823e-08
0
6.45823e-08
-6.45823e-08
1.96677e-21
6.45823e-08
-6.45823e-08
6.45823e-08
-6.45823e-08
2.21265e-21
7.69129e-08
-4.53455e-08
2.21265e-21
7.69129e-08
-4.53455e-08
0
7.69129e-08
-4.53455e-08
2.21265e-21
7.69129e-08
-4.53455e-08
7.69129e-08
-4.53455e-08
-2.36722e-21
8.32578e-08
-2.33789e-08
-2.35099e-37
8.32578e-08
-2.33789e-08
-2.35099e-37
8.32578e-08
-2.33789e-08
0
8.32578e-08
-2.33789e-08
8.32578e-08
-2.33789e-08
3.52648e-37
8.32578e-08
1.32607e-22
2.41995e-21
8.32578e-08
1.33464e-22
3.52648e-37
8.32578e-08
1.33286e-22
3.52648e-37
8.32578e-08
1.32866e-22
8.32578e-08
1.33286e-22
2.36722e-21
7.69129e-08
2.33789e-08
2.36722e-21
7.69129e-08
2.33789e-08
8.81621e-37
7.69129e-08
2.33789e-08
2.36722e-21
7.69129e-08
2.33789e-08
7.69129e-08
2.33789e-08
2.21265e-21
6.45823e-08
4.53455e-08
1.41059e-36
6.45823e-08
4.53455e-08
-2.21265e-21
6.45823e-08
4.53455e-08
4.42529e-21
6.45823e-08
4.53455e-08
6.45823e-08
4.53455e-08
1.96677e-21
6.45823e-08
1.96677e-21
4.69604e-08
6.45823e-08
1.96677e-21
4.69604e-08
6.45823e-08
1.96677e-21
4.69604e-08
6.45823e-08
4.69604e-08
6.45823e-08
1.64631e-21
2.50304e-08
7.99557e-08
3.29262e-21
2.50304e-08
7.99557e-08
3.29262e-21
2.50304e-08
7.99557e-08
2.50304e-08
7.99557e-08
0
9.05895e-08
0
9.05895e-08
2.54581e-21
9.05895e-08
3.81871e-21
9.05895e-08
9.05895e-08
-1.55751e-21
1.76285e-08
-1.08218e-07
-1.55751e-21
1.76285e-08
-1.08218e-07
-1.55751e-21
1.76285e-08
-1.08218e-07
1.76285e-08
-1.08218e-07
-1.90991e-21
3.30149e-08
-9.53421e-08
1.90991e-21
3.30149e-08
-9.53421e-08
0
3.30149e-08
-9.53421e-08
3.30149e-08
-9.53421e-08
2.21265e-21
4.53455e-08
-7.69129e-08
4.42529e-21
4.53455e-08
-7.69129e-08
-2.21265e-21
4.53455e-08
-7.69129e-08
4.42529e-21
4.53455e-08
-7.69129e-08
4.53455e-08
-7.69129e-08
-2.4451e-21
5.3958e-08
-5.3958e-08
-4.8902e-21
5.3958e-08
-5.3958e-08
0
5.3958e-08
-5.3958e-08
-2.4451e-21
5.3958e-08
-5.3958e-08
5.3958e-08
-5.3958e-08
-5.28972e-37
5.83852e-08
-2.78061e-08
-5.28972e-37
5.83852e-08
-2.78061e-08
-5.28972e-37
5.83852e-08
-2.78061e-08
0
5.83852e-08
-2.78061e-08
5.83852e-08
-2.78061e-08
2.6412e-21
5.83852e-08
1.13818e-22
5.2824e-21
5.83852e-08
1.1339e-22
7.9236e-21
5.83852e-08
1.1356e-22
5.2824e-21
5.83852e-08
4.12209e-22
5.83852e-08
1.13648e-22
-1.99834e-36
2.78061e-08
-2.59131e-21
5.3958e-08
2.78061e-08
-2.59131e-21
5.3958e-08
2.78061e-08
-9.9917e-37
5.3958e-08
2.78061e-08
0
5.3958e-08
2.78061e-08
5.3958e-08
2.78061e-08
-7.3353e-21
4.53455e-08
5.3958e-08
-7.3353e-21
4.53455e-08
5.3958e-08
-7.3353e-21
4.53455e-08
5.3958e-08
-4.8902e-21
4.53455e-08
5.3958e-08
4.53455e-08
5.3958e-08
2.21265e-21
3.30149e-08
7.69129e-08
2.21265e-21
3.30149e-08
7.69129e-08
4.42529e-21
3.30149e-08
7.69129e-08
4.42529e-21
3.30149e-08
7.69129e-08
3.30149e-08
7.69129e-08
-3.81982e-21
1.76285e-08
9.53421e-08
-3.81982e-21
1.76285e-08
9.53421e-08
-5.72973e-21
1.76285e-08
9.53421e-08
-1.90991e-21
1.76285e-08
9.53421e-08
1.76285e-08
9.53421e-08
-4.67253e-21
1.08218e-07
-1.55751e-21
1.08218e-07
-3.11502e-21
1.08218e-07
-1.55751e-21
1.08218e-07
1.08218e-07
-1.73624e-21
9.10464e-09
-1.17323e-07
1.73624e-21
9.10464e-09
-1.17323e-07
-6.41471e-37
9.10464e-09
-1.17323e-07
1.73624e-21
9.10464e-09
-1.17323e-07
9.10464e-09
-1.17323e-07
0
1.70341e-08
-1.03272e-07
-2.07554e-21
1.70341e-08
-1.03272e-07
-2.07554e-21
1.70341e-08
-1.03272e-07
-2.07554e-21
1.70341e-08
-1.03272e-07
1.70341e-08
-1.03272e-07
2.36722e-21
2.33789e-08
-8.32578e-08
2.36722e-21
2.33789e-08
-8.32578e-08
-2.36722e-21
2.33789e-08
-8.32578e-08
4.73445e-21
2.33789e-08
-8.32578e-08
2.36722e-21
2.33789e-08
-8.32578e-08
2.33789e-08
-8.32578e-08
2.59131e-21
2.78061e-08
-5.83852e-08
2.59131e-21
2.78061e-08
-5.83852e-08
-2.59131e-21
2.78061e-08
-5.83852e-08
5.18262e-21
2.78061e-08
-5.83852e-08
1.01386e-36
2.78061e-08
-5.83852e-08
2.78061e-08
-5.83852e-08
-2.73232e-21
3.00804e-08
-3.00804e-08
2.73232e-21
3.00804e-08
-3.00804e-08
0
3.00804e-08
-3.00804e-08
0
3.00804e-08
-3.00804e-08
6.17135e-37
3.00804e-08
-3.00804e-08
3.00804e-08
-3.00804e-08
-8.3413e-21
3.00804e-08
7.56519e-23
-8.3413e-21
3.00804e-08
7.56519e-23
0
3.00804e-08
7.59972e-23
-1.11217e-20
3.00804e-08
7.58235e-23
-8.3413e-21
3.00804e-08
8.4786e-23
3.00804e-08
7.56519e-23
-6.02441e-37
2.78061e-08
3.00804e-08
2.73232e-21
2.78061e-08
3.00804e-08
-2.73232e-21
2.78061e-08
3.00804e-08
-6.02441e-37
2.78061e-08
3.00804e-08
0
2.78061e-08
3.00804e-08
2.78061e-08
3.00804e-08
2.59131e-21
2.33789e-08
5.83852e-08
5.18262e-21
2.33789e-08
5.83852e-08
5.18262e-21
2.33789e-08
5.83852e-08
7.77394e-21
2.33789e-08
5.83852e-08
5.5836e-37
2.33789e-08
5.83852e-08
2.33789e-08
5.83852e-08
-4.73445e-21
1.70341e-08
8.32578e-08
4.70198e-37
1.70341e-08
8.32578e-08
0
1.70341e-08
8.32578e-08
2.35099e-37
1.70341e-08
8.32578e-08
2.36722e-21
1.70341e-08
8.32578e-08
1.70341e-08
8.32578e-08
2.07554e-21
1.03272e-07
0
9.10464e-09
1.03272e-07
-2.07554e-21
9.10464e-09
1.03272e-07
-2.07554e-21
9.10464e-09
1.03272e-07
2.07554e-21
9.10464e-09
1.03272e-07
9.10464e-09
1.03272e-07
1.73624e-21
1.17323e-07
-8.44887e-37
1.17323e-07
1.73624e-21
1.17323e-07
1.73624e-21
1.17323e-07
1.17323e-07
-1.79717e-21
5.22675e-22
-1.17323e-07
0
5.24226e-22
-1.17323e-07
0
5.22675e-22
-1.17323e-07
-1.79717e-21
4.92948e-22
-1.17323e-07
5.22675e-22
-1.17323e-07
2.13202e-21
-2.37039e-22
-1.03272e-07
2.13202e-21
-2.37039e-22
-1.03272e-07
2.13202e-21
-2.37039e-22
-1.03272e-07
4.26403e-21
-6.15216e-23
-1.03272e-07
-2.37039e-22
-1.03272e-07
-4.8399e-21
1.50185e-22
-4.8399e-21
1.50443e-22
-8.32578e-08
4.8399e-21
1.49926e-22
-8.32578e-08
4.8399e-21
1.50702e-22
-8.32578e-08
-2.41995e-21
1.50443e-22
-8.32578e-08
-2.41995e-21
3.07091e-22
-8.32578e-08
1.50443e-22
-8.32578e-08
-3.29345e-37
1.1322e-22
-3.29345e-37
1.1322e-22
-5.83852e-08
-2.6412e-21
1.13737e-22
-5.83852e-08
-3.29345e-37
1.13737e-22
-5.83852e-08
-6.5869e-37
1.1322e-22
-5.83852e-08
5.2824e-21
1.97489e-22
-5.83852e-08
1.1322e-22
-5.83852e-08
-6.12198e-37
-6.12198e-37
3.36042e-23
-3.00804e-08
0
3.36042e-23
-3.00804e-08
-2.78043e-21
3.36042e-23
-3.00804e-08
-6.12198e-37
3.36042e-23
-3.00804e-08
-2.78043e-21
6.46235e-23
-3.00804e-08
3.36042e-23
-3.00804e-08
0
-7.23783e-23
-8.07349e-23
0
-7.23783e-23
-8.07349e-23
0
-7.28953e-23
-8.07349e-23
0
-7.28953e-23
-8.11671e-23
5.43666e-37
-5.01478e-23
-3.37759e-23
-7.23783e-23
-8.07349e-23
6.19603e-37
-1.96972e-22
3.00804e-08
-2.78043e-21
-1.96972e-22
3.00804e-08
0
-1.96972e-22
3.00804e-08
-8.3413e-21
-1.96972e-22
3.00804e-08
6.19603e-37
-1.13737e-22
3.00804e-08
-1.96972e-22
3.00804e-08
0
-1.16322e-22
5.83852e-08
5.2824e-21
-1.16322e-22
5.83852e-08
0
-1.16839e-22
5.83852e-08
-5.2824e-21
-1.16322e-22
5.83852e-08
3.26934e-37
2.30577e-22
5.83852e-08
-1.16322e-22
5.83852e-08
2.41995e-21
-8.6854e-23
8.32578e-08
3.19588e-37
-8.6854e-23
8.32578e-08
6.39175e-37
-8.6854e-23
8.32578e-08
4.8399e-21
-8.6854e-23
8.32578e-08
3.19588e-37
3.86707e-22
8.32578e-08
-8.71125e-23
8.32578e-08
6.39605e-21
-5.24226e-22
1.03272e-07
2.13202e-21
-5.22416e-22
1.03272e-07
6.39605e-21
-5.24226e-22
1.03272e-07
-1.30544e-36
-5.22416e-22
1.03272e-07
2.13202e-21
-2.22046e-22
1.03272e-07
-5.22416e-22
1.03272e-07
-1.79717e-21
1.17323e-07
-6.56394e-37
1.17323e-07
3.59434e-21
1.17323e-07
1.79717e-21
1.17323e-07
-1.79717e-21
1.17323e-07
1.17323e-07
-3.47248e-21
-9.10464e-09
-1.08218e-07
-3.47248e-21
-9.10464e-09
-1.08218e-07
-1.73624e-21
-9.10464e-09
-1.08218e-07
-1.73624e-21
-9.10464e-09
-1.08218e-07
0
-9.10464e-09
-1.08218e-07
-9.10464e-09
-1.08218e-07
0
-1.70341e-08
-9.53421e-08
2.07554e-21
-1.70341e-08
-9.53421e-08
-2.07554e-21
-1.70341e-08
-9.53421e-08
2.07554e-21
-1.70341e-08
-9.53421e-08
2.07554e-21
-1.70341e-08
-9.53421e-08
-1.70341e-08
-9.53421e-08
2.36722e-21
-2.33789e-08
-7.69129e-08
2.36722e-21
-2.33789e-08
-7.69129e-08
2.36722e-21
-2.33789e-08
-7.69129e-08
4.73445e-21
-2.33789e-08
-7.69129e-08
4.73445e-21
-2.33789e-08
-7.69129e-08
-2.33789e-08
-7.69129e-08
2.59131e-21
-2.78061e-08
-5.3958e-08
7.77394e-21
-2.78061e-08
-5.3958e-08
5.5836e-37
-2.78061e-08
-5.3958e-08
-2.59131e-21
-2.78061e-08
-5.3958e-08
2.59131e-21
-2.78061e-08
-5.3958e-08
-2.78061e-08
-5.3958e-08
-8.19695e-21
-3.00804e-08
-2.78061e-08
-5.46463e-21
-3.00804e-08
-2.78061e-08
-5.46463e-21
-3.00804e-08
-2.78061e-08
-2.73232e-21
-3.00804e-08
-2.78061e-08
0
-3.00804e-08
-2.78061e-08
-3.00804e-08
-2.78061e-08
2.78043e-21
-3.00804e-08
-1.13737e-22
2.78043e-21
-3.00804e-08
-1.13737e-22
2.78043e-21
-3.00804e-08
-1.1339e-22
5.56087e-21
-3.00804e-08
-1.1339e-22
2.78043e-21
-3.00804e-08
-1.48198e-22
-3.00804e-08
-1.1356e-22
-5.46463e-21
-2.78061e-08
2.78061e-08
-5.46463e-21
-2.78061e-08
2.78061e-08
0
-2.78061e-08
2.78061e-08
-2.73232e-21
-2.78061e-08
2.78061e-08
0
-2.78061e-08
2.78061e-08
-2.78061e-08
2.78061e-08
-2.05712e-36
-2.33789e-08
5.3958e-08
-2.59131e-21
-2.33789e-08
5.3958e-08
-2.59131e-21
-2.33789e-08
5.3958e-08
-1.02856e-36
-2.33789e-08
5.3958e-08
-5.18262e-21
-2.33789e-08
5.3958e-08
-2.33789e-08
5.3958e-08
9.46889e-21
-1.70341e-08
7.69129e-08
4.73445e-21
-1.70341e-08
7.69129e-08
4.73445e-21
-1.70341e-08
7.69129e-08
2.36722e-21
-1.70341e-08
7.69129e-08
4.73445e-21
-1.70341e-08
7.69129e-08
-1.70341e-08
7.69129e-08
6.22661e-21
-9.10464e-09
9.53421e-08
6.22661e-21
-9.10464e-09
9.53421e-08
2.07554e-21
-9.10464e-09
9.53421e-08
2.07554e-21
-9.10464e-09
9.53421e-08
2.07554e-21
-9.10464e-09
9.53421e-08
-9.10464e-09
9.53421e-08
1.73624e-21
1.08218e-07
-6.17135e-37
1.08218e-07
1.73624e-21
1.08218e-07
-1.73624e-21
1.08218e-07
1.73624e-21
1.08218e-07
1.08218e-07
3.11502e-21
-1.76285e-08
-9.05895e-08
1.55751e-21
-1.76285e-08
-9.05895e-08
5.68003e-37
-1.76285e-08
-9.05895e-08
1.55751e-21
-1.76285e-08
-9.05895e-08
1.55751e-21
-1.76285e-08
-9.05895e-08
-1.76285e-08
-9.05895e-08
-1.90991e-21
-3.30149e-08
-7.99557e-08
-7.63965e-21
-3.30149e-08
-7.99557e-08
-3.81982e-21
-3.30149e-08
-7.99557e-08
-3.81982e-21
-3.30149e-08
-7.99557e-08
-1.90991e-21
-3.30149e-08
-7.99557e-08
-3.30149e-08
-7.99557e-08
2.21265e-21
-4.53455e-08
-6.45823e-08
2.21265e-21
-4.53455e-08
-6.45823e-08
2.21265e-21
-4.53455e-08
-6.45823e-08
0
-4.53455e-08
-6.45823e-08
2.21265e-21
-4.53455e-08
-6.45823e-08
-4.53455e-08
-6.45823e-08
2.4451e-21
-5.3958e-08
-4.53455e-08
-2.4451e-21
-5.3958e-08
-4.53455e-08
2.4451e-21
-5.3958e-08
-4.53455e-08
-2.4451e-21
-5.3958e-08
-4.53455e-08
-4.8902e-21
-5.3958e-08
-4.53455e-08
-5.3958e-08
-4.53455e-08
-1.93957e-36
-5.83852e-08
-2.33789e-08
-2.59131e-21
-5.83852e-08
-2.33789e-08
-1.93957e-36
-5.83852e-08
-2.33789e-08
-9.69783e-37
-5.83852e-08
-2.33789e-08
0
-5.83852e-08
-2.33789e-08
-5.83852e-08
-2.33789e-08
0
-5.83852e-08
-1.16064e-22
3.52648e-37
-5.83852e-08
-1.16403e-22
-2.6412e-21
-5.83852e-08
-1.16662e-22
-5.2824e-21
-5.83852e-08
-1.16064e-22
3.52648e-37
-5.83852e-08
2.45569e-23
-5.83852e-08
-1.16064e-22
4.99585e-37
-5.3958e-08
2.33789e-08
5.18262e-21
-5.3958e-08
2.33789e-08
7.77394e-21
-5.3958e-08
2.33789e-08
2.59131e-21
-5.3958e-08
2.33789e-08
2.59131e-21
-5.3958e-08
2.33789e-08
-5.3958e-08
2.33789e-08
2.4451e-21
-4.53455e-08
4.53455e-08
-7.3353e-21
-4.53455e-08
4.53455e-08
-7.3353e-21
-4.53455e-08
4.53455e-08
-7.3353e-21
-4.53455e-08
4.53455e-08
-4.8902e-21
-4.53455e-08
4.53455e-08
-4.53455e-08
4.53455e-08
2.21265e-21
-3.30149e-08
6.45823e-08
-4.42529e-21
-3.30149e-08
6.45823e-08
2.21265e-21
-3.30149e-08
6.45823e-08
-4.42529e-21
-3.30149e-08
6.45823e-08
-7.93459e-37
-3.30149e-08
6.45823e-08
-3.30149e-08
6.45823e-08
0
-1.76285e-08
7.99557e-08
1.90991e-21
-1.76285e-08
7.99557e-08
-1.90991e-21
-1.76285e-08
7.99557e-08
1.90991e-21
-1.76285e-08
7.99557e-08
-3.81982e-21
-1.76285e-08
7.99557e-08
-1.76285e-08
7.99557e-08
0
9.05895e-08
-3.11502e-21
9.05895e-08
-3.11502e-21
9.05895e-08
-3.11502e-21
9.05895e-08
-3.11502e-21
9.05895e-08
9.05895e-08
0
-2.50304e-08
-6.5559e-08
-1.2729e-21
-2.50304e-08
-6.5559e-08
-1.33896e-36
-2.50304e-08
-6.5559e-08
-1.2729e-21
-2.50304e-08
-6.5559e-08
1.33896e-36
-2.50304e-08
-6.5559e-08
-2.50304e-08
-6.5559e-08
-1.64631e-21
-4.69604e-08
-5.80257e-08
-1.64631e-21
-4.69604e-08
-5.80257e-08
-1.64631e-21
-4.69604e-08
-5.80257e-08
1.64631e-21
-4.69604e-08
-5.80257e-08
1.64631e-21
-4.69604e-08
-5.80257e-08
-4.69604e-08
-5.80257e-08
1.96677e-21
-6.45823e-08
-4.69604e-08
0
-6.45823e-08
-4.69604e-08
0
-6.45823e-08
-4.69604e-08
3.93354e-21
-6.45823e-08
-4.69604e-08
1.96677e-21
-6.45823e-08
-4.69604e-08
-6.45823e-08
-4.69604e-08
4.42529e-21
-7.69129e-08
-3.30149e-08
7.34684e-37
-7.69129e-08
-3.30149e-08
2.21265e-21
-7.69129e-08
-3.30149e-08
8.85059e-21
-7.69129e-08
-3.30149e-08
4.42529e-21
-7.69129e-08
-3.30149e-08
-7.69129e-08
-3.30149e-08
2.36722e-21
-8.32578e-08
-1.70341e-08
2.36722e-21
-8.32578e-08
-1.70341e-08
2.36722e-21
-8.32578e-08
-1.70341e-08
-8.81621e-37
-8.32578e-08
-1.70341e-08
4.73445e-21
-8.32578e-08
-1.70341e-08
-8.32578e-08
-1.70341e-08
2.93874e-37
-8.32578e-08
2.09041e-22
2.93874e-37
-8.32578e-08
2.09219e-22
2.41995e-21
-8.32578e-08
2.09219e-22
2.93874e-37
-8.32578e-08
2.0896e-22
2.93874e-37
-8.32578e-08
-2.37459e-22
-8.32578e-08
2.09639e-22
2.36722e-21
-7.69129e-08
1.70341e-08
2.36722e-21
-7.69129e-08
1.70341e-08
-2.36722e-21
-7.69129e-08
1.70341e-08
4.73445e-21
-7.69129e-08
1.70341e-08
2.36722e-21
-7.69129e-08
1.70341e-08
-7.69129e-08
1.70341e-08
1.38121e-36
-6.45823e-08
3.30149e-08
-2.21265e-21
-6.45823e-08
3.30149e-08
-2.21265e-21
-6.45823e-08
3.30149e-08
-2.21265e-21
-6.45823e-08
3.30149e-08
2.21265e-21
-6.45823e-08
3.30149e-08
-6.45823e-08
3.30149e-08
1.96677e-21
-4.69604e-08
4.69604e-08
3.93354e-21
-4.69604e-08
4.69604e-08
0
-4.69604e-08
4.69604e-08
3.93354e-21
-4.69604e-08
4.69604e-08
5.90031e-21
-4.69604e-08
4.69604e-08
-4.69604e-08
4.69604e-08
-1.64631e-21
-2.50304e-08
5.80257e-08
-3.29262e-21
-2.50304e-08
5.80257e-08
0
-2.50304e-08
5.80257e-08
-3.29262e-21
-2.50304e-08
5.80257e-08
0
-2.50304e-08
5.80257e-08
-2.50304e-08
5.80257e-08
8.22846e-37
6.5559e-08
8.22846e-37
6.5559e-08
-1.2729e-21
6.5559e-08
-1.2729e-21
6.5559e-08
-1.2729e-21
6.5559e-08
6.5559e-08
0
-3.0845e-08
-3.4714e-08
0
-3.0845e-08
-3.4714e-08
-9.01348e-22
-3.0845e-08
-3.4714e-08
9.01348e-22
-3.0845e-08
-3.4714e-08
-9.01348e-22
-3.0845e-08
-3.4714e-08
-3.0845e-08
-3.4714e-08
1.30245e-21
-5.80257e-08
-3.0845e-08
-1.30245e-21
-5.80257e-08
-3.0845e-08
-1.30245e-21
-5.80257e-08
-3.0845e-08
2.60491e-21
-5.80257e-08
-3.0845e-08
0
-5.80257e-08
-3.0845e-08
-5.80257e-08
-3.0845e-08
-1.64631e-21
-7.99557e-08
-2.50304e-08
-3.29262e-21
-7.99557e-08
-2.50304e-08
0
-7.99557e-08
-2.50304e-08
-5.5836e-37
-7.99557e-08
-2.50304e-08
-1.64631e-21
-7.99557e-08
-2.50304e-08
-7.99557e-08
-2.50304e-08
-1.90991e-21
-9.53421e-08
-1.76285e-08
0
-9.53421e-08
-1.76285e-08
4.11423e-37
-9.53421e-08
-1.76285e-08
4.11423e-37
-9.53421e-08
-1.76285e-08
-1.90991e-21
-9.53421e-08
-1.76285e-08
-9.53421e-08
-1.76285e-08
6.22661e-21
-1.03272e-07
-9.10464e-09
4.15107e-21
-1.03272e-07
-9.10464e-09
0
-1.03272e-07
-9.10464e-09
2.07554e-21
-1.03272e-07
-9.10464e-09
-2.07554e-21
-1.03272e-07
-9.10464e-09
-1.03272e-07
-9.10464e-09
2.13202e-21
-1.03272e-07
-5.24226e-22
2.13202e-21
-1.03272e-07
-5.22578e-22
2.13202e-21
-1.03272e-07
-5.22319e-22
4.26403e-21
-1.03272e-07
-5.22416e-22
2.13202e-21
-1.03272e-07
-6.5777e-22
-1.03272e-07
-5.22416e-22
-2.07554e-21
-9.53421e-08
9.10464e-09
-2.07554e-21
-9.53421e-08
9.10464e-09
-4.15107e-21
-9.53421e-08
9.10464e-09
-4.15107e-21
-9.53421e-08
9.10464e-09
1.11672e-36
-9.53421e-08
9.10464e-09
-9.53421e-08
9.10464e-09
-1.90991e-21
-7.99557e-08
1.76285e-08
-5.72973e-21
-7.99557e-08
1.76285e-08
-5.72973e-21
-7.99557e-08
1.76285e-08
-1.90991e-21
-7.99557e-08
1.76285e-08
0
-7.99557e-08
1.76285e-08
-7.99557e-08
1.76285e-08
0
-5.80257e-08
2.50304e-08
-1.64631e-21
-5.80257e-08
2.50304e-08
-1.64631e-21
-5.80257e-08
2.50304e-08
0
-5.80257e-08
2.50304e-08
0
-5.80257e-08
2.50304e-08
-5.80257e-08
2.50304e-08
1.14611e-36
-3.0845e-08
3.0845e-08
-1.30245e-21
-3.0845e-08
3.0845e-08
-2.60491e-21
-3.0845e-08
3.0845e-08
-2.60491e-21
-3.0845e-08
3.0845e-08
-1.30245e-21
-3.0845e-08
3.0845e-08
-3.0845e-08
3.0845e-08
0
3.4714e-08
2.64486e-37
3.4714e-08
2.64486e-37
3.4714e-08
9.01348e-22
3.4714e-08
-9.01348e-22
3.4714e-08
3.4714e-08
-5.12442e-37
-3.4714e-08
0
-3.4714e-08
9.34984e-22
-3.4714e-08
-5.12442e-37
-3.4714e-08
-9.34984e-22
-3.4714e-08
-3.4714e-08
-2.70404e-21
-6.5559e-08
-1.8027e-21
-6.5559e-08
-9.01348e-22
-6.5559e-08
-9.01348e-22
-6.5559e-08
-1.8027e-21
-6.5559e-08
-6.5559e-08
1.2729e-21
-7.64071e-37
-9.05895e-08
1.2729e-21
-9.05895e-08
-7.64071e-37
-9.05895e-08
1.2729e-21
-9.05895e-08
0
-9.05895e-08
-7.64071e-37
-9.05895e-08
-9.05895e-08
-1.55751e-21
-1.08218e-07
-1.55751e-21
-1.08218e-07
-3.11502e-21
-1.08218e-07
-3.11502e-21
-1.08218e-07
-1.55751e-21
-1.08218e-07
8.81621e-37
-1.08218e-07
-1.08218e-07
-3.47248e-21
-1.73624e-21
-1.17323e-07
-3.47248e-21
-1.17323e-07
-1.73624e-21
-1.17323e-07
-3.47248e-21
-1.17323e-07
0
-1.17323e-07
-1.17323e-07
-1.79717e-21
-1.17323e-07
1.79717e-21
-1.17323e-07
1.79717e-21
-1.17323e-07
0
-1.17323e-07
0
-1.17323e-07
-1.17323e-07
-3.47248e-21
-1.08218e-07
-3.47248e-21
-1.08218e-07
-3.47248e-21
-1.08218e-07
-1.73624e-21
-1.08218e-07
-1.73624e-21
-1.08218e-07
-1.08218e-07
1.55751e-21
-9.05895e-08
1.55751e-21
-9.05895e-08
-1.55751e-21
-9.05895e-08
3.11502e-21
-9.05895e-08
0
-9.05895e-08
-9.05895e-08
0
-6.5559e-08
3.81871e-21
-6.5559e-08
2.54581e-21
-6.5559e-08
3.81871e-21
-6.5559e-08
2.54581e-21
-6.5559e-08
-6.5559e-08
0
-3.4714e-08
0
-3.4714e-08
-9.01348e-22
-3.4714e-08
-9.01348e-22
-3.4714e-08
0
-3.4714e-08
-3.4714e-08
-5.14279e-37
-5.14279e-37
4.67492e-22
-4.67492e-22
-4.67492e-22
)
;

boundaryField
{
    inlet
    {
        type            calculated;
        value           nonuniform List<scalar> 0();
    }
    ami1
    {
        type            cyclicAMI;
        value           nonuniform List<scalar> 0();
    }
    walls
    {
        type            calculated;
        value           nonuniform List<scalar> 
244
(
-2.90979e-14
-2.43942e-14
-1.84387e-14
-2.90979e-14
-2.43942e-14
-1.84387e-14
-1.28555e-14
-6.40674e-15
2.43942e-14
2.90979e-14
-2.90979e-14
-2.43942e-14
-1.84387e-14
-1.28555e-14
-6.40674e-15
-5.25518e-22
6.40674e-15
1.28555e-14
1.84387e-14
2.43942e-14
2.90979e-14
-2.90979e-14
-2.43942e-14
-1.84387e-14
-1.28555e-14
-6.40674e-15
-5.25518e-22
6.40674e-15
1.28555e-14
1.84387e-14
2.43942e-14
2.90979e-14
-2.90979e-14
-2.43942e-14
-1.84387e-14
-1.28555e-14
-6.40674e-15
-7.42136e-22
6.40674e-15
1.28555e-14
1.84387e-14
2.43942e-14
2.90979e-14
-2.90979e-14
-2.43942e-14
-1.84387e-14
-1.28555e-14
-6.40674e-15
-5.26811e-22
6.40674e-15
1.28555e-14
1.84387e-14
2.43942e-14
2.90979e-14
-5.2526e-22
6.40674e-15
1.28555e-14
1.84387e-14
2.43942e-14
2.90979e-14
-2.90979e-14
-2.43942e-14
-1.84387e-14
-1.28555e-14
-6.40674e-15
-5.2526e-22
6.40674e-15
1.28555e-14
1.84387e-14
2.43942e-14
2.90979e-14
-2.90979e-14
-2.43942e-14
-1.84387e-14
-1.28555e-14
-6.40674e-15
-5.25518e-22
6.40674e-15
1.28555e-14
1.84387e-14
2.43942e-14
2.90979e-14
-2.90979e-14
-2.43942e-14
-1.84387e-14
-1.28555e-14
-6.40674e-15
-5.25518e-22
6.40674e-15
1.28555e-14
1.84387e-14
2.43942e-14
2.90979e-14
-2.90979e-14
-2.43942e-14
-1.84387e-14
-1.28555e-14
-6.40674e-15
-7.42136e-22
6.40674e-15
1.28555e-14
1.84387e-14
2.43942e-14
2.90979e-14
-2.90979e-14
-2.43942e-14
-1.84387e-14
-1.28555e-14
-6.40674e-15
-5.26811e-22
6.40674e-15
1.28555e-14
1.84387e-14
2.43942e-14
2.90979e-14
1.84387e-14
1.84387e-14
1.28555e-14
6.40674e-15
2.90979e-14
2.43942e-14
1.84387e-14
1.28555e-14
6.40674e-15
-5.2534e-22
-6.40674e-15
-1.28555e-14
-1.84387e-14
-2.43942e-14
-2.90979e-14
2.90979e-14
2.43942e-14
1.84387e-14
1.28555e-14
6.40674e-15
-5.2534e-22
-6.40674e-15
-1.28555e-14
-1.84387e-14
-2.43942e-14
-2.90979e-14
2.90979e-14
2.43942e-14
1.84387e-14
1.28555e-14
6.40674e-15
-5.24306e-22
-6.40674e-15
-1.28555e-14
-1.84387e-14
-2.43942e-14
-2.90979e-14
2.90979e-14
2.43942e-14
1.84387e-14
1.28555e-14
6.40674e-15
-5.25518e-22
-6.40674e-15
-1.28555e-14
-1.84387e-14
-2.43942e-14
-2.90979e-14
2.90979e-14
2.43942e-14
1.84387e-14
1.28555e-14
6.40674e-15
-7.68583e-22
-6.40674e-15
-1.28555e-14
-1.84387e-14
-2.43942e-14
-2.90979e-14
2.90979e-14
2.43942e-14
1.84387e-14
1.28555e-14
6.40674e-15
-5.26811e-22
-6.40674e-15
-1.28555e-14
-1.84387e-14
-2.43942e-14
-2.90979e-14
2.90979e-14
-6.40674e-15
-1.28555e-14
-1.84387e-14
-2.43942e-14
-2.90979e-14
2.90979e-14
2.43942e-14
6.40674e-15
-5.2534e-22
-6.40674e-15
-1.28555e-14
-1.84387e-14
-2.43942e-14
-2.90979e-14
2.90979e-14
2.43942e-14
1.84387e-14
1.28555e-14
6.40674e-15
-5.24306e-22
-6.40674e-15
-1.28555e-14
-1.84387e-14
-2.43942e-14
-2.90979e-14
2.90979e-14
2.43942e-14
1.84387e-14
1.28555e-14
6.40674e-15
-5.25518e-22
-6.40674e-15
-1.28555e-14
-1.84387e-14
-2.43942e-14
-2.90979e-14
2.90979e-14
2.43942e-14
1.84387e-14
1.28555e-14
6.40674e-15
-7.68583e-22
-6.40674e-15
-1.28555e-14
-1.84387e-14
-2.43942e-14
-2.90979e-14
2.90979e-14
2.43942e-14
1.84387e-14
1.28555e-14
6.40674e-15
-5.26811e-22
-6.40674e-15
-1.28555e-14
-1.84387e-14
-2.43942e-14
-2.90979e-14
)
;
    }
    ami2
    {
        type            cyclicAMI;
        value           nonuniform List<scalar> 0();
    }
    outlet
    {
        type            calculated;
        value           nonuniform List<scalar> 
121
(
-9.34984e-22
0
-1.2729e-21
-1.55751e-21
-3.47248e-21
-1.79717e-21
5.28972e-37
0
2.54581e-21
-2.64486e-37
4.67492e-22
2.49793e-37
2.60491e-21
-1.64631e-21
-3.81982e-21
4.15107e-21
-2.13202e-21
4.15107e-21
1.90991e-21
5.87747e-37
-1.08733e-36
0
2.54581e-21
-1.64631e-21
3.93354e-21
-2.21265e-21
-2.36722e-21
2.41995e-21
0
-4.42529e-21
7.86708e-21
4.93893e-21
-1.2729e-21
-1.55751e-21
1.90991e-21
0
-7.3353e-21
-2.59131e-21
0
0
-2.4451e-21
4.42529e-21
-1.90991e-21
-1.55751e-21
1.73624e-21
0
0
-2.59131e-21
8.19695e-21
-5.56087e-21
0
5.5836e-37
4.70198e-37
2.07554e-21
-8.44887e-37
1.79717e-21
6.39605e-21
-4.8399e-21
2.6412e-21
0
5.43666e-37
-2.78043e-21
-5.2824e-21
3.19588e-37
6.39605e-21
1.79717e-21
-5.20871e-21
2.07554e-21
0
2.59131e-21
-2.73232e-21
6.31828e-37
0
-5.18262e-21
2.36722e-21
2.07554e-21
3.47248e-21
1.55751e-21
-1.90991e-21
0
2.4451e-21
-1.93957e-36
7.05297e-37
2.59131e-21
-4.8902e-21
-2.21265e-21
0
-1.55751e-21
-2.54581e-21
-1.64631e-21
1.38121e-36
4.42529e-21
0
2.93874e-37
4.73445e-21
-4.42529e-21
3.93354e-21
1.64631e-21
8.22846e-37
-9.01348e-22
1.30245e-21
-4.93893e-21
0
2.07554e-21
2.13202e-21
-2.07554e-21
-3.81982e-21
-4.93893e-21
-1.30245e-21
2.64486e-37
-5.12442e-37
-9.01348e-22
-7.64071e-37
-1.55751e-21
-3.47248e-21
-1.79717e-21
-5.20871e-21
1.55751e-21
1.2729e-21
1.41059e-36
4.67492e-22
)
;
    }
    procBoundary6to5
    {
        type            processor;
        value           nonuniform List<scalar> 
177
(
9.84477e-37
-3.4714e-08
1.8027e-21
0
9.05895e-08
-2.50304e-08
-3.11502e-21
3.47248e-21
1.17323e-07
-1.79717e-21
-5.22416e-22
0
-9.10464e-09
0
2.54581e-21
-6.5559e-08
1.8027e-21
3.0845e-08
4.67492e-22
9.01348e-22
-3.0845e-08
-6.5559e-08
-1.30245e-21
5.80257e-08
-5.80257e-08
1.64631e-21
1.90991e-21
-2.07554e-21
4.26403e-21
-6.22661e-21
9.53421e-08
0
-3.30149e-08
5.43666e-37
-4.69604e-08
2.60491e-21
-3.0845e-08
0
2.54581e-21
-2.50304e-08
3.29262e-21
-7.99557e-08
-1.96677e-21
2.21265e-21
-4.73445e-21
4.8399e-21
-2.36722e-21
-2.33789e-08
-6.63794e-21
-1.96677e-21
4.69604e-08
3.29262e-21
-2.50304e-08
-7.99557e-08
1.2729e-21
3.11502e-21
1.08218e-07
0
-3.30149e-08
9.53421e-08
-8.22846e-37
7.69129e-08
-2.4451e-21
5.3958e-08
-2.59131e-21
2.78061e-08
3.29345e-37
-5.83852e-08
-1.96972e-22
-2.59131e-21
5.3958e-08
4.8902e-21
-5.3958e-08
-2.21265e-21
-7.69129e-08
-8.81621e-37
-9.53421e-08
4.67253e-21
-1.73624e-21
-2.07554e-21
-1.70341e-08
0
8.32578e-08
2.59131e-21
5.83852e-08
-5.46463e-21
3.00804e-08
2.78043e-21
2.73232e-21
-2.59131e-21
-4.73445e-21
-6.22661e-21
9.10464e-09
1.73624e-21
-1.17323e-07
1.79717e-21
1.17323e-07
2.0896e-22
-4.26403e-21
2.09041e-22
1.03272e-07
-2.41995e-21
-8.32578e-08
2.6412e-21
-5.83852e-08
-2.78043e-21
3.36042e-23
-3.00804e-08
0
5.56087e-21
0
4.8399e-21
-4.26403e-21
3.59434e-21
-1.73624e-21
-2.07554e-21
-2.36722e-21
-2.59131e-21
6.17135e-37
5.56087e-21
-2.73232e-21
-2.59131e-21
-4.73445e-21
0
-1.73624e-21
1.55751e-21
1.90991e-21
0
2.4451e-21
-7.77394e-21
2.6412e-21
2.59131e-21
4.8902e-21
-4.42529e-21
0
-1.55751e-21
1.2729e-21
1.64631e-21
-3.93354e-21
0
-9.46889e-21
4.8399e-21
-4.73445e-21
0
-1.96677e-21
1.64631e-21
-1.2729e-21
1.8027e-21
1.30245e-21
2.50304e-08
1.64631e-21
2.50304e-08
0
1.76285e-08
-2.07554e-21
9.10464e-09
1.31508e-36
-4.15107e-21
-1.90991e-21
-3.29262e-21
-1.30245e-21
-2.35099e-37
4.84891e-37
6.5559e-08
0
6.5559e-08
2.54581e-21
-9.05895e-08
0
-1.73624e-21
-1.17323e-07
1.79717e-21
-1.73624e-21
3.11502e-21
0
9.01348e-22
4.67492e-22
)
;
    }
}


// ************************************************************************* //
