/*--------------------------------*- C++ -*----------------------------------*\
| =========                 |                                                 |
| \\      /  F ield         | OpenFOAM: The Open Source CFD Toolbox           |
|  \\    /   O peration     | Version:  2212                                  |
|   \\  /    A nd           | Website:  www.openfoam.com                      |
|    \\/     M anipulation  |                                                 |
\*---------------------------------------------------------------------------*/
FoamFile
{
    version     2.0;
    format      ascii;
    arch        "LSB;label=32;scalar=64";
    class       surfaceVectorField;
    location    "2.6";
    object      Uf;
}
// * * * * * * * * * * * * * * * * * * * * * * * * * * * * * * * * * * * * * //

dimensions      [0 1 -1 0 0 0 0];

internalField   nonuniform List<vector> 
1826
(
(0.0242553 -3.46849e-05 1.15329e-05)
(0.0309952 -0.000102252 -3.32937e-05)
(0.029921 -2.57139e-05 4.03888e-05)
(0.024012 -3.34478e-05 1.19041e-05)
(0.0307007 -9.83335e-05 -3.03579e-05)
(0.0296393 -2.66669e-05 3.73275e-05)
(0.0237761 -3.23512e-05 1.34656e-05)
(0.0304115 -9.65551e-05 -2.62266e-05)
(0.0293653 -2.51098e-05 3.73831e-05)
(0.0235437 -3.16835e-05 1.50864e-05)
(0.0301244 -9.66244e-05 -2.24303e-05)
(0.029095 -2.40166e-05 3.85727e-05)
(0.0233153 -3.10263e-05 1.60665e-05)
(0.0298462 -9.62694e-05 -1.94341e-05)
(0.0288355 -2.29942e-05 3.95928e-05)
(0.0295653 -9.49465e-05 -1.76013e-05)
(0.028573 -2.26149e-05 3.94715e-05)
(0.0407419 -0.00017771 -9.67234e-05)
(0.0479981 -0.000242366 -0.000230924)
(0.0542694 -0.000196326 -4.81252e-05)
(0.0403739 -0.000174628 -8.84615e-05)
(0.0475671 -0.000236128 -0.000215431)
(0.053881 -0.000195043 -4.752e-05)
(0.0400115 -0.000173931 -8.08912e-05)
(0.0471378 -0.000233101 -0.000202749)
(0.0534939 -0.000191475 -4.38647e-05)
(0.0396512 -0.000173925 -7.48256e-05)
(0.0467122 -0.000232042 -0.000192293)
(0.0531041 -0.000191064 -4.08697e-05)
(0.0392962 -0.000172039 -7.02525e-05)
(0.0463002 -0.000229611 -0.00018398)
(0.0527312 -0.000188912 -3.7972e-05)
(0.0458849 -0.000223872 -0.000177481)
(0.0523484 -0.000187256 -3.6212e-05)
(0.0565484 -0.000300838 -0.000382656)
(0.0612945 -0.00039763 -0.000555509)
(0.0726943 -0.000388581 -0.000381982)
(0.0560366 -0.000294747 -0.000361251)
(0.0607279 -0.000390963 -0.000533188)
(0.0723175 -0.000382296 -0.00036847)
(0.0555337 -0.000292455 -0.000344507)
(0.0601602 -0.000388701 -0.000514702)
(0.0719372 -0.000375541 -0.000355198)
(0.0550389 -0.000289509 -0.000330859)
(0.0596088 -0.000384217 -0.00049889)
(0.0715571 -0.000373247 -0.000344802)
(0.0545532 -0.000284648 -0.000319657)
(0.0590649 -0.00037852 -0.000485023)
(0.0711798 -0.000368804 -0.000335422)
(0.0585295 -0.000372098 -0.000472556)
(0.0708 -0.000362588 -0.000327018)
(0.0660913 -0.000511125 -0.000725529)
(0.068918 -0.00054187 -0.000820131)
(0.0822676 -0.000552529 -0.000716097)
(0.065458 -0.000504712 -0.000707297)
(0.0682594 -0.000530774 -0.000804827)
(0.0818757 -0.000546889 -0.000701542)
(0.0648378 -0.000498589 -0.000690099)
(0.0676055 -0.00052145 -0.000789019)
(0.0814808 -0.000543513 -0.000688308)
(0.0642276 -0.000491382 -0.000673816)
(0.0669677 -0.00051255 -0.000772357)
(0.0810926 -0.000540352 -0.000675429)
(0.0636271 -0.000483366 -0.000658573)
(0.0663341 -0.000503394 -0.00075502)
(0.0806997 -0.000535386 -0.000662754)
(0.065716 -0.000493132 -0.000738296)
(0.0803138 -0.000530536 -0.000651239)
(0.0712673 -0.000592123 -0.000894219)
(0.071827 -0.000604851 -0.000898423)
(0.0869136 -0.000646198 -0.000894675)
(0.0705857 -0.000578959 -0.000881086)
(0.0711561 -0.000589613 -0.00088365)
(0.0865154 -0.000642592 -0.000883042)
(0.069913 -0.000567807 -0.000865418)
(0.070497 -0.000575751 -0.000865506)
(0.0861191 -0.000639292 -0.000870191)
(0.0692492 -0.00055756 -0.000847357)
(0.0698483 -0.000563505 -0.000844198)
(0.0857231 -0.000635097 -0.000855442)
(0.0685958 -0.000546476 -0.000828232)
(0.0692149 -0.000550238 -0.000821628)
(0.0853284 -0.000629291 -0.000839439)
(0.0685945 -0.000534766 -0.000799468)
(0.0849351 -0.000620414 -0.000822834)
(0.0717211 -0.000601672 -0.000888198)
(0.070183 -0.000565744 -0.000840295)
(0.0873079 -0.000649874 -0.000909986)
(0.0710735 -0.000586072 -0.000868144)
(0.069565 -0.000550261 -0.000817023)
(0.0869392 -0.000642714 -0.000888898)
(0.0704392 -0.000568829 -0.000845463)
(0.0689641 -0.000529252 -0.000791625)
(0.086575 -0.000634596 -0.000869563)
(0.0698203 -0.000550607 -0.000821101)
(0.0683746 -0.000504857 -0.000764564)
(0.0862159 -0.00062683 -0.000851768)
(0.0692186 -0.000530966 -0.000796439)
(0.06781 -0.000477914 -0.000737481)
(0.0858623 -0.000617526 -0.000834011)
(0.0672547 -0.000451322 -0.000709607)
(0.085516 -0.000604586 -0.000814206)
(0.0680676 -0.000511496 -0.000773)
(0.0647152 -0.000415678 -0.000662081)
(0.0842336 -0.000554933 -0.000817556)
(0.0674961 -0.000488195 -0.000746145)
(0.0641746 -0.000394003 -0.000631021)
(0.0839065 -0.00054083 -0.000793811)
(0.066941 -0.000458894 -0.000717299)
(0.0636676 -0.000363118 -0.000588433)
(0.0835896 -0.000521451 -0.000768165)
(0.0664024 -0.000426441 -0.00068724)
(0.0631662 -0.000328109 -0.000547823)
(0.0832782 -0.000500216 -0.000745968)
(0.0658816 -0.000393621 -0.000656386)
(0.0626983 -0.000296189 -0.000514799)
(0.0829782 -0.000477315 -0.000723297)
(0.062228 -0.000269266 -0.000485761)
(0.0826796 -0.00045458 -0.00069989)
(0.0610673 -0.000295819 -0.000536761)
(0.0560809 -0.000206756 -0.000393779)
(0.0781928 -0.000328222 -0.00062637)
(0.0605871 -0.000271151 -0.000486925)
(0.0556291 -0.000192759 -0.000370111)
(0.077897 -0.000310728 -0.000602506)
(0.0601319 -0.000240409 -0.000428691)
(0.0552094 -0.000174625 -0.000340105)
(0.0776182 -0.000288173 -0.000569173)
(0.0596971 -0.000210707 -0.000381588)
(0.0547822 -0.00015662 -0.000310772)
(0.0773405 -0.000264196 -0.000538562)
(0.0592757 -0.000186729 -0.000348466)
(0.0543875 -0.000141503 -0.000289193)
(0.0770754 -0.000243016 -0.000517971)
(0.0539796 -0.000130168 -0.00027084)
(0.0768051 -0.000225961 -0.000502645)
(0.0512755 -0.000106379 -0.000255495)
(0.0441604 -6.26944e-05 -0.000180156)
(0.0685744 -9.04582e-05 -0.00040646)
(0.0508753 -9.90881e-05 -0.000247569)
(0.0437893 -5.73416e-05 -0.000173077)
(0.0682531 -8.05672e-05 -0.000402547)
(0.050482 -9.30085e-05 -0.000242085)
(0.0434379 -5.57695e-05 -0.000166291)
(0.0679453 -7.30406e-05 -0.000401615)
(0.050094 -8.74773e-05 -0.0002362)
(0.043079 -5.49432e-05 -0.000159613)
(0.0676211 -6.62207e-05 -0.000401623)
(0.0497104 -8.26627e-05 -0.000228901)
(0.0427427 -5.34885e-05 -0.000154503)
(0.0673124 -6.00516e-05 -0.000400227)
(0.0423948 -5.18902e-05 -0.000148771)
(0.0669882 -5.43651e-05 -0.000396535)
(0.0381092 -5.79563e-05 -6.4443e-05)
(0.0299507 -4.46231e-05 -2.54832e-05)
(0.0528185 -1.04169e-05 -0.000166737)
(0.0377773 -5.43522e-05 -6.27713e-05)
(0.0296658 -4.12855e-05 -2.5707e-05)
(0.0524381 -5.87429e-06 -0.000164911)
(0.0374548 -5.38159e-05 -5.95566e-05)
(0.029395 -4.0608e-05 -2.49541e-05)
(0.0520792 -4.70711e-06 -0.000161679)
(0.0371408 -5.41676e-05 -5.64783e-05)
(0.0291249 -4.11523e-05 -2.37951e-05)
(0.0517122 -5.32524e-06 -0.00015843)
(0.0368329 -5.40773e-05 -5.42386e-05)
(0.028867 -4.16751e-05 -2.304e-05)
(0.0513663 -6.27896e-06 -0.000155836)
(0.0286049 -4.14145e-05 -2.27306e-05)
(0.0510089 -6.49097e-06 -0.000154621)
(0.0242754 -1.44669e-05 -3.5252e-05)
(0.0310213 3.05154e-05 -0.0001053)
(0.0240341 -1.45527e-05 -3.39464e-05)
(0.0307239 2.71083e-05 -0.000100176)
(0.0237987 -1.56766e-05 -3.28089e-05)
(0.0304387 2.34089e-05 -9.79839e-05)
(0.0235683 -1.6999e-05 -3.19818e-05)
(0.0301526 1.98452e-05 -9.71494e-05)
(0.023341 -1.78889e-05 -3.14123e-05)
(0.0298765 1.68966e-05 -9.67459e-05)
(0.0295966 1.48067e-05 -9.57196e-05)
(0.0380713 -6.58249e-05 5.26145e-05)
(0.0527722 -0.000165136 4.88055e-06)
(0.044112 -0.000179004 5.73114e-05)
(0.0377377 -6.40241e-05 4.98091e-05)
(0.0524018 -0.000165824 2.88552e-07)
(0.0437501 -0.000173917 5.21664e-05)
(0.037416 -5.99063e-05 5.02972e-05)
(0.0520359 -0.000160913 -3.16034e-07)
(0.043393 -0.00016629 5.19203e-05)
(0.0371004 -5.66115e-05 5.14867e-05)
(0.0516695 -0.000159307 7.35634e-07)
(0.0430342 -0.000160101 5.17461e-05)
(0.036792 -5.41925e-05 5.19995e-05)
(0.0513227 -0.000156134 2.39055e-06)
(0.0426969 -0.000154486 5.11099e-05)
(0.0509654 -0.000154723 2.92279e-06)
(0.0423495 -0.000148308 5.02462e-05)
(0.0708645 -0.0003222 -5.69548e-05)
(0.0804631 -0.000471659 -0.000224462)
(0.0792053 -0.000502311 -2.54811e-05)
(0.0704455 -0.000316364 -5.96604e-05)
(0.0801384 -0.000464707 -0.000225352)
(0.0788826 -0.000499565 -3.08389e-05)
(0.0700312 -0.000310533 -6.01732e-05)
(0.0798097 -0.000453965 -0.00022222)
(0.0785564 -0.000489437 -3.50412e-05)
(0.0696202 -0.000304662 -5.91238e-05)
(0.0794734 -0.000447809 -0.00022071)
(0.0782258 -0.000485786 -3.72004e-05)
(0.0692145 -0.000299772 -5.76033e-05)
(0.0791437 -0.000438845 -0.000217166)
(0.0779031 -0.000479914 -3.78806e-05)
(0.0788036 -0.000432295 -0.000214276)
(0.0775692 -0.000478677 -3.86315e-05)
(0.0912485 -0.000565951 -0.000436271)
(0.0956066 -0.000605448 -0.00059746)
(0.0982946 -0.000762182 -0.000388422)
(0.0910226 -0.000556355 -0.000430076)
(0.0954339 -0.000601376 -0.000592379)
(0.0982207 -0.000759112 -0.000388105)
(0.0907897 -0.000548709 -0.00042358)
(0.0952554 -0.000594501 -0.000583929)
(0.0981365 -0.000749139 -0.000385066)
(0.0905463 -0.000544773 -0.000418047)
(0.0950652 -0.000595234 -0.000577097)
(0.0980454 -0.000747093 -0.00038412)
(0.0902931 -0.000538702 -0.000411702)
(0.0948646 -0.000592314 -0.000568471)
(0.0979363 -0.000744179 -0.000382382)
(0.0946584 -0.000590057 -0.00056046)
(0.0978254 -0.000741133 -0.000381397)
(0.100216 -0.000662254 -0.000763308)
(0.102094 -0.000701621 -0.000856123)
(0.10663 -0.000797007 -0.000732183)
(0.100096 -0.000661365 -0.000755896)
(0.101997 -0.000706557 -0.000847716)
(0.106663 -0.000795366 -0.000728283)
(0.0999641 -0.000661432 -0.000747641)
(0.101892 -0.000709354 -0.000838116)
(0.106693 -0.000797195 -0.000724563)
(0.0998226 -0.000660591 -0.000738476)
(0.101777 -0.000711135 -0.000828241)
(0.10671 -0.000801575 -0.000721122)
(0.099673 -0.000658448 -0.000729139)
(0.101653 -0.000709223 -0.000818566)
(0.106721 -0.000804859 -0.000716525)
(0.101521 -0.000705481 -0.000808259)
(0.106724 -0.000808489 -0.00071186)
(0.103974 -0.000749509 -0.000944799)
(0.104142 -0.000737291 -0.000964973)
(0.110144 -0.000807722 -0.00094145)
(0.103895 -0.000757596 -0.000934469)
(0.104078 -0.000742465 -0.000948743)
(0.110218 -0.00081761 -0.00093515)
(0.103807 -0.00076238 -0.0009231)
(0.104009 -0.000746354 -0.000935807)
(0.110285 -0.000826579 -0.000929353)
(0.10371 -0.000764321 -0.000912154)
(0.103933 -0.000749951 -0.000926233)
(0.110347 -0.000831846 -0.000922997)
(0.103605 -0.00076246 -0.000900724)
(0.103847 -0.000752492 -0.000916904)
(0.110401 -0.000833373 -0.000915653)
(0.103756 -0.000749087 -0.00090478)
(0.110451 -0.000831477 -0.000906231)
(0.104249 -0.000730252 -0.000969032)
(0.103112 -0.000673453 -0.000942026)
(0.11055 -0.000727275 -0.00101713)
(0.104196 -0.000732058 -0.000949633)
(0.103066 -0.000670474 -0.00091927)
(0.110642 -0.000730197 -0.000999642)
(0.104138 -0.000735818 -0.000937905)
(0.103016 -0.000667259 -0.00089974)
(0.11073 -0.000733755 -0.000987016)
(0.104073 -0.000739687 -0.000930165)
(0.102965 -0.000665918 -0.000889071)
(0.110814 -0.000738786 -0.000980253)
(0.104 -0.000739707 -0.000920703)
(0.102904 -0.000661727 -0.000879747)
(0.110892 -0.000743172 -0.000976274)
(0.102841 -0.000654592 -0.00086872)
(0.110969 -0.000741835 -0.000966614)
(0.10195 -0.000612799 -0.00089415)
(0.0996007 -0.000492658 -0.000826148)
(0.108661 -0.000556077 -0.000992351)
(0.101907 -0.000603534 -0.000872181)
(0.0995484 -0.000480634 -0.000810375)
(0.108756 -0.000549683 -0.00097521)
(0.101863 -0.000593759 -0.000854796)
(0.0994874 -0.000467006 -0.000794984)
(0.108848 -0.000541891 -0.000958125)
(0.101816 -0.000584178 -0.000842775)
(0.0994272 -0.000454219 -0.000784905)
(0.108942 -0.000535554 -0.00094821)
(0.101762 -0.000573853 -0.000831289)
(0.0993545 -0.000441747 -0.000777056)
(0.109029 -0.000528207 -0.000939263)
(0.0992804 -0.000430423 -0.000770371)
(0.109119 -0.000519121 -0.000928541)
(0.0973226 -0.000362552 -0.000749821)
(0.0927968 -0.00022075 -0.000686193)
(0.104632 -0.000265116 -0.000895772)
(0.0972537 -0.000346126 -0.00074047)
(0.0926523 -0.000204995 -0.000684176)
(0.104701 -0.000250233 -0.000886599)
(0.0971772 -0.000329321 -0.000732413)
(0.0925033 -0.000189899 -0.000680537)
(0.10476 -0.000234708 -0.000874096)
(0.0970919 -0.000313292 -0.000726748)
(0.0923454 -0.000175599 -0.000678933)
(0.104821 -0.000219353 -0.000863787)
(0.0969984 -0.000299053 -0.000724147)
(0.0921805 -0.000163558 -0.000678377)
(0.104869 -0.000205261 -0.000859991)
(0.0920079 -0.000152807 -0.000680737)
(0.104918 -0.000192633 -0.000861547)
(0.0885417 -7.25084e-05 -0.000630344)
(0.0792378 2.01492e-05 -0.000501445)
(0.0968506 7.38262e-05 -0.00079807)
(0.0883243 -6.12333e-05 -0.000630399)
(0.0789055 2.48864e-05 -0.000496056)
(0.0967807 8.4037e-05 -0.000796389)
(0.0881013 -5.14364e-05 -0.000629915)
(0.0785888 2.81605e-05 -0.000488762)
(0.0967026 9.27692e-05 -0.000792299)
(0.0878711 -4.28627e-05 -0.000631128)
(0.078255 3.05629e-05 -0.000483996)
(0.0966156 0.00010104 -0.000791702)
(0.0876326 -3.55462e-05 -0.00063381)
(0.077935 3.21419e-05 -0.000479876)
(0.0965177 0.000108359 -0.000792325)
(0.0775993 3.33202e-05 -0.000478987)
(0.0964133 0.000113882 -0.000794181)
(0.070907 5.11999e-05 -0.000323972)
(0.0543105 4.36932e-05 -0.000199253)
(0.0804951 0.00022016 -0.000475956)
(0.0704896 5.34487e-05 -0.00031731)
(0.0539127 4.20043e-05 -0.00019579)
(0.0801613 0.000219294 -0.000465531)
(0.0700767 5.37814e-05 -0.000310523)
(0.0535338 3.92272e-05 -0.000193132)
(0.0798391 0.00021718 -0.000456351)
(0.0696677 5.28293e-05 -0.000304351)
(0.0531445 3.60224e-05 -0.000190871)
(0.0795017 0.000213802 -0.000446615)
(0.0692615 5.16762e-05 -0.000300356)
(0.0527733 3.30977e-05 -0.000189204)
(0.0791737 0.000210444 -0.0004394)
(0.0523909 3.10493e-05 -0.000187981)
(0.0788335 0.000207572 -0.000433292)
(0.0407707 9.35768e-05 -0.000181372)
(0.0480351 0.000228906 -0.000246589)
(0.0404062 8.48413e-05 -0.000176848)
(0.0475963 0.000212101 -0.000237028)
(0.0400451 7.74504e-05 -0.00017524)
(0.0471763 0.000199219 -0.000234147)
(0.0396882 7.12893e-05 -0.000174534)
(0.0467506 0.000188655 -0.000232169)
(0.0393349 6.63205e-05 -0.000173023)
(0.0463406 0.000179991 -0.000230692)
(0.045926 0.000172704 -0.000225929)
(0.0512261 -0.000253171 0.000101361)
(0.0685395 -0.000405658 8.41723e-05)
(0.0560205 -0.000390756 0.000202683)
(0.0508263 -0.000247471 9.424e-05)
(0.0682266 -0.000406913 7.47445e-05)
(0.0555865 -0.000365602 0.000187585)
(0.0504323 -0.000243205 8.87528e-05)
(0.0679108 -0.000404167 6.77626e-05)
(0.055155 -0.000336773 0.000168521)
(0.0500417 -0.000236917 8.43011e-05)
(0.0675892 -0.000404691 6.13449e-05)
(0.0547359 -0.000310064 0.00015142)
(0.0496588 -0.000228171 8.09135e-05)
(0.0672777 -0.000401197 5.61168e-05)
(0.0543363 -0.000287518 0.000138884)
(0.0669557 -0.0003966 5.14193e-05)
(0.0539323 -0.000268629 0.0001294)
(0.0885345 -0.000638695 6.56331e-05)
(0.0968603 -0.000802387 -7.95764e-05)
(0.0928035 -0.000690688 0.000213096)
(0.0883126 -0.000636178 5.44382e-05)
(0.0967887 -0.000804189 -9.11122e-05)
(0.0926558 -0.000691494 0.00019824)
(0.0880893 -0.000631964 4.47737e-05)
(0.0967072 -0.000794728 -9.9558e-05)
(0.0925057 -0.000682646 0.000183396)
(0.087859 -0.000632944 3.66224e-05)
(0.0966227 -0.000793759 -0.000107619)
(0.0923479 -0.000683921 0.000170017)
(0.0876202 -0.000634859 2.99093e-05)
(0.0965215 -0.000793571 -0.000114624)
(0.0921809 -0.00067925 0.000157885)
(0.0964177 -0.000795785 -0.000120008)
(0.0920086 -0.000680559 0.000147499)
(0.106098 -0.000921004 -0.000275579)
(0.109684 -0.000892584 -0.000447518)
(0.109224 -0.000944593 -7.69692e-05)
(0.106184 -0.000921301 -0.000282423)
(0.109828 -0.000895945 -0.000450489)
(0.109373 -0.000946993 -8.8599e-05)
(0.106257 -0.000919299 -0.000287705)
(0.109963 -0.000897328 -0.000453735)
(0.109514 -0.000939907 -9.83083e-05)
(0.106318 -0.000920687 -0.000293352)
(0.110092 -0.00090336 -0.000457579)
(0.109652 -0.000936988 -0.000108664)
(0.106368 -0.000922092 -0.000298516)
(0.110205 -0.000910862 -0.000461474)
(0.109776 -0.000937383 -0.000118512)
(0.110315 -0.000916222 -0.000464113)
(0.109901 -0.000939975 -0.000125787)
(0.113697 -0.000887427 -0.000626935)
(0.115165 -0.000859197 -0.000743372)
(0.116502 -0.000867261 -0.000426494)
(0.113897 -0.00088881 -0.000627329)
(0.115383 -0.000862367 -0.000741496)
(0.116761 -0.000866068 -0.000429166)
(0.114089 -0.000896188 -0.00063001)
(0.115597 -0.000870939 -0.000743327)
(0.117017 -0.00086923 -0.000433559)
(0.114275 -0.000906257 -0.000632976)
(0.115804 -0.000879732 -0.000744882)
(0.117269 -0.000875007 -0.000438893)
(0.114453 -0.000916853 -0.000634708)
(0.116006 -0.000886319 -0.000743337)
(0.117516 -0.000884925 -0.000443998)
(0.116205 -0.000892169 -0.000740183)
(0.117759 -0.00089383 -0.000447009)
(0.11692 -0.000832894 -0.000863032)
(0.11707 -0.000755111 -0.000925358)
(0.119694 -0.000757937 -0.000675294)
(0.117153 -0.000844192 -0.000862215)
(0.117311 -0.000762695 -0.000918747)
(0.119989 -0.000764552 -0.000674706)
(0.117382 -0.000854468 -0.000862764)
(0.117548 -0.000771026 -0.000915494)
(0.120282 -0.000772743 -0.000677074)
(0.117608 -0.000859144 -0.000859935)
(0.117782 -0.00077702 -0.000913457)
(0.120571 -0.000778964 -0.000679067)
(0.117831 -0.000859974 -0.000853723)
(0.118013 -0.000780172 -0.0009105)
(0.120859 -0.00078301 -0.000678539)
(0.118243 -0.00078012 -0.00090202)
(0.121146 -0.000785597 -0.000675434)
(0.117465 -0.00068512 -0.000981202)
(0.116629 -0.00056888 -0.00100233)
(0.120363 -0.00056371 -0.000829264)
(0.117709 -0.000690418 -0.000971687)
(0.116873 -0.000569757 -0.000991228)
(0.120668 -0.000567636 -0.00082157)
(0.117951 -0.000695796 -0.000965032)
(0.117115 -0.000571199 -0.000981001)
(0.12097 -0.000572241 -0.000816311)
(0.118192 -0.000701413 -0.000962226)
(0.117357 -0.000572997 -0.000975207)
(0.121272 -0.000577099 -0.000814128)
(0.118431 -0.00070378 -0.000956959)
(0.117595 -0.000573871 -0.00097166)
(0.121573 -0.000582368 -0.0008153)
(0.117836 -0.000568928 -0.000961358)
(0.121873 -0.000582768 -0.000810036)
(0.116046 -0.000453593 -0.00101313)
(0.114233 -0.00028613 -0.00100043)
(0.11913 -0.000298792 -0.000905385)
(0.116288 -0.000449318 -0.0010022)
(0.114461 -0.000277745 -0.000992886)
(0.119428 -0.000295623 -0.000896504)
(0.116529 -0.000445668 -0.000993855)
(0.114684 -0.000269034 -0.000981254)
(0.119726 -0.000292571 -0.000888419)
(0.11677 -0.000442083 -0.000987796)
(0.114912 -0.000261531 -0.00097353)
(0.120024 -0.000290607 -0.000884092)
(0.117011 -0.000435849 -0.000979147)
(0.115132 -0.000253134 -0.000970699)
(0.12032 -0.000287967 -0.000882681)
(0.115356 -0.000242658 -0.000969672)
(0.12062 -0.000282383 -0.000877921)
(0.11272 -0.000116175 -0.000981844)
(0.109195 7.24376e-05 -0.000944574)
(0.115989 5.12773e-05 -0.000912532)
(0.112931 -0.000103911 -0.000973263)
(0.109348 8.27695e-05 -0.000941623)
(0.116254 5.95111e-05 -0.000910553)
(0.113139 -9.16336e-05 -0.000962232)
(0.109486 9.31049e-05 -0.000935793)
(0.116514 6.80527e-05 -0.000904085)
(0.113346 -7.98908e-05 -0.000957419)
(0.109627 0.000103115 -0.0009334)
(0.116778 7.6484e-05 -0.000899853)
(0.11355 -6.87352e-05 -0.000960941)
(0.109751 0.000111905 -0.000935302)
(0.117035 8.51902e-05 -0.000904294)
(0.109877 0.000118564 -0.000938023)
(0.117294 9.29386e-05 -0.000912826)
(0.106071 0.000269715 -0.000917412)
(0.0982845 0.000384482 -0.000765282)
(0.10966 0.000443013 -0.000893417)
(0.106157 0.000275962 -0.000914988)
(0.0982128 0.000382813 -0.000756594)
(0.109809 0.000445242 -0.00089213)
(0.106232 0.000281556 -0.000915099)
(0.0981285 0.00038029 -0.000750027)
(0.109941 0.000448224 -0.000894868)
(0.106294 0.000287196 -0.000917763)
(0.0980373 0.000377647 -0.000745133)
(0.110071 0.000451721 -0.000900782)
(0.106346 0.000292033 -0.0009192)
(0.0979303 0.000375979 -0.000743377)
(0.110184 0.000455571 -0.000908118)
(0.0978208 0.000374748 -0.000740307)
(0.110295 0.000457779 -0.000912539)
(0.0912555 0.000431889 -0.000568856)
(0.0727213 0.000379507 -0.000392362)
(0.0956073 0.00059491 -0.00060875)
(0.0910312 0.000425157 -0.000559324)
(0.0723374 0.000363459 -0.000381757)
(0.0954382 0.000586106 -0.000601374)
(0.0907975 0.00041788 -0.000550918)
(0.071965 0.00035078 -0.000377454)
(0.0952577 0.000579244 -0.000599226)
(0.0905551 0.0004107 -0.000544132)
(0.0715831 0.000339194 -0.000372886)
(0.0950687 0.00056854 -0.000593684)
(0.090303 0.000404264 -0.000538895)
(0.0712078 0.000329603 -0.000370099)
(0.0948708 0.000561458 -0.000593021)
(0.0708282 0.000320337 -0.000364574)
(0.0946653 0.000553452 -0.000591249)
(0.0565828 0.000380494 -0.000302574)
(0.0613386 0.000552651 -0.000396393)
(0.0560757 0.000357952 -0.000294935)
(0.0607592 0.000529574 -0.000389708)
(0.0555753 0.000340669 -0.000292698)
(0.060206 0.000510558 -0.000387751)
(0.0550827 0.000326581 -0.000290973)
(0.0596505 0.000494552 -0.000385184)
(0.0545968 0.000314603 -0.000287734)
(0.0591094 0.000479754 -0.000381895)
(0.0585746 0.00046608 -0.000376324)
(0.0610144 -0.000532602 0.000290475)
(0.0781699 -0.000626185 0.000322153)
(0.0646645 -0.000663267 0.000410416)
(0.0605357 -0.000478608 0.000264652)
(0.0778817 -0.00060074 0.000304424)
(0.064137 -0.000626935 0.000388089)
(0.0600838 -0.000422111 0.00023409)
(0.0775974 -0.000567024 0.000281834)
(0.0636205 -0.000583119 0.000356758)
(0.0596502 -0.000378104 0.000206076)
(0.077326 -0.000540556 0.000258893)
(0.0631301 -0.000544254 0.000323537)
(0.0592292 -0.00034618 0.000184125)
(0.0770563 -0.000517413 0.000238519)
(0.0626553 -0.000513399 0.000292461)
(0.0767884 -0.000501559 0.000222688)
(0.0621901 -0.000485482 0.000267002)
(0.0973427 -0.000752597 0.000355455)
(0.104657 -0.000896737 0.00025959)
(0.0996209 -0.000827863 0.000486872)
(0.0972732 -0.000744201 0.00033948)
(0.104721 -0.000889432 0.000244095)
(0.0995629 -0.000813862 0.00047468)
(0.0971948 -0.000738051 0.000323492)
(0.104784 -0.000876117 0.000228397)
(0.0995071 -0.000797593 0.000461808)
(0.0971074 -0.000731408 0.000307802)
(0.10484 -0.000869506 0.000213778)
(0.0994418 -0.000790158 0.00044896)
(0.0970131 -0.00072404 0.000293388)
(0.10489 -0.000861006 0.000199342)
(0.0993714 -0.000778191 0.00043573)
(0.104938 -0.000861073 0.000186552)
(0.0992957 -0.000769208 0.000424331)
(0.112745 -0.000983369 0.000111972)
(0.116008 -0.000911284 -5.45432e-05)
(0.114254 -0.00100012 0.000283431)
(0.112957 -0.000976573 9.91001e-05)
(0.116272 -0.000912161 -6.30117e-05)
(0.11448 -0.00099469 0.000273381)
(0.113165 -0.00096626 8.64288e-05)
(0.116536 -0.000906915 -7.19565e-05)
(0.114707 -0.000984392 0.000263865)
(0.113373 -0.000959977 7.41118e-05)
(0.116797 -0.000903262 -8.0971e-05)
(0.114933 -0.000977707 0.000255794)
(0.113577 -0.000961284 6.22269e-05)
(0.117057 -0.000905577 -9.05814e-05)
(0.115155 -0.000972922 0.000247227)
(0.117315 -0.000913253 -9.9151e-05)
(0.115378 -0.000969777 0.00023585)
(0.119756 -0.000855926 -0.000230965)
(0.121146 -0.000779312 -0.000356254)
(0.121035 -0.000831044 -4.73887e-05)
(0.120076 -0.000855608 -0.000236669)
(0.121485 -0.000779678 -0.000360422)
(0.121374 -0.00082769 -5.16091e-05)
(0.120395 -0.000855905 -0.000242422)
(0.121823 -0.000780465 -0.00036507)
(0.121712 -0.000825055 -5.54605e-05)
(0.120712 -0.000860506 -0.000248868)
(0.122159 -0.000782617 -0.000369743)
(0.12205 -0.000823942 -5.93788e-05)
(0.121028 -0.000868624 -0.00025536)
(0.122496 -0.00079067 -0.000375017)
(0.122387 -0.000829594 -6.43754e-05)
(0.12283 -0.000797545 -0.000377934)
(0.122724 -0.000834469 -7.09366e-05)
(0.122934 -0.000696465 -0.00049243)
(0.123152 -0.000571912 -0.000587202)
(0.124183 -0.000623115 -0.000310724)
(0.123291 -0.000699465 -0.000494709)
(0.123514 -0.000574489 -0.000585338)
(0.124563 -0.000623904 -0.000312474)
(0.123648 -0.000702901 -0.000497842)
(0.123876 -0.00057781 -0.000585025)
(0.124942 -0.000625429 -0.000315092)
(0.124004 -0.000707995 -0.000501566)
(0.124236 -0.000581008 -0.000586155)
(0.125321 -0.000627273 -0.000317622)
(0.124359 -0.000713552 -0.000503819)
(0.124598 -0.000585914 -0.00058979)
(0.125701 -0.000631406 -0.000320377)
(0.124958 -0.000588777 -0.000589493)
(0.126079 -0.000633936 -0.000321507)
(0.123737 -0.000450911 -0.000679826)
(0.123035 -0.000296694 -0.000743707)
(0.125036 -0.000341255 -0.000521802)
(0.124103 -0.000453464 -0.000675527)
(0.123397 -0.000296533 -0.000737513)
(0.125427 -0.000342326 -0.000518399)
(0.124469 -0.000456492 -0.000673208)
(0.123758 -0.000297111 -0.000732922)
(0.125817 -0.000343888 -0.000516263)
(0.124835 -0.000460188 -0.000673831)
(0.124119 -0.000297975 -0.000730325)
(0.126206 -0.0003456 -0.000515402)
(0.125202 -0.000463101 -0.000674494)
(0.124482 -0.000299678 -0.000732501)
(0.126597 -0.000348201 -0.000517185)
(0.124844 -0.000298869 -0.000731857)
(0.126987 -0.000348817 -0.000516243)
(0.122701 -0.00014222 -0.000801887)
(0.121027 4.53852e-05 -0.000833255)
(0.124063 -1.40036e-05 -0.000681231)
(0.123058 -0.000140053 -0.000795451)
(0.121365 4.91987e-05 -0.00082841)
(0.124443 -1.20887e-05 -0.000676634)
(0.123415 -0.000138324 -0.000790705)
(0.121702 5.24248e-05 -0.000824436)
(0.124822 -1.03783e-05 -0.000673147)
(0.123772 -0.000136724 -0.000789984)
(0.122038 5.57563e-05 -0.000822338)
(0.125201 -8.87553e-06 -0.000671061)
(0.124132 -0.000134052 -0.000791281)
(0.122375 6.01773e-05 -0.000827982)
(0.125582 -7.20171e-06 -0.000672893)
(0.122711 6.56889e-05 -0.000832926)
(0.125962 -4.43338e-06 -0.000672789)
(0.119745 0.000228273 -0.000857566)
(0.116488 0.000423344 -0.000869629)
(0.121138 0.000353607 -0.000781788)
(0.120063 0.000233692 -0.000855517)
(0.116748 0.000425559 -0.000866677)
(0.121476 0.000357681 -0.000780709)
(0.120381 0.000238964 -0.000854471)
(0.117001 0.000429668 -0.000868545)
(0.121812 0.000362182 -0.000780234)
(0.120697 0.000244781 -0.000858475)
(0.117253 0.000434089 -0.000872616)
(0.122147 0.000366396 -0.000781467)
(0.121011 0.000250571 -0.00086667)
(0.117499 0.000438841 -0.00088233)
(0.122482 0.000371119 -0.000789394)
(0.117742 0.00044136 -0.000890862)
(0.122816 0.000373514 -0.000796234)
(0.113683 0.000622895 -0.000888761)
(0.106618 0.000728773 -0.000799079)
(0.115153 0.000738733 -0.000861206)
(0.11388 0.000623139 -0.000889035)
(0.106657 0.000723235 -0.000795221)
(0.115373 0.000737805 -0.000863012)
(0.114072 0.000625115 -0.000894766)
(0.106681 0.000720165 -0.000798561)
(0.115583 0.000739315 -0.000870217)
(0.114257 0.000627508 -0.000903594)
(0.106702 0.000713705 -0.000798607)
(0.115791 0.00074006 -0.000876992)
(0.114435 0.000628922 -0.000913439)
(0.106713 0.000710533 -0.000803941)
(0.115991 0.000738321 -0.000883632)
(0.106718 0.00070583 -0.000807546)
(0.11619 0.000734929 -0.000889243)
(0.100213 0.000758779 -0.000662773)
(0.0822881 0.000711862 -0.000550905)
(0.102092 0.00085179 -0.000702956)
(0.100094 0.000750191 -0.000661915)
(0.0818933 0.000696223 -0.000545024)
(0.102 0.000841986 -0.000705565)
(0.0999625 0.000740487 -0.000660927)
(0.0815039 0.000683185 -0.000543884)
(0.101891 0.000832567 -0.000710249)
(0.0998233 0.000730599 -0.000659268)
(0.0811144 0.000668949 -0.000540339)
(0.10178 0.000821508 -0.000709235)
(0.0996755 0.000722789 -0.000659672)
(0.080725 0.00065665 -0.000537983)
(0.101656 0.000813389 -0.000709984)
(0.0803403 0.00064419 -0.00053331)
(0.101525 0.000802854 -0.000706797)
(0.066129 0.000720767 -0.000507604)
(0.0689553 0.000815109 -0.000538036)
(0.0654992 0.000702558 -0.000502874)
(0.0682902 0.000799766 -0.000528999)
(0.0648807 0.000685194 -0.000499092)
(0.0676475 0.000783514 -0.000520607)
(0.0642723 0.000668383 -0.000494474)
(0.0670066 0.000766166 -0.000514806)
(0.0636734 0.000651914 -0.000487448)
(0.0663805 0.000747911 -0.000506031)
(0.0657641 0.000730138 -0.000495435)
(0.0680336 -0.00077371 0.000506527)
(0.0842221 -0.000819767 0.000550493)
(0.0701571 -0.000842247 0.000561995)
(0.0674622 -0.000744812 0.000483051)
(0.0838957 -0.00079432 0.000535712)
(0.0695411 -0.000817025 0.00054641)
(0.0669075 -0.0007153 0.000454165)
(0.0835792 -0.000768502 0.000516595)
(0.0689387 -0.000790666 0.000525425)
(0.0663689 -0.000686127 0.000422453)
(0.0832685 -0.000746048 0.000495683)
(0.0683518 -0.000764145 0.00050085)
(0.0658476 -0.000657029 0.000390286)
(0.0829678 -0.000724205 0.000473177)
(0.0677843 -0.000738124 0.000474104)
(0.0826707 -0.000700538 0.000450593)
(0.0672323 -0.000710947 0.000448198)
(0.101964 -0.000896472 0.000608342)
(0.108676 -0.00099311 0.000553038)
(0.103124 -0.000943792 0.000670604)
(0.101922 -0.000874734 0.000598801)
(0.10877 -0.000976348 0.000545426)
(0.103077 -0.000921021 0.000666507)
(0.101879 -0.000857108 0.000588934)
(0.108865 -0.000960143 0.000537298)
(0.10303 -0.000902093 0.000663299)
(0.101832 -0.00084398 0.000578948)
(0.108958 -0.000950684 0.000530415)
(0.102977 -0.000890595 0.000661273)
(0.101779 -0.000830687 0.000568263)
(0.109047 -0.000941172 0.000522795)
(0.102919 -0.000880812 0.000657965)
(0.109136 -0.000927855 0.000512949)
(0.102856 -0.000867791 0.000650457)
(0.11606 -0.0010129 0.00045098)
(0.11914 -0.000904157 0.000297215)
(0.116639 -0.00100189 0.000567248)
(0.116304 -0.00100317 0.000445453)
(0.119439 -0.000896346 0.000293049)
(0.116883 -0.000991449 0.00056695)
(0.116546 -0.000996402 0.000440947)
(0.119738 -0.000889465 0.000289095)
(0.117127 -0.00098222 0.000567338)
(0.116788 -0.000991213 0.000436836)
(0.120037 -0.00088624 0.000286298)
(0.117369 -0.000978345 0.000569123)
(0.117029 -0.000981042 0.000429821)
(0.120334 -0.000884795 0.000282982)
(0.117608 -0.000973946 0.000569211)
(0.120633 -0.000878413 0.000276216)
(0.117849 -0.000960417 0.000562316)
(0.122707 -0.00080053 0.000140621)
(0.124067 -0.00067925 1.26991e-05)
(0.123039 -0.000742365 0.000295644)
(0.123065 -0.000795114 0.000137796)
(0.124448 -0.000675368 1.03413e-05)
(0.123401 -0.000736867 0.000294845)
(0.123422 -0.000791341 0.000135334)
(0.124827 -0.000672733 8.06663e-06)
(0.123762 -0.000733103 0.000294589)
(0.12378 -0.000791188 0.000132945)
(0.125207 -0.0006714 5.97205e-06)
(0.124124 -0.000731391 0.000294782)
(0.12414 -0.000792554 0.000129274)
(0.125588 -0.000673529 3.52241e-06)
(0.124487 -0.000733807 0.00029528)
(0.125969 -0.000673377 -3.08364e-07)
(0.124849 -0.000732772 0.000292853)
(0.12586 -0.0005473 -0.000123423)
(0.12611 -0.000387855 -0.000238383)
(0.12611 -0.000450823 5.22483e-05)
(0.126263 -0.000546337 -0.000125176)
(0.12652 -0.000387088 -0.000238397)
(0.126519 -0.000449427 5.11986e-05)
(0.126666 -0.000546162 -0.000127097)
(0.126928 -0.000386965 -0.000238987)
(0.126928 -0.000448845 5.00934e-05)
(0.127069 -0.00054731 -0.000129146)
(0.127337 -0.000387194 -0.000239947)
(0.127336 -0.000448999 4.91233e-05)
(0.127473 -0.000548684 -0.000131301)
(0.127747 -0.00038876 -0.000241725)
(0.127747 -0.000450661 4.79006e-05)
(0.128156 -0.0003891 -0.000242869)
(0.128155 -0.00045075 4.60517e-05)
(0.126774 -0.000228024 -0.000353363)
(0.126109 -5.33609e-05 -0.000452132)
(0.12702 -0.000114836 -0.00017818)
(0.12719 -0.000228085 -0.000352208)
(0.126518 -5.27464e-05 -0.000450379)
(0.127443 -0.000114906 -0.000177457)
(0.127604 -0.000228427 -0.000351791)
(0.126927 -5.21919e-05 -0.000449414)
(0.127864 -0.000115122 -0.000177158)
(0.128019 -0.000229186 -0.000352405)
(0.127335 -5.17519e-05 -0.000449155)
(0.128285 -0.000115422 -0.000177195)
(0.128435 -0.000229779 -0.000353124)
(0.127745 -5.15032e-05 -0.0004507)
(0.128707 -0.000116 -0.000178127)
(0.128153 -5.10536e-05 -0.000450916)
(0.129128 -0.000116025 -0.000178583)
(0.125857 0.000121936 -0.000549265)
(0.124178 0.000308678 -0.000625433)
(0.126108 0.000236464 -0.000389908)
(0.12626 0.000123322 -0.000547805)
(0.124558 0.000310276 -0.000625603)
(0.126517 0.000236147 -0.000388832)
(0.126662 0.000124781 -0.000547081)
(0.124936 0.000312625 -0.000626385)
(0.126926 0.000236354 -0.000388299)
(0.127065 0.000126243 -0.00054777)
(0.125314 0.000314749 -0.000627531)
(0.127333 0.000236918 -0.000388108)
(0.127469 0.000127616 -0.000548866)
(0.125693 0.000317019 -0.00063131)
(0.127743 0.000238204 -0.000389384)
(0.126071 0.000317566 -0.00063373)
(0.128152 0.000238748 -0.00038962)
(0.122928 0.000489653 -0.000698488)
(0.119688 0.000671503 -0.000759963)
(0.123147 0.000584145 -0.000574247)
(0.123283 0.000491914 -0.000700657)
(0.119983 0.000671499 -0.00076602)
(0.123508 0.000582072 -0.000576339)
(0.123638 0.000494928 -0.00070327)
(0.120273 0.000673705 -0.000773133)
(0.123868 0.00058165 -0.000578944)
(0.123993 0.000498348 -0.000707777)
(0.120561 0.000675281 -0.000778254)
(0.124227 0.000582619 -0.000581456)
(0.124347 0.000500233 -0.000713099)
(0.120847 0.000674646 -0.000782181)
(0.124588 0.000585962 -0.000585983)
(0.121133 0.000671406 -0.000784967)
(0.124947 0.000585405 -0.000588804)
(0.116914 0.000858704 -0.00083428)
(0.110143 0.000936 -0.000807976)
(0.117065 0.000920791 -0.000756311)
(0.117146 0.00085829 -0.000844758)
(0.110218 0.000930412 -0.000817835)
(0.117306 0.000914499 -0.000763791)
(0.117373 0.000858266 -0.000853611)
(0.110283 0.000924096 -0.000825984)
(0.117541 0.000910996 -0.000771153)
(0.117597 0.00085503 -0.000857532)
(0.110345 0.00091819 -0.000831347)
(0.117774 0.000908278 -0.000776325)
(0.117818 0.000848871 -0.000858621)
(0.110397 0.00091101 -0.000833354)
(0.118003 0.000905187 -0.000779509)
(0.110448 0.000901363 -0.000831716)
(0.118233 0.000896496 -0.000779705)
(0.103978 0.000939391 -0.000748969)
(0.0869299 0.000889275 -0.000644127)
(0.104146 0.000960593 -0.000736436)
(0.103899 0.000928866 -0.000756991)
(0.0865336 0.00087806 -0.000641472)
(0.104084 0.000944496 -0.000741473)
(0.103812 0.000917839 -0.000762305)
(0.08614 0.000864317 -0.000638172)
(0.104014 0.000930518 -0.00074496)
(0.103715 0.000907819 -0.000765466)
(0.0857453 0.000849681 -0.000635239)
(0.10394 0.00092119 -0.000749379)
(0.103609 0.000896225 -0.000764035)
(0.0853549 0.000832893 -0.000629587)
(0.103853 0.000911705 -0.000752704)
(0.0849633 0.000815495 -0.000620466)
(0.103762 0.000898885 -0.000749449)
(0.0712962 0.000889113 -0.0005895)
(0.0718528 0.000893992 -0.000601938)
(0.0706181 0.000875615 -0.000577229)
(0.071184 0.00087921 -0.000586928)
(0.0699496 0.000859233 -0.000567048)
(0.07053 0.000860563 -0.000573688)
(0.0692913 0.000840167 -0.000557397)
(0.0698832 0.000838918 -0.000561609)
(0.0686438 0.000820009 -0.00054608)
(0.0692568 0.000815374 -0.000548475)
(0.0686394 0.000792255 -0.000533048)
(0.0717057 -0.000889722 0.000598662)
(0.0873034 -0.000911697 0.000647423)
(0.0718191 -0.000900124 0.000602189)
(0.0710583 -0.000868856 0.0005831)
(0.0869354 -0.000890053 0.000639771)
(0.0711473 -0.000884884 0.00058642)
(0.0704241 -0.000846098 0.000565764)
(0.0865718 -0.000870702 0.000631588)
(0.0704896 -0.000866469 0.000572782)
(0.0698053 -0.000822103 0.000547315)
(0.0862131 -0.000853004 0.000623491)
(0.0698397 -0.000845099 0.000559825)
(0.0692043 -0.000797681 0.000527521)
(0.0858602 -0.000835554 0.000614564)
(0.06921 -0.000822312 0.000547474)
(0.0855149 -0.000815104 0.000601088)
(0.104257 -0.000970262 0.000727843)
(0.110557 -0.00101761 0.000725606)
(0.104148 -0.000965476 0.000735281)
(0.104205 -0.000951105 0.000728984)
(0.11065 -0.00100027 0.000727472)
(0.104086 -0.000949711 0.000739855)
(0.104148 -0.000939308 0.000732284)
(0.110739 -0.00098823 0.000730353)
(0.104017 -0.000937357 0.000743293)
(0.104084 -0.000931597 0.000736457)
(0.110823 -0.000982182 0.000735268)
(0.103942 -0.000928657 0.000748612)
(0.104012 -0.000921914 0.000736727)
(0.110903 -0.000978014 0.000739712)
(0.103856 -0.000918406 0.000750127)
(0.110979 -0.00096628 0.000736875)
(0.117472 -0.00098123 0.000683279)
(0.120367 -0.00082875 0.000562639)
(0.117074 -0.000925411 0.000753959)
(0.117716 -0.000972232 0.000687502)
(0.120672 -0.000821522 0.000565666)
(0.117315 -0.000919345 0.000760952)
(0.117959 -0.000966998 0.000692544)
(0.120974 -0.000816865 0.000569265)
(0.117553 -0.000916455 0.000768081)
(0.1182 -0.00096453 0.000697664)
(0.121277 -0.000816198 0.000573924)
(0.117787 -0.000915378 0.000773239)
(0.118439 -0.000956732 0.000698011)
(0.121577 -0.00081669 0.000577904)
(0.118018 -0.000910498 0.000773628)
(0.121878 -0.000809263 0.000576032)
(0.123738 -0.000679226 0.000449733)
(0.125036 -0.000521231 0.000340426)
(0.123153 -0.00058684 0.000571016)
(0.124104 -0.000675445 0.000451443)
(0.125427 -0.000518179 0.000340881)
(0.123515 -0.000585409 0.000572942)
(0.124469 -0.000673897 0.000453644)
(0.125817 -0.00051645 0.000341646)
(0.123876 -0.000585586 0.000575201)
(0.124836 -0.000675025 0.000456336)
(0.126206 -0.000516241 0.000342765)
(0.124237 -0.000587885 0.000578202)
(0.125203 -0.000675321 0.00045765)
(0.126597 -0.000517884 0.000344047)
(0.124597 -0.000590421 0.000580111)
(0.126987 -0.000516196 0.000342768)
(0.126774 -0.000353069 0.000226864)
(0.12702 -0.000177815 0.000113267)
(0.12611 -0.000238569 0.000386839)
(0.127189 -0.000352129 0.000226347)
(0.127442 -0.000177238 0.000112866)
(0.12652 -0.000238802 0.000385552)
(0.127604 -0.000351939 0.000226098)
(0.127864 -0.000177018 0.000112525)
(0.126928 -0.00023949 0.000384637)
(0.128019 -0.000352597 0.000225977)
(0.128285 -0.000177151 0.000112355)
(0.127337 -0.000240589 0.000384704)
(0.128435 -0.000352973 0.00022506)
(0.128707 -0.000177746 0.000112017)
(0.127746 -0.000241929 0.000383721)
(0.129128 -0.000177503 0.000110809)
(0.127693 -1.08575e-06 -1.35931e-06)
(0.127019 0.000175813 -0.000115992)
(0.127021 0.000112965 0.000175491)
(0.128122 -1.32895e-06 -1.52626e-06)
(0.127442 0.000174718 -0.000115869)
(0.127443 0.000112473 0.000174496)
(0.128549 -1.53015e-06 -1.72999e-06)
(0.127863 0.000174047 -0.000115915)
(0.127865 0.000112201 0.000173802)
(0.128977 -1.64793e-06 -2.0874e-06)
(0.128283 0.000173737 -0.000116071)
(0.128285 0.00011214 0.000173502)
(0.129406 -1.62816e-06 -2.71142e-06)
(0.128706 0.000174225 -0.000116776)
(0.128708 0.000112567 0.00017328)
(0.129127 0.000174176 -0.000117204)
(0.129128 0.000112792 0.000172047)
(0.126773 0.000350679 -0.000229849)
(0.125033 0.000518854 -0.000343366)
(0.126109 0.000448742 -5.51885e-05)
(0.127188 0.00034921 -0.000229634)
(0.125423 0.000515135 -0.000344118)
(0.126518 0.000446737 -5.43806e-05)
(0.127602 0.000348492 -0.000229668)
(0.125812 0.000512737 -0.000345242)
(0.126926 0.000445609 -5.35871e-05)
(0.128016 0.000348803 -0.000230182)
(0.126201 0.000511641 -0.000346535)
(0.127334 0.0004452 -5.28917e-05)
(0.128432 0.000349205 -0.000230682)
(0.126592 0.00051315 -0.000348882)
(0.127744 0.000446631 -5.25369e-05)
(0.126981 0.000511983 -0.000349443)
(0.128152 0.000446753 -5.21987e-05)
(0.123732 0.000676322 -0.000452993)
(0.120358 0.000825469 -0.000565443)
(0.123031 0.000739831 -0.000298829)
(0.124097 0.000671779 -0.00045508)
(0.120663 0.000817554 -0.000568991)
(0.123393 0.000733464 -0.000298391)
(0.124462 0.000669284 -0.000457575)
(0.120965 0.000812058 -0.000573005)
(0.123754 0.000728837 -0.000298518)
(0.124827 0.00066972 -0.000460858)
(0.121265 0.000809647 -0.000577404)
(0.124114 0.000726194 -0.000298982)
(0.125194 0.000670213 -0.000463563)
(0.121566 0.000810603 -0.000582521)
(0.124476 0.000728189 -0.000300446)
(0.121865 0.000805053 -0.000582852)
(0.124838 0.000727428 -0.000299592)
(0.117461 0.000976711 -0.000686031)
(0.110551 0.00101322 -0.000727265)
(0.116625 0.000997771 -0.000569928)
(0.117705 0.000966995 -0.000690835)
(0.110643 0.000995393 -0.000729716)
(0.116869 0.000986581 -0.000570521)
(0.117946 0.000960066 -0.000695703)
(0.110731 0.000982115 -0.000732828)
(0.11711 0.000976324 -0.000571301)
(0.118185 0.000956964 -0.000701092)
(0.110815 0.00097471 -0.000737538)
(0.117352 0.000970433 -0.000572635)
(0.118423 0.000951331 -0.000703416)
(0.110893 0.000970403 -0.000742181)
(0.11759 0.000966658 -0.00057341)
(0.110969 0.000960065 -0.000741001)
(0.11783 0.000955957 -0.000568482)
(0.104254 0.000965708 -0.000729165)
(0.0873223 0.000906606 -0.000647726)
(0.103117 0.000939449 -0.000672017)
(0.104202 0.000945558 -0.000730554)
(0.0869556 0.000885258 -0.000640483)
(0.103072 0.000916164 -0.000668659)
(0.104144 0.000932781 -0.000734012)
(0.0865935 0.000865212 -0.000632544)
(0.103023 0.000895748 -0.000665301)
(0.10408 0.000924331 -0.000738001)
(0.0862366 0.000846589 -0.000624828)
(0.102972 0.000884213 -0.00066415)
(0.104008 0.000914219 -0.000738447)
(0.085885 0.000828107 -0.000615865)
(0.102912 0.000874495 -0.000660557)
(0.085541 0.000807301 -0.000603358)
(0.10285 0.000863306 -0.00065411)
(0.0717456 0.000884548 -0.000598507)
(0.0702029 0.000837802 -0.000562145)
(0.0711014 0.000864115 -0.000583294)
(0.0695876 0.000814196 -0.000546958)
(0.0704706 0.000840942 -0.000566555)
(0.0689897 0.000788228 -0.000526752)
(0.0698553 0.000815921 -0.000548704)
(0.0684033 0.000760381 -0.000503214)
(0.069257 0.00079035 -0.000529504)
(0.0678421 0.000732253 -0.000476961)
(0.0672906 0.000703389 -0.000450842)
(0.0712658 -0.000895825 0.000588914)
(0.0869156 -0.000895483 0.000643553)
(0.0705842 -0.000882354 0.000576165)
(0.0865171 -0.000884251 0.000639938)
(0.0682663 -0.000806121 0.000526906)
(0.0699124 -0.000866112 0.000565221)
(0.0861222 -0.000871466 0.000636981)
(0.0676151 -0.000790193 0.0005196)
(0.0692497 -0.000847669 0.000554923)
(0.0857254 -0.000857142 0.000633241)
(0.0669712 -0.000773124 0.0005109)
(0.0853332 -0.000839974 0.00062659)
(0.0663479 -0.000755886 0.000502409)
(0.103979 -0.000945002 0.00074738)
(0.110147 -0.000941455 0.000806228)
(0.103901 -0.000935386 0.000755238)
(0.110223 -0.00093584 0.00081587)
(0.101999 -0.000849104 0.000705748)
(0.103813 -0.000925852 0.000761144)
(0.110289 -0.000930422 0.000823896)
(0.101895 -0.000837894 0.000705155)
(0.103716 -0.000915037 0.000763096)
(0.110352 -0.000926026 0.000829956)
(0.101782 -0.000831873 0.000709846)
(0.110405 -0.000916052 0.000828279)
(0.101656 -0.000819628 0.000704889)
(0.116922 -0.000863619 0.000831893)
(0.119695 -0.000675364 0.000756971)
(0.115164 -0.000743708 0.000858296)
(0.117155 -0.000863286 0.000842305)
(0.119991 -0.000675474 0.000763157)
(0.115383 -0.000742897 0.000861525)
(0.117384 -0.000863773 0.000850843)
(0.120282 -0.00067818 0.000770131)
(0.115596 -0.000744688 0.000868043)
(0.117611 -0.000859558 0.000852608)
(0.120572 -0.000680646 0.000775496)
(0.115805 -0.00074629 0.000875734)
(0.120859 -0.000677682 0.000775438)
(0.116007 -0.000742536 0.0008783)
(0.122934 -0.00049276 0.000695153)
(0.124183 -0.000311213 0.000622076)
(0.121147 -0.000356621 0.000777948)
(0.123291 -0.00049544 0.000697294)
(0.124563 -0.000313308 0.000622261)
(0.121486 -0.000361289 0.00077795)
(0.123647 -0.000499406 0.000700391)
(0.124942 -0.000316054 0.000622708)
(0.121823 -0.000366193 0.000777592)
(0.124003 -0.000502599 0.000703478)
(0.125322 -0.000319156 0.000624677)
(0.12216 -0.000371974 0.000780951)
(0.125699 -0.000320401 0.000624948)
(0.122495 -0.000375444 0.00078427)
(0.125861 -0.000124328 0.000545864)
(0.126111 5.13801e-05 0.00044905)
(0.12407 1.18921e-05 0.000677736)
(0.126264 -0.000126212 0.000544121)
(0.126521 5.01975e-05 0.000447097)
(0.12445 9.30137e-06 0.000673297)
(0.126666 -0.000128207 0.000543472)
(0.126929 4.91613e-05 0.000445734)
(0.12483 6.97927e-06 0.000669621)
(0.12707 -0.000129855 0.000542897)
(0.127338 4.81499e-05 0.000445685)
(0.12521 4.94844e-06 0.000668647)
(0.127747 4.812e-05 0.000444953)
(0.125589 2.80732e-06 0.000666321)
(0.126776 0.000225878 0.000350409)
(0.12611 0.000385912 0.000235437)
(0.12504 0.000339417 0.000518652)
(0.127191 0.000225386 0.000348939)
(0.12652 0.000384558 0.000235199)
(0.125431 0.000339801 0.000515065)
(0.127605 0.000225288 0.000348209)
(0.126928 0.000383906 0.000235436)
(0.12582 0.000340709 0.000512642)
(0.12802 0.000225789 0.000348077)
(0.127336 0.000383709 0.000236108)
(0.12621 0.000342114 0.000511698)
(0.128436 0.000226403 0.000347223)
(0.127746 0.000385031 0.000236931)
(0.1266 0.000344378 0.000511891)
(0.128154 0.000385415 0.000236533)
(0.12699 0.000344957 0.000508837)
(0.125859 0.00054491 0.000120272)
(0.124063 0.000676904 -1.58578e-05)
(0.124182 0.000621072 0.000307404)
(0.126262 0.000543321 0.000121772)
(0.124442 0.000672177 -1.37899e-05)
(0.124562 0.000621109 0.000309021)
(0.126664 0.000542572 0.000123399)
(0.124821 0.000668696 -1.18405e-05)
(0.124941 0.000621867 0.000311362)
(0.127066 0.000543287 0.000124962)
(0.1252 0.000666591 -1.01137e-05)
(0.125319 0.000623079 0.000313707)
(0.12747 0.000544457 0.000126183)
(0.125581 0.000668276 -8.37128e-06)
(0.125698 0.000626964 0.000315951)
(0.125961 0.000668133 -5.78902e-06)
(0.126075 0.000629377 0.000315943)
(0.122699 0.00079748 -0.00014412)
(0.119127 0.00090083 -0.000300288)
(0.121025 0.00082835 4.38444e-05)
(0.123056 0.000791075 -0.000141694)
(0.119425 0.000892049 -0.000296875)
(0.121363 0.000823893 4.78101e-05)
(0.123412 0.000786388 -0.000139697)
(0.119722 0.000884124 -0.000293366)
(0.1217 0.000820219 5.1176e-05)
(0.123769 0.000785571 -0.000137959)
(0.120021 0.000879811 -0.000291105)
(0.122037 0.00081801 5.45218e-05)
(0.124128 0.000786685 -0.000135296)
(0.120317 0.000878202 -0.000288465)
(0.122374 0.000823206 5.88168e-05)
(0.120616 0.000873169 -0.000283116)
(0.12271 0.00082794 6.41463e-05)
(0.116043 0.00100845 -0.000454431)
(0.108662 0.000989007 -0.000555379)
(0.114231 0.000995005 -0.000287101)
(0.116285 0.000997635 -0.000449658)
(0.108757 0.000971423 -0.000548641)
(0.114459 0.000989049 -0.000278036)
(0.116526 0.000989363 -0.000445506)
(0.10885 0.000953853 -0.000540656)
(0.114682 0.000977776 -0.000268772)
(0.116766 0.000983175 -0.00044174)
(0.108945 0.000943677 -0.000534435)
(0.114909 0.000969354 -0.000261209)
(0.117006 0.000974132 -0.000435668)
(0.109032 0.000934418 -0.0005274)
(0.115129 0.000965563 -0.000253125)
(0.109121 0.00092371 -0.000518992)
(0.115353 0.000963841 -0.000243244)
(0.101955 0.000891882 -0.000610495)
(0.0842448 0.000815763 -0.000551956)
(0.099605 0.000824154 -0.000489734)
(0.101913 0.00086914 -0.000601284)
(0.0839194 0.000791582 -0.000538063)
(0.0995531 0.000808514 -0.000477741)
(0.101871 0.000851008 -0.000591916)
(0.0836044 0.000765287 -0.00051932)
(0.0994941 0.000792189 -0.000464936)
(0.101824 0.000838508 -0.000582887)
(0.0832948 0.00074231 -0.000498715)
(0.0994349 0.000781585 -0.000452732)
(0.101771 0.000827134 -0.000573383)
(0.0829971 0.000718793 -0.000476366)
(0.099363 0.000773282 -0.000440777)
(0.0827005 0.000694936 -0.000454365)
(0.0992897 0.000766247 -0.000430326)
(0.0680857 0.000771107 -0.000508064)
(0.064731 0.000660905 -0.000411802)
(0.0675164 0.000743751 -0.000485439)
(0.0641927 0.000629452 -0.00039102)
(0.0669639 0.000714246 -0.000456985)
(0.0636878 0.000587139 -0.000361336)
(0.0664286 0.000683312 -0.000425269)
(0.0631885 0.000546147 -0.00032697)
(0.0659115 0.000651408 -0.000393063)
(0.0627239 0.00051237 -0.000295436)
(0.0622568 0.00048275 -0.000268687)
(0.0654742 -0.000708911 0.000500768)
(0.0818837 -0.000703131 0.000544366)
(0.0607474 -0.000534638 0.000387315)
(0.0648533 -0.000691885 0.000496226)
(0.0814907 -0.000688952 0.000539497)
(0.0601832 -0.000516639 0.000383652)
(0.064242 -0.00067544 0.000490451)
(0.0810986 -0.000677625 0.000539096)
(0.0596274 -0.000500688 0.000382077)
(0.0807121 -0.000663827 0.000532961)
(0.0590885 -0.000486709 0.000376637)
(0.100096 -0.000756203 0.000658632)
(0.106662 -0.000730401 0.000795269)
(0.095438 -0.000594742 0.00060278)
(0.0999654 -0.000748055 0.000657932)
(0.106691 -0.000724344 0.000793185)
(0.0952602 -0.000584131 0.000592821)
(0.0998241 -0.000739806 0.000657422)
(0.106711 -0.000723224 0.000799565)
(0.0950688 -0.000578627 0.000592565)
(0.106721 -0.000716803 0.000799255)
(0.0948728 -0.000568898 0.000588244)
(0.113694 -0.000628219 0.000886379)
(0.116501 -0.000427343 0.000865743)
(0.109682 -0.00044778 0.000888412)
(0.113895 -0.000628812 0.000887359)
(0.11676 -0.00043063 0.000864926)
(0.109827 -0.000451733 0.000894203)
(0.114087 -0.000631412 0.000893617)
(0.117016 -0.000434657 0.000866481)
(0.109962 -0.000455122 0.0008967)
(0.114274 -0.00063361 0.000901418)
(0.117269 -0.000440865 0.000873174)
(0.110091 -0.000459507 0.000901856)
(0.117516 -0.00044412 0.000878149)
(0.110205 -0.000462138 0.000905536)
(0.119756 -0.000231841 0.000854188)
(0.121038 -4.80147e-05 0.000829286)
(0.11601 -5.46095e-05 0.000908471)
(0.120077 -0.000237884 0.000853248)
(0.121376 -5.27046e-05 0.000825635)
(0.116274 -6.36836e-05 0.000909719)
(0.120396 -0.000244161 0.000853959)
(0.121714 -5.66188e-05 0.00082189)
(0.116538 -7.31104e-05 0.000904267)
(0.120713 -0.000250509 0.000856887)
(0.122053 -6.07347e-05 0.000822034)
(0.116801 -8.31717e-05 0.000900365)
(0.122389 -6.56845e-05 0.000822487)
(0.117061 -9.25265e-05 0.000900424)
(0.122712 0.000139729 0.000798481)
(0.123043 0.000294751 0.00074016)
(0.119146 0.000296815 0.000901976)
(0.123069 0.000136756 0.000792249)
(0.123405 0.000293822 0.000734078)
(0.119445 0.000292502 0.000893626)
(0.123427 0.000134407 0.000788309)
(0.123767 0.000293618 0.000729364)
(0.119744 0.00028846 0.000885904)
(0.123785 0.000131964 0.000785737)
(0.124129 0.000294112 0.00072757)
(0.120044 0.000285673 0.000881852)
(0.12449 0.000295026 0.000726092)
(0.120341 0.00028134 0.000874996)
(0.123743 0.000448687 0.000676289)
(0.123155 0.000570015 0.000583656)
(0.120373 0.000561888 0.000825886)
(0.124109 0.000450441 0.000671807)
(0.123517 0.000571819 0.000581682)
(0.120678 0.000564914 0.000818067)
(0.124474 0.000452914 0.000669371)
(0.123878 0.000574277 0.000581166)
(0.120981 0.000568562 0.000812448)
(0.124841 0.000456215 0.000669052)
(0.124238 0.000576977 0.000582213)
(0.121283 0.000573532 0.000810458)
(0.125207 0.000458776 0.000667658)
(0.124599 0.000581622 0.000584593)
(0.121584 0.000578213 0.000809048)
(0.124958 0.000584354 0.000582649)
(0.121885 0.000577744 0.000800644)
(0.122934 0.000694022 0.000488823)
(0.12114 0.000776895 0.000352659)
(0.119696 0.00075604 0.000671603)
(0.123291 0.000696161 0.000490987)
(0.121479 0.000776205 0.000356712)
(0.119992 0.000761907 0.000671172)
(0.123646 0.000698782 0.000493958)
(0.121815 0.000775932 0.000361125)
(0.120283 0.000768824 0.000672841)
(0.124001 0.000703365 0.000497367)
(0.122152 0.000776915 0.000365409)
(0.120573 0.000774631 0.000674976)
(0.124356 0.000708729 0.000498853)
(0.122487 0.000784437 0.000370045)
(0.120859 0.000778965 0.000674481)
(0.122821 0.000791252 0.000371901)
(0.121145 0.000780905 0.000669809)
(0.119743 0.000852565 0.000227233)
(0.115987 0.000906567 5.07363e-05)
(0.116488 0.000864669 0.000423062)
(0.120063 0.000851127 0.000232637)
(0.116253 0.000906742 5.88175e-05)
(0.116749 0.000862587 0.000425487)
(0.120381 0.000850226 0.000237826)
(0.116513 0.000900941 6.73083e-05)
(0.117003 0.000864464 0.000429291)
(0.120698 0.000853824 0.000243476)
(0.116777 0.000895977 7.56851e-05)
(0.117256 0.000868599 0.000433466)
(0.121013 0.000861585 0.00024902)
(0.117035 0.000899309 8.4183e-05)
(0.117503 0.000877853 0.000437889)
(0.117293 0.000907254 9.15931e-05)
(0.117746 0.000886105 0.000439994)
(0.112717 0.000977319 -0.000116516)
(0.104633 0.00089259 -0.000263744)
(0.109195 0.000936424 7.19577e-05)
(0.112929 0.000970134 -0.000104075)
(0.104702 0.000883985 -0.000248676)
(0.109348 0.000940111 8.35726e-05)
(0.113138 0.000958678 -9.17162e-05)
(0.104762 0.000870738 -0.000233293)
(0.109487 0.000933988 9.37256e-05)
(0.113345 0.000952567 -8.01204e-05)
(0.104824 0.00085982 -0.000218459)
(0.109628 0.000930388 0.000103409)
(0.113548 0.000955084 -6.93725e-05)
(0.104873 0.000855313 -0.000204941)
(0.109752 0.000930904 0.000111729)
(0.104922 0.000856039 -0.000192853)
(0.109878 0.000932603 0.000117735)
(0.0973264 0.000748044 -0.000359291)
(0.0782024 0.000624404 -0.000324477)
(0.0927998 0.000686244 -0.000216978)
(0.097259 0.000738697 -0.000343581)
(0.0779078 0.000601245 -0.000307934)
(0.0926539 0.000684887 -0.000202372)
(0.0971836 0.000730043 -0.00032761)
(0.077631 0.000568985 -0.000286411)
(0.0925086 0.000676656 -0.00018823)
(0.0970996 0.000723765 -0.000312273)
(0.077355 0.00053774 -0.000263006)
(0.0923531 0.000674916 -0.000174399)
(0.0970075 0.000720286 -0.000298597)
(0.0770917 0.000516067 -0.000242279)
(0.0921909 0.000674393 -0.000162858)
(0.0768235 0.000499942 -0.000225711)
(0.0920203 0.000676579 -0.000152493)
(0.0610838 0.000535645 -0.000292663)
(0.0560942 0.000392231 -0.000203402)
(0.0606049 0.000486562 -0.000268916)
(0.055649 0.000369045 -0.000190169)
(0.0601516 0.000429078 -0.000238881)
(0.0552281 0.000341029 -0.000172198)
(0.0597191 0.000381485 -0.000209734)
(0.0548017 0.00031168 -0.000155048)
(0.0593003 0.000347622 -0.000186234)
(0.0544085 0.000289147 -0.00014073)
(0.054003 0.000269945 -0.000130023)
(0.0560607 -0.000362723 0.000291118)
(0.0723337 -0.000369836 0.000381315)
(0.0475864 -0.000216308 0.000234669)
(0.0555601 -0.000346313 0.000288271)
(0.0719559 -0.000356846 0.000372673)
(0.0471597 -0.000204061 0.000229148)
(0.0550655 -0.000332821 0.000286118)
(0.0715739 -0.000346705 0.000369989)
(0.0467376 -0.000194102 0.00022865)
(0.0712 -0.000336828 0.000364321)
(0.0463228 -0.000186009 0.000225069)
(0.0910313 -0.000432594 0.000557559)
(0.0982248 -0.00039024 0.000759035)
(0.0801576 -0.000227377 0.000466788)
(0.0907978 -0.000425178 0.000546799)
(0.0981413 -0.000387346 0.000749392)
(0.0798296 -0.000224521 0.000454929)
(0.0905545 -0.0004191 0.000540061)
(0.0980474 -0.000385424 0.000744229)
(0.0794923 -0.000221664 0.000444925)
(0.0979444 -0.000384289 0.000739658)
(0.0791647 -0.000219306 0.000436252)
(0.106096 -0.000275711 0.000916592)
(0.109223 -7.65092e-05 0.000939825)
(0.0968688 -7.9172e-05 0.000797509)
(0.106184 -0.000283846 0.000919713)
(0.109374 -8.92148e-05 0.000944155)
(0.0967978 -9.15281e-05 0.000800886)
(0.106257 -0.000289911 0.00091886)
(0.109515 -0.000100242 0.000939029)
(0.0967191 -0.000100989 0.000794584)
(0.106318 -0.000295485 0.000918046)
(0.109653 -0.000111265 0.000934988)
(0.0966317 -0.000109342 0.000792138)
(0.109781 -0.000120854 0.000933062)
(0.0965345 -0.000116534 0.000794286)
(0.112747 0.000112149 0.000980057)
(0.114259 0.000283739 0.000996867)
(0.104663 0.000260858 0.000894548)
(0.112961 9.85255e-05 0.00097397)
(0.114486 0.000273374 0.000991614)
(0.104729 0.000244693 0.000887724)
(0.11317 8.49549e-05 0.000963022)
(0.114713 0.000263464 0.000981212)
(0.104792 0.000227799 0.000873205)
(0.113378 7.17639e-05 0.000955847)
(0.114939 0.000254874 0.000972677)
(0.104851 0.000211944 0.00086359)
(0.115164 0.000244726 0.000965467)
(0.104904 0.000196607 0.000857123)
(0.116068 0.000450891 0.00101005)
(0.116647 0.000566897 0.000999069)
(0.108685 0.000553853 0.000991044)
(0.116312 0.00044528 0.000999752)
(0.116891 0.000566653 0.00098806)
(0.108779 0.000546112 0.000973886)
(0.116555 0.000440692 0.000991716)
(0.117135 0.00056697 0.000977961)
(0.108875 0.000537694 0.000957407)
(0.116798 0.000435699 0.000982832)
(0.117378 0.000568989 0.000972151)
(0.108969 0.000530164 0.000945983)
(0.117618 0.000568454 0.000964196)
(0.109062 0.000520668 0.000932572)
(0.11748 0.000682783 0.000977821)
(0.117079 0.000753346 0.000921848)
(0.110566 0.000725751 0.00101442)
(0.117725 0.000687018 0.000967986)
(0.117321 0.000760162 0.000915155)
(0.110659 0.000727675 0.000996737)
(0.117967 0.00069213 0.000961331)
(0.117558 0.000767045 0.000911095)
(0.110748 0.000730241 0.00098344)
(0.118208 0.000697679 0.000957127)
(0.117793 0.000773322 0.000909315)
(0.110834 0.00073504 0.00097687)
(0.118448 0.000698949 0.00094822)
(0.118023 0.000776677 0.000904875)
(0.110913 0.000738216 0.000970813)
(0.118254 0.000775218 0.000893468)
(0.110992 0.000736142 0.00095918)
(0.116924 0.000830776 0.000859401)
(0.115159 0.000857214 0.000739754)
(0.11015 0.000806085 0.000937692)
(0.117158 0.000840848 0.000858058)
(0.11538 0.000859493 0.000738137)
(0.110227 0.000815625 0.00093162)
(0.117387 0.00085017 0.000858094)
(0.115592 0.000866347 0.00073889)
(0.110293 0.000823494 0.000924813)
(0.117612 0.000855108 0.000855588)
(0.115801 0.00087371 0.000740164)
(0.110357 0.000829183 0.000919187)
(0.117834 0.000855775 0.000848612)
(0.116002 0.000880362 0.000738511)
(0.11041 0.000831354 0.000912215)
(0.116201 0.000885213 0.000733769)
(0.110461 0.000828055 0.000901112)
(0.113684 0.000884718 0.000623574)
(0.109662 0.000885613 0.0004434)
(0.106619 0.000797404 0.000730597)
(0.113884 0.000885085 0.000623494)
(0.109811 0.000890416 0.000446399)
(0.106659 0.000792916 0.000724537)
(0.114077 0.000890809 0.000625088)
(0.109944 0.000892636 0.000449114)
(0.106685 0.000795551 0.000721048)
(0.114263 0.000899697 0.000627168)
(0.110075 0.000898253 0.000452044)
(0.106707 0.000795216 0.000713933)
(0.114442 0.000909247 0.000628109)
(0.110188 0.000904708 0.000455204)
(0.106719 0.000800208 0.00071025)
(0.1103 0.000908032 0.000456798)
(0.106724 0.000803735 0.00070524)
(0.106071 0.000912362 0.000270422)
(0.0968528 0.000795522 7.50377e-05)
(0.0982849 0.000756651 0.000384572)
(0.10616 0.000914807 0.000277623)
(0.0967814 0.000797681 8.65478e-05)
(0.0982142 0.000755509 0.00038433)
(0.106234 0.000914009 0.000282821)
(0.0967064 0.000788529 9.50489e-05)
(0.0981315 0.000749679 0.000382021)
(0.106297 0.000915225 0.000287645)
(0.0966212 0.000787572 0.000102722)
(0.0980409 0.000744222 0.000378786)
(0.106349 0.00091514 0.000291618)
(0.0965256 0.000787984 0.000109207)
(0.0979348 0.000740991 0.000376071)
(0.0964226 0.000789614 0.000113912)
(0.0978262 0.000736235 0.000373844)
(0.0885443 0.000632738 -6.93161e-05)
(0.068582 0.000405002 -8.6283e-05)
(0.0792422 0.000499595 2.26833e-05)
(0.0883265 0.000629723 -5.86674e-05)
(0.0682652 0.000404256 -7.7337e-05)
(0.0789131 0.000495896 2.72764e-05)
(0.0881072 0.000625307 -4.94258e-05)
(0.0679575 0.000401255 -7.10796e-05)
(0.0785979 0.000486527 3.07658e-05)
(0.0878811 0.000626809 -4.13291e-05)
(0.0676347 0.000400993 -6.48783e-05)
(0.0782658 0.0004822 3.27293e-05)
(0.0876461 0.000629891 -3.46285e-05)
(0.0673282 0.000398922 -5.9227e-05)
(0.0779481 0.00047806 3.3512e-05)
(0.0670064 0.000394688 -5.40522e-05)
(0.0776148 0.000477051 3.3876e-05)
(0.0512937 0.000255096 -0.000102561)
(0.0441723 0.000180204 -5.86834e-05)
(0.0508945 0.000247963 -9.61438e-05)
(0.0438069 0.000174314 -5.37423e-05)
(0.050501 0.000242863 -9.11582e-05)
(0.0434527 0.000166567 -5.39162e-05)
(0.0501128 0.000236735 -8.64715e-05)
(0.0430936 0.000159738 -5.39937e-05)
(0.0497302 0.000228733 -8.22585e-05)
(0.0427569 0.000154388 -5.30158e-05)
(0.0424107 0.000148286 -5.18062e-05)
(0.0403904 -8.91526e-05 0.000173395)
(0.0539027 -4.7899e-05 0.000195773)
(0.0307135 -3.04786e-05 9.88038e-05)
(0.0400312 -8.217e-05 0.000171289)
(0.0535169 -4.53313e-05 0.000191554)
(0.0304244 -2.69759e-05 9.59206e-05)
(0.0396749 -7.65965e-05 0.00017032)
(0.0531313 -4.23791e-05 0.000188646)
(0.0301425 -2.35712e-05 9.50775e-05)
(0.0527544 -4.05447e-05 0.000187214)
(0.0298623 -2.11747e-05 9.43437e-05)
(0.0704745 -6.12386e-05 0.000319365)
(0.0789063 -3.14839e-05 0.000499409)
(0.0524236 1.43331e-07 0.000166322)
(0.07006 -6.1708e-05 0.000310899)
(0.0785825 -3.59841e-05 0.000490468)
(0.0520579 -1.08176e-06 0.000161757)
(0.0696503 -6.10397e-05 0.000303868)
(0.0782508 -3.82269e-05 0.00048277)
(0.051696 -2.19591e-07 0.000157247)
(0.0779283 -3.97918e-05 0.000481225)
(0.0513447 1.55048e-07 0.00015563)
(0.0885527 6.57451e-05 0.000634906)
(0.092817 0.000214321 0.000688151)
(0.0685578 8.40546e-05 0.000405903)
(0.088333 5.39591e-05 0.000634327)
(0.0926711 0.000198424 0.000689621)
(0.0682439 7.49101e-05 0.000404757)
(0.0881098 4.36371e-05 0.000630306)
(0.0925231 0.000182312 0.000681527)
(0.0679308 6.78657e-05 0.000402234)
(0.0878788 3.46769e-05 0.00063317)
(0.0923657 0.000167891 0.000678766)
(0.0676101 6.09308e-05 0.000400929)
(0.092202 0.000154484 0.000679786)
(0.0672989 5.43721e-05 0.000399072)
(0.0973529 0.000357075 0.000751884)
(0.0996301 0.000488746 0.000826583)
(0.0781839 0.000323188 0.000626776)
(0.0972852 0.000340019 0.000742195)
(0.0995748 0.000476173 0.000812549)
(0.0778946 0.000305271 0.00060142)
(0.0972096 0.000322408 0.000732314)
(0.0995189 0.000462322 0.000794979)
(0.0776136 0.000282158 0.000566078)
(0.0971247 0.000305325 0.000725197)
(0.0994572 0.000447875 0.000783983)
(0.0773411 0.000258108 0.000536861)
(0.0993893 0.000433145 0.000772552)
(0.0770738 0.000236712 0.000513497)
(0.101975 0.000609863 0.000894742)
(0.103134 0.000671687 0.000941412)
(0.0842304 0.000551884 0.00081787)
(0.101934 0.000600057 0.000873001)
(0.103088 0.00066764 0.000918464)
(0.0839055 0.000536811 0.000792648)
(0.101891 0.000589304 0.000854277)
(0.103041 0.000664017 0.000898956)
(0.0835901 0.000517034 0.000767398)
(0.101846 0.000577543 0.000838589)
(0.10299 0.000661392 0.000886502)
(0.0832811 0.000494641 0.000744485)
(0.102933 0.000655196 0.000874519)
(0.082982 0.000470295 0.000720753)
(0.104267 0.000728645 0.000966969)
(0.104155 0.000736019 0.000961989)
(0.0873084 0.000648536 0.000908246)
(0.104216 0.000729577 0.000947123)
(0.104094 0.000740738 0.000946122)
(0.0869417 0.000640611 0.000886584)
(0.10416 0.000732486 0.00093507)
(0.104025 0.000743806 0.000932364)
(0.0865799 0.000631641 0.00086679)
(0.104096 0.000734995 0.000926749)
(0.103951 0.000747746 0.00092365)
(0.0862227 0.000622504 0.000849721)
(0.104026 0.000733965 0.000916436)
(0.103867 0.0007497 0.000913838)
(0.0858733 0.000610738 0.000831874)
(0.103778 0.000745107 0.000900709)
(0.0855293 0.000596265 0.000811679)
(0.103984 0.000748083 0.000941287)
(0.102095 0.000702388 0.000854255)
(0.0869178 0.000644807 0.000891567)
(0.103906 0.000755996 0.000930815)
(0.102004 0.000704798 0.000844054)
(0.0865213 0.000641433 0.000879912)
(0.10382 0.000761123 0.000919814)
(0.101897 0.000709089 0.000834399)
(0.0861283 0.000637229 0.000865888)
(0.103724 0.000764028 0.000909884)
(0.101785 0.00070739 0.000822803)
(0.0857338 0.00063361 0.000851695)
(0.10362 0.000761503 0.000897779)
(0.101664 0.00070783 0.000814493)
(0.0853451 0.000627029 0.000835496)
(0.101534 0.000703635 0.000803378)
(0.0849553 0.000616071 0.000817721)
(0.100215 0.000662713 0.000761218)
(0.0956076 0.000605273 0.000595895)
(0.0822816 0.000553215 0.000714566)
(0.100096 0.000660695 0.000752269)
(0.0954398 0.000599949 0.000588466)
(0.0818866 0.000545735 0.000698237)
(0.0999659 0.000658661 0.000741866)
(0.0952609 0.000597881 0.000581574)
(0.0814975 0.000542812 0.000684551)
(0.0998278 0.00065628 0.00073118)
(0.0950725 0.000592091 0.000569944)
(0.0811086 0.000538121 0.000669854)
(0.0996811 0.000656572 0.000723045)
(0.0948765 0.000590822 0.000561926)
(0.0807202 0.000535257 0.000657449)
(0.0946721 0.000588161 0.000553231)
(0.0803372 0.0005301 0.000644919)
(0.0912565 0.000564248 0.000432858)
(0.0804981 0.000470352 0.000220997)
(0.0727183 0.000390098 0.000380453)
(0.0910332 0.000558774 0.00042741)
(0.0801695 0.000463344 0.000221353)
(0.0723357 0.000382816 0.000365521)
(0.0908009 0.0005511 0.000419876)
(0.0798476 0.000456184 0.000219261)
(0.0719641 0.000378311 0.000352407)
(0.0905601 0.000543628 0.000411823)
(0.0795107 0.000446672 0.000215501)
(0.0715833 0.000372857 0.000340255)
(0.0903099 0.000536766 0.000404233)
(0.0791839 0.000438673 0.000211354)
(0.0712095 0.00036895 0.000330107)
(0.0788455 0.000431586 0.000207558)
(0.0708322 0.000362229 0.000320282)
(0.0709192 0.0003202 5.31742e-05)
(0.0528279 0.000163868 -7.57107e-06)
(0.054317 0.000196459 4.53483e-05)
(0.0705023 0.00031517 5.54587e-05)
(0.0524521 0.000164342 -3.42747e-06)
(0.0539227 0.000194853 4.38514e-05)
(0.0700899 0.000309813 5.56838e-05)
(0.0520915 0.000161287 -2.9895e-06)
(0.0535415 0.000192891 4.02934e-05)
(0.0696813 0.000304133 5.42977e-05)
(0.0517245 0.000158285 -4.18451e-06)
(0.0531517 0.000190981 3.66816e-05)
(0.0692762 0.000300046 5.25091e-05)
(0.0513783 0.000155635 -5.58164e-06)
(0.0527802 0.000189072 3.35158e-05)
(0.0510225 0.000154256 -6.21218e-06)
(0.0523999 0.000187462 3.11678e-05)
(0.038123 6.49748e-05 -5.48447e-05)
(0.0299598 2.51166e-05 -4.24533e-05)
(0.0377895 6.3296e-05 -5.21783e-05)
(0.0296762 2.59709e-05 -3.95438e-05)
(0.0374665 5.93541e-05 -5.27312e-05)
(0.0294033 2.48809e-05 -3.97608e-05)
(0.037152 5.61055e-05 -5.36589e-05)
(0.0291327 2.36058e-05 -4.08407e-05)
(0.0368441 5.38955e-05 -5.3854e-05)
(0.0288738 2.28911e-05 -4.15527e-05)
(0.0286129 2.26235e-05 -4.13864e-05)
(0.0240217 1.16454e-05 3.34009e-05)
(0.0296522 3.75636e-05 2.63147e-05)
(0.0237872 1.27452e-05 3.19838e-05)
(0.0293775 3.69608e-05 2.49319e-05)
(0.0235584 1.38655e-05 3.12136e-05)
(0.0291126 3.7655e-05 2.35005e-05)
(0.0288507 3.77754e-05 2.30796e-05)
(0.0377537 5.02498e-05 6.28829e-05)
(0.0437666 5.31711e-05 0.000172295)
(0.0374338 5.00221e-05 5.89756e-05)
(0.0434099 5.27166e-05 0.000164212)
(0.0371229 5.027e-05 5.60651e-05)
(0.0430573 5.17184e-05 0.000158032)
(0.0427155 5.01787e-05 0.000152407)
(0.0512439 0.000101228 0.000254267)
(0.0560392 0.000202267 0.000393203)
(0.0508439 9.50016e-05 0.000245726)
(0.0556016 0.000187731 0.00036623)
(0.0504513 8.9621e-05 0.000240176)
(0.0551739 0.00016965 0.000335222)
(0.050065 8.44324e-05 0.000233367)
(0.0547544 0.00015224 0.00030748)
(0.0543542 0.000138725 0.00028392)
(0.0610311 0.000290744 0.000534208)
(0.0646774 0.000411199 0.000663088)
(0.0605523 0.000265114 0.000479646)
(0.064148 0.000388652 0.000626957)
(0.0600993 0.000234348 0.000422032)
(0.0636356 0.000356497 0.000583286)
(0.0596659 0.000205816 0.000376407)
(0.0631427 0.000322164 0.000544344)
(0.0626695 0.000290804 0.000511829)
(0.0680409 0.000507539 0.000771904)
(0.0701607 0.00056333 0.000839542)
(0.0674714 0.000483292 0.000743537)
(0.0695465 0.000547184 0.000814504)
(0.0669181 0.000453075 0.000714908)
(0.0689466 0.000525277 0.000788516)
(0.0663808 0.000419951 0.00068611)
(0.0683616 0.000498707 0.000762937)
(0.0677972 0.000470141 0.00073721)
(0.0717075 0.000599859 0.000886218)
(0.0718198 0.000603793 0.000896379)
(0.0710624 0.000583439 0.000865469)
(0.0711499 0.000587704 0.000880942)
(0.070431 0.000564668 0.000843032)
(0.0704958 0.000572781 0.000862144)
(0.0698157 0.000544009 0.000819766)
(0.0698487 0.000558836 0.000841258)
(0.0692185 0.000521794 0.000795866)
(0.0692239 0.00054342 0.000819071)
(0.0686073 0.000526349 0.000796461)
(0.0712675 0.000590979 0.000891447)
(0.0689347 0.000540318 0.000817939)
(0.0705888 0.000577366 0.000877351)
(0.0682686 0.000530376 0.000801674)
(0.0699204 0.00056566 0.000860853)
(0.0676257 0.00052032 0.000784675)
(0.0692629 0.000554412 0.000842291)
(0.0669854 0.000513305 0.000767249)
(0.0686172 0.000541414 0.000822739)
(0.06636 0.000503281 0.000749389)
(0.0657464 0.000490955 0.00073205)
(0.0661152 0.000510373 0.000722924)
(0.0613297 0.000400393 0.000554427)
(0.0654846 0.00050366 0.000703961)
(0.0607503 0.000391647 0.000531163)
(0.0648661 0.000497996 0.000686117)
(0.0601966 0.000387556 0.000511657)
(0.0642584 0.000492239 0.000669243)
(0.0596423 0.000383634 0.000495297)
(0.0636611 0.000484327 0.000652838)
(0.0591019 0.000379698 0.000480347)
(0.05857 0.000373719 0.000466531)
(0.0565802 0.000304849 0.000381996)
(0.0480365 0.000246139 0.000230333)
(0.0560712 0.000296685 0.000359027)
(0.047598 0.000238757 0.000213294)
(0.0555711 0.000293118 0.000341292)
(0.0471762 0.000235847 0.000199838)
(0.05508 0.000290104 0.000326896)
(0.0467506 0.000232807 0.000188837)
(0.0545961 0.000285988 0.000314766)
(0.0463405 0.000230144 0.000180008)
(0.0459285 0.000224505 0.000172633)
(0.0407784 0.000180458 9.47665e-05)
(0.0310282 0.000103928 3.1793e-05)
(0.0404112 0.000177365 8.57721e-05)
(0.0307314 9.97395e-05 2.82609e-05)
(0.0400479 0.000176135 7.77927e-05)
(0.0304437 9.82377e-05 2.39232e-05)
(0.0396901 0.000174948 7.12672e-05)
(0.0301567 9.75023e-05 1.99313e-05)
(0.0393373 0.000172681 6.61375e-05)
(0.0298797 9.68057e-05 1.68358e-05)
(0.0296013 9.54559e-05 1.46615e-05)
(0.0242837 3.49101e-05 -1.32305e-05)
(0.024041 3.38779e-05 -1.37807e-05)
(0.0238043 3.2783e-05 -1.54038e-05)
(0.0235731 3.19729e-05 -1.69637e-05)
(0.0233459 3.13757e-05 -1.79393e-05)
)
;

boundaryField
{
    inlet
    {
        type            calculated;
        value           nonuniform List<vector> 0();
    }
    ami1
    {
        type            cyclicAMI;
        value           nonuniform List<vector> 0();
    }
    walls
    {
        type            calculated;
        value           uniform (0 0 0);
    }
    ami2
    {
        type            cyclicAMI;
        value           nonuniform List<vector> 0();
    }
    outlet
    {
        type            calculated;
        value           nonuniform List<vector> 0();
    }
    procBoundary7to5
    {
        type            processor;
        value           nonuniform List<vector> 
131
(
(0.0230907 -3.05205e-05 1.61185e-05)
(0.0389485 -0.000168349 -6.73646e-05)
(0.0540752 -0.000278334 -0.000310244)
(0.0630357 -0.000475476 -0.000644182)
(0.067955 -0.000533977 -0.000809554)
(0.0686346 -0.000509234 -0.000772796)
(0.0653784 -0.000362477 -0.000626563)
(0.0588637 -0.000169444 -0.000323962)
(0.049333 -7.89159e-05 -0.000220331)
(0.0365309 -5.3307e-05 -5.31902e-05)
(0.0231165 -1.81002e-05 -3.09659e-05)
(0.0364906 -5.32033e-05 5.14498e-05)
(0.0688112 -0.00029865 -5.69681e-05)
(0.0900304 -0.00053412 -0.00040626)
(0.0995169 -0.000655528 -0.0007194)
(0.103494 -0.000756606 -0.000888554)
(0.103922 -0.000735468 -0.000909123)
(0.101702 -0.000563112 -0.000821263)
(0.0968979 -0.000286569 -0.000724601)
(0.0873836 -2.98393e-05 -0.00064077)
(0.0688572 5.10535e-05 -0.000299491)
(0.0389876 6.27393e-05 -0.000170028)
(0.0492834 -0.000218661 7.81863e-05)
(0.0873707 -0.000641873 2.43585e-05)
(0.106409 -0.000922728 -0.000302267)
(0.114624 -0.0009259 -0.000634823)
(0.118051 -0.00086204 -0.000848155)
(0.118669 -0.000701267 -0.000946478)
(0.117253 -0.000427193 -0.000969839)
(0.113748 -5.82064e-05 -0.000965359)
(0.106389 0.00029545 -0.000919568)
(0.0900416 0.000398657 -0.000535107)
(0.0541184 0.000304138 -0.000282353)
(0.0588169 -0.000322036 0.000168518)
(0.0969128 -0.000720695 0.000280703)
(0.113775 -0.000967325 5.11804e-05)
(0.121342 -0.000874162 -0.000260495)
(0.124714 -0.000716948 -0.000503048)
(0.125569 -0.000463411 -0.00067142)
(0.124492 -0.000129621 -0.000789903)
(0.121326 0.000255178 -0.000872385)
(0.114606 0.000629194 -0.000922968)
(0.0995208 0.000713831 -0.000658382)
(0.0630847 0.000636436 -0.000479559)
(0.0653439 -0.000628521 0.000359817)
(0.101721 -0.000817645 0.000557257)
(0.117271 -0.000969629 0.000420271)
(0.1245 -0.000791098 0.000123847)
(0.127877 -0.000548566 -0.000133215)
(0.128851 -0.000229437 -0.000352609)
(0.127873 0.000128833 -0.000548591)
(0.124702 0.000499366 -0.000716531)
(0.118037 0.000843436 -0.00086144)
(0.103497 0.000885137 -0.000760213)
(0.0680092 0.000800435 -0.000532996)
(0.0686214 -0.000774559 0.000505255)
(0.0685886 -0.000800516 0.000532425)
(0.103934 -0.000908848 0.000731467)
(0.103766 -0.000904944 0.000743982)
(0.118677 -0.00094474 0.000694163)
(0.11825 -0.00090069 0.000772334)
(0.125569 -0.000671619 0.000456854)
(0.124958 -0.000589085 0.000580757)
(0.12885 -0.000351892 0.000223764)
(0.128155 -0.000242218 0.000381661)
(0.129835 -1.51671e-06 -3.17744e-06)
(0.128847 0.000348422 -0.000230319)
(0.12556 0.000667129 -0.000463852)
(0.11866 0.000940524 -0.000701072)
(0.10393 0.000902125 -0.000734824)
(0.0686764 0.000765754 -0.000508326)
(0.0685982 -0.000828915 0.000544449)
(0.103611 -0.000901168 0.000758014)
(0.117834 -0.000852575 0.000851519)
(0.124358 -0.000503161 0.000705308)
(0.127473 -0.000130959 0.000541023)
(0.128156 4.79483e-05 0.000442768)
(0.12885 0.000225994 0.000345753)
(0.127873 0.000544165 0.000127213)
(0.124487 0.000785289 -0.000130966)
(0.117248 0.000964294 -0.000427396)
(0.101711 0.000817302 -0.000563694)
(0.0654126 0.000620545 -0.000362507)
(0.0636414 -0.000660218 0.000482985)
(0.0996765 -0.000729092 0.000652994)
(0.114453 -0.000634522 0.00090944)
(0.121028 -0.000255887 0.000859944)
(0.124144 0.000128434 0.000782449)
(0.124853 0.00029379 0.000722448)
(0.125573 0.000458878 0.000663896)
(0.12471 0.000711929 0.000497421)
(0.121327 0.000867169 0.000253375)
(0.113746 0.000959032 -5.93928e-05)
(0.0969086 0.00071973 -0.000286669)
(0.0588911 0.000322577 -0.000169435)
(0.0545799 -0.000321296 0.000280976)
(0.0903017 -0.000413047 0.00053317)
(0.10637 -0.000300184 0.000916054)
(0.113583 5.94849e-05 0.000955782)
(0.117041 0.000427966 0.000969697)
(0.11786 0.000562338 0.000950161)
(0.118686 0.000695858 0.000935919)
(0.118053 0.00085717 0.000841355)
(0.114613 0.0009185 0.000627769)
(0.106392 0.00091413 0.000294222)
(0.0874003 0.000636701 -2.96012e-05)
(0.0493547 0.000219458 -7.90582e-05)
(0.0393235 -7.23231e-05 0.00016773)
(0.0692447 -6.07623e-05 0.000300528)
(0.0876377 2.72609e-05 0.000636985)
(0.0970335 0.000289668 0.000720149)
(0.101796 0.000564944 0.00082304)
(0.102871 0.000647152 0.000860933)
(0.10395 0.000729749 0.000903766)
(0.103509 0.00075585 0.000885328)
(0.0995274 0.000654837 0.000713539)
(0.0900507 0.000532721 0.000398112)
(0.0688737 0.000298732 5.11651e-05)
(0.0365429 5.28356e-05 -5.34222e-05)
(0.0233323 1.4391e-05 3.0621e-05)
(0.0368179 4.98627e-05 5.42169e-05)
(0.0496855 7.97473e-05 0.000225099)
(0.0592461 0.000182863 0.000343311)
(0.0658607 0.000386658 0.000656672)
(0.0672461 0.000442662 0.000709819)
(0.0686396 0.000498489 0.000771979)
(0.0679853 0.000526832 0.000803346)
(0.0630755 0.000475346 0.000637327)
(0.0541205 0.00027998 0.000304166)
(0.0389919 0.000169345 6.24856e-05)
(0.0231222 3.09213e-05 -1.82588e-05)
)
;
    }
    procBoundary7to8
    {
        type            processor;
        value           nonuniform List<vector> 
68
(
(0.0245025 -3.58028e-05 1.31018e-05)
(0.041112 -0.000185235 -0.000106009)
(0.0570694 -0.000319711 -0.000412732)
(0.0667384 -0.000517826 -0.000743914)
(0.0719581 -0.000605794 -0.000904497)
(0.0384088 -6.50605e-05 5.97431e-05)
(0.0712874 -0.00032362 -5.14551e-05)
(0.0914634 -0.000573487 -0.000440414)
(0.100323 -0.000665697 -0.000771815)
(0.104043 -0.000740438 -0.000953933)
(0.051633 -0.000265524 0.000109674)
(0.0887498 -0.000638457 7.80339e-05)
(0.106 -0.000919803 -0.000266634)
(0.113492 -0.000890461 -0.000626922)
(0.116681 -0.000823565 -0.000866312)
(0.0615143 -0.000569357 0.00030812)
(0.0974091 -0.000761948 0.000370956)
(0.11253 -0.000985683 0.000124573)
(0.119434 -0.000858037 -0.000224359)
(0.122575 -0.000694433 -0.000491318)
(0.0686213 -0.000800573 0.000524415)
(0.102007 -0.00091937 0.000616113)
(0.115817 -0.00102537 0.00045595)
(0.12235 -0.000808299 0.000144017)
(0.125456 -0.000549513 -0.00012202)
(0.126358 -0.000228429 -0.000355491)
(0.0723627 -0.000907226 0.000611005)
(0.104307 -0.000994991 0.000727258)
(0.117224 -0.000992774 0.000678623)
(0.123371 -0.000685321 0.000448595)
(0.126357 -0.00035494 0.000227703)
(0.127262 -8.15674e-07 -1.24356e-06)
(0.0719567 -0.000906322 0.000603361)
(0.068926 -0.000821657 0.000537836)
(0.104047 -0.000954312 0.00073905)
(0.102097 -0.000857985 0.000702158)
(0.116683 -0.000866333 0.000822984)
(0.122576 -0.0004912 0.00069373)
(0.125457 -0.000122644 0.000548655)
(0.126359 0.000226868 0.000352766)
(0.0661068 -0.000726585 0.000506914)
(0.100216 -0.000766493 0.000663527)
(0.106628 -0.000734836 0.000797614)
(0.11349 -0.000627334 0.000888897)
(0.119436 -0.000224643 0.000856652)
(0.122354 0.000143385 0.000806875)
(0.123376 0.00044767 0.000683012)
(0.0565705 -0.000384373 0.000301062)
(0.0912575 -0.000438479 0.000566971)
(0.0982988 -0.000389124 0.000759541)
(0.105997 -0.000265942 0.000914549)
(0.112532 0.000125222 0.000982536)
(0.115825 0.000455882 0.00102321)
(0.117232 0.000678116 0.000990036)
(0.0407569 -9.71028e-05 0.000178711)
(0.0708941 -5.74731e-05 0.000322428)
(0.0792301 -2.54929e-05 0.000499439)
(0.088764 7.83661e-05 0.000635813)
(0.0974178 0.000373164 0.000762503)
(0.102018 0.000617657 0.000917871)
(0.104316 0.000728004 0.000991968)
(0.0242651 1.1711e-05 3.47839e-05)
(0.038086 5.32502e-05 6.49898e-05)
(0.0441265 5.71427e-05 0.000180331)
(0.0516517 0.000108741 0.000269461)
(0.0615296 0.000308371 0.000570952)
(0.0686265 0.000525791 0.000798411)
(0.0723625 0.000612573 0.000903779)
)
;
    }
    procBoundary7to9
    {
        type            processor;
        value           nonuniform List<vector> 
59
(
(0.0723786 -0.000613794 -0.000904853)
(0.0686556 -0.000528897 -0.000797753)
(0.0615656 -0.000312673 -0.000568673)
(0.0516857 -0.000113956 -0.000269493)
(0.0384493 -6.46298e-05 -6.54092e-05)
(0.0245247 -1.58799e-05 -3.6592e-05)
(0.104299 -0.000728827 -0.000993702)
(0.101994 -0.000619743 -0.000917621)
(0.0973902 -0.00037818 -0.00076355)
(0.0887502 -8.44903e-05 -0.000634938)
(0.071329 4.5989e-05 -0.000324525)
(0.0411425 0.000103866 -0.000190157)
(0.117218 -0.000679565 -0.000993245)
(0.115804 -0.000457486 -0.00102636)
(0.112507 -0.000128216 -0.000986072)
(0.105974 0.000261388 -0.000920013)
(0.0914683 0.000436555 -0.00057628)
(0.0571006 0.000411892 -0.000324114)
(0.12337 -0.000449163 -0.000686358)
(0.122344 -0.000145202 -0.000810409)
(0.119424 0.000221771 -0.000860871)
(0.113479 0.0006225 -0.000892026)
(0.100321 0.00076909 -0.000667466)
(0.066772 0.000739081 -0.000513835)
(0.125453 0.000120785 -0.000551828)
(0.12257 0.000488602 -0.000696984)
(0.116676 0.00086154 -0.000825278)
(0.104047 0.000948706 -0.000739949)
(0.071984 0.000899656 -0.000602848)
(0.126356 0.000353124 -0.000230429)
(0.123365 0.000683189 -0.000451463)
(0.117214 0.000988977 -0.00068063)
(0.104304 0.000990626 -0.000728004)
(0.0723997 0.000901464 -0.000610634)
(0.125455 0.000547824 0.000119074)
(0.122342 0.000806327 -0.000147137)
(0.115801 0.00102204 -0.000458333)
(0.101998 0.000915877 -0.000617737)
(0.0686713 0.00079603 -0.000525419)
(0.122575 0.000692832 0.000487775)
(0.119423 0.000856085 0.000220792)
(0.112503 0.000981189 -0.000128386)
(0.0973926 0.000762491 -0.000375024)
(0.0615806 0.00056811 -0.000309043)
(0.116686 0.000822276 0.000862648)
(0.11348 0.000888386 0.000623417)
(0.105972 0.000912934 0.000261972)
(0.0887543 0.000634596 -8.1153e-05)
(0.0517008 0.000269019 -0.00011012)
(0.104052 0.000739322 0.000950524)
(0.100322 0.00066791 0.000771644)
(0.091467 0.00057192 0.000437736)
(0.0713403 0.000321629 4.85738e-05)
(0.0384613 6.52443e-05 -6.15453e-05)
(0.0719564 0.000605101 0.000902543)
(0.0667592 0.000516863 0.00074191)
(0.0571006 0.000325806 0.000413989)
(0.0411494 0.000188406 0.000105188)
(0.0245314 3.61003e-05 -1.44635e-05)
)
;
    }
}


// ************************************************************************* //
