/*--------------------------------*- C++ -*----------------------------------*\
| =========                 |                                                 |
| \\      /  F ield         | OpenFOAM: The Open Source CFD Toolbox           |
|  \\    /   O peration     | Version:  2212                                  |
|   \\  /    A nd           | Website:  www.openfoam.com                      |
|    \\/     M anipulation  |                                                 |
\*---------------------------------------------------------------------------*/
FoamFile
{
    version     2.0;
    format      ascii;
    arch        "LSB;label=32;scalar=64";
    class       surfaceScalarField;
    location    "1.1";
    object      meshPhi;
}
// * * * * * * * * * * * * * * * * * * * * * * * * * * * * * * * * * * * * * //

dimensions      [0 3 -1 0 0 0 0];

oriented        oriented;

internalField   nonuniform List<scalar> 
1815
(
4.67492e-22
3.4714e-08
-3.4714e-08
0
3.4714e-08
-3.4714e-08
4.67492e-22
3.4714e-08
-3.4714e-08
4.67492e-22
3.4714e-08
-3.4714e-08
0
3.4714e-08
-3.4714e-08
4.67492e-22
3.4714e-08
-3.4714e-08
-4.67492e-22
3.4714e-08
-3.4714e-08
-4.67492e-22
3.4714e-08
-3.4714e-08
8.76111e-37
3.4714e-08
-3.4714e-08
0
3.4714e-08
-3.4714e-08
3.4714e-08
-3.4714e-08
-9.01348e-22
6.5559e-08
-3.0845e-08
-1.8027e-21
6.5559e-08
-3.0845e-08
-9.01348e-22
6.5559e-08
-3.0845e-08
0
6.5559e-08
-3.0845e-08
-8.22846e-37
6.5559e-08
-3.0845e-08
9.01348e-22
6.5559e-08
-3.0845e-08
-9.01348e-22
6.5559e-08
-3.0845e-08
-9.01348e-22
6.5559e-08
-3.0845e-08
-9.01348e-22
6.5559e-08
-3.0845e-08
-9.01348e-22
6.5559e-08
-3.0845e-08
6.5559e-08
-3.0845e-08
-1.2729e-21
9.05895e-08
-2.50304e-08
-1.2729e-21
9.05895e-08
-2.50304e-08
0
9.05895e-08
-2.50304e-08
-1.2729e-21
9.05895e-08
-2.50304e-08
1.2729e-21
9.05895e-08
-2.50304e-08
-1.17549e-37
9.05895e-08
-2.50304e-08
-1.17549e-37
9.05895e-08
-2.50304e-08
-1.17549e-37
9.05895e-08
-2.50304e-08
-1.17549e-37
9.05895e-08
-2.50304e-08
-1.17549e-37
9.05895e-08
-2.50304e-08
9.05895e-08
-2.50304e-08
0
1.08218e-07
-1.76285e-08
0
1.08218e-07
-1.76285e-08
1.55751e-21
1.08218e-07
-1.76285e-08
0
1.08218e-07
-1.76285e-08
-1.55751e-21
1.08218e-07
-1.76285e-08
1.55751e-21
1.08218e-07
-1.76285e-08
3.11502e-21
1.08218e-07
-1.76285e-08
1.55751e-21
1.08218e-07
-1.76285e-08
0
1.08218e-07
-1.76285e-08
0
1.08218e-07
-1.76285e-08
1.08218e-07
-1.76285e-08
1.73624e-21
-9.10464e-09
-3.52648e-37
-9.10464e-09
0
-9.10464e-09
-1.73624e-21
-9.10464e-09
1.73624e-21
-9.10464e-09
-3.52648e-37
-9.10464e-09
-3.47248e-21
-9.10464e-09
1.73624e-21
-9.10464e-09
-3.47248e-21
-9.10464e-09
-3.52648e-37
-9.10464e-09
-9.10464e-09
0
3.0845e-08
-6.5559e-08
0
3.0845e-08
-6.5559e-08
0
3.0845e-08
-6.5559e-08
0
3.0845e-08
-6.5559e-08
0
3.0845e-08
-6.5559e-08
1.8027e-21
3.0845e-08
-6.5559e-08
0
3.0845e-08
-6.5559e-08
9.01348e-22
3.0845e-08
-6.5559e-08
9.01348e-22
3.0845e-08
-6.5559e-08
0
3.0845e-08
-6.5559e-08
3.0845e-08
-6.5559e-08
0
5.80257e-08
-5.80257e-08
0
5.80257e-08
-5.80257e-08
-2.60491e-21
5.80257e-08
-5.80257e-08
0
5.80257e-08
-5.80257e-08
0
5.80257e-08
-5.80257e-08
0
5.80257e-08
-5.80257e-08
0
5.80257e-08
-5.80257e-08
1.30245e-21
5.80257e-08
-5.80257e-08
0
5.80257e-08
-5.80257e-08
1.30245e-21
5.80257e-08
-5.80257e-08
5.80257e-08
-5.80257e-08
1.64631e-21
7.99557e-08
-4.69604e-08
1.64631e-21
7.99557e-08
-4.69604e-08
0
7.99557e-08
-4.69604e-08
0
7.99557e-08
-4.69604e-08
0
7.99557e-08
-4.69604e-08
0
7.99557e-08
-4.69604e-08
3.29262e-21
7.99557e-08
-4.69604e-08
0
7.99557e-08
-4.69604e-08
-1.64631e-21
7.99557e-08
-4.69604e-08
1.64631e-21
7.99557e-08
-4.69604e-08
7.99557e-08
-4.69604e-08
0
9.53421e-08
-3.30149e-08
1.90991e-21
9.53421e-08
-3.30149e-08
1.90991e-21
9.53421e-08
-3.30149e-08
0
9.53421e-08
-3.30149e-08
1.90991e-21
9.53421e-08
-3.30149e-08
1.90991e-21
9.53421e-08
-3.30149e-08
1.90991e-21
9.53421e-08
-3.30149e-08
0
9.53421e-08
-3.30149e-08
1.90991e-21
9.53421e-08
-3.30149e-08
1.90991e-21
9.53421e-08
-3.30149e-08
9.53421e-08
-3.30149e-08
2.07554e-21
-1.70341e-08
0
-1.70341e-08
4.15107e-21
-1.70341e-08
2.07554e-21
-1.70341e-08
2.07554e-21
-1.70341e-08
5.28972e-37
-1.70341e-08
2.07554e-21
-1.70341e-08
-2.07554e-21
-1.70341e-08
5.28972e-37
-1.70341e-08
4.15107e-21
-1.70341e-08
-1.70341e-08
-1.2729e-21
2.50304e-08
-9.05895e-08
0
2.50304e-08
-9.05895e-08
-1.2729e-21
2.50304e-08
-9.05895e-08
-2.54581e-21
2.50304e-08
-9.05895e-08
-1.2729e-21
2.50304e-08
-9.05895e-08
-1.2729e-21
2.50304e-08
-9.05895e-08
0
2.50304e-08
-9.05895e-08
-1.2729e-21
2.50304e-08
-9.05895e-08
-1.2729e-21
2.50304e-08
-9.05895e-08
-1.2729e-21
2.50304e-08
-9.05895e-08
2.50304e-08
-9.05895e-08
0
4.69604e-08
-7.99557e-08
0
4.69604e-08
-7.99557e-08
1.64631e-21
4.69604e-08
-7.99557e-08
1.64631e-21
4.69604e-08
-7.99557e-08
3.29262e-21
4.69604e-08
-7.99557e-08
1.64631e-21
4.69604e-08
-7.99557e-08
0
4.69604e-08
-7.99557e-08
1.64631e-21
4.69604e-08
-7.99557e-08
0
4.69604e-08
-7.99557e-08
-1.79263e-36
4.69604e-08
-7.99557e-08
4.69604e-08
-7.99557e-08
0
6.45823e-08
-6.45823e-08
0
6.45823e-08
-6.45823e-08
0
6.45823e-08
-6.45823e-08
3.93354e-21
6.45823e-08
-6.45823e-08
4.4081e-37
6.45823e-08
-6.45823e-08
4.4081e-37
6.45823e-08
-6.45823e-08
4.4081e-37
6.45823e-08
-6.45823e-08
-1.96677e-21
6.45823e-08
-6.45823e-08
4.4081e-37
6.45823e-08
-6.45823e-08
4.4081e-37
6.45823e-08
-6.45823e-08
6.45823e-08
-6.45823e-08
-2.21265e-21
7.69129e-08
-4.53455e-08
-2.21265e-21
7.69129e-08
-4.53455e-08
0
7.69129e-08
-4.53455e-08
-6.63794e-21
7.69129e-08
-4.53455e-08
-4.42529e-21
7.69129e-08
-4.53455e-08
-2.21265e-21
7.69129e-08
-4.53455e-08
-1.58692e-36
7.69129e-08
-4.53455e-08
-2.21265e-21
7.69129e-08
-4.53455e-08
-2.21265e-21
7.69129e-08
-4.53455e-08
-2.21265e-21
7.69129e-08
-4.53455e-08
7.69129e-08
-4.53455e-08
-4.73445e-21
-2.33789e-08
-2.36722e-21
-2.33789e-08
-2.36722e-21
-2.33789e-08
-2.36722e-21
-2.33789e-08
-2.36722e-21
-2.33789e-08
0
-2.33789e-08
-4.73445e-21
-2.33789e-08
-4.73445e-21
-2.33789e-08
-2.36722e-21
-2.33789e-08
-4.73445e-21
-2.33789e-08
-2.33789e-08
1.55751e-21
1.76285e-08
-1.08218e-07
1.55751e-21
1.76285e-08
-1.08218e-07
3.11502e-21
1.76285e-08
-1.08218e-07
1.55751e-21
1.76285e-08
-1.08218e-07
6.66726e-37
1.76285e-08
-1.08218e-07
3.11502e-21
1.76285e-08
-1.08218e-07
3.11502e-21
1.76285e-08
-1.08218e-07
0
1.76285e-08
-1.08218e-07
0
1.76285e-08
-1.08218e-07
1.55751e-21
1.76285e-08
-1.08218e-07
1.76285e-08
-1.08218e-07
0
3.30149e-08
-9.53421e-08
-1.90991e-21
3.30149e-08
-9.53421e-08
0
3.30149e-08
-9.53421e-08
-2.52731e-36
3.30149e-08
-9.53421e-08
1.90991e-21
3.30149e-08
-9.53421e-08
0
3.30149e-08
-9.53421e-08
1.90991e-21
3.30149e-08
-9.53421e-08
-2.52731e-36
3.30149e-08
-9.53421e-08
0
3.30149e-08
-9.53421e-08
0
3.30149e-08
-9.53421e-08
3.30149e-08
-9.53421e-08
0
4.53455e-08
-7.69129e-08
6.02441e-37
4.53455e-08
-7.69129e-08
0
4.53455e-08
-7.69129e-08
6.02441e-37
4.53455e-08
-7.69129e-08
6.02441e-37
4.53455e-08
-7.69129e-08
2.21265e-21
4.53455e-08
-7.69129e-08
6.02441e-37
4.53455e-08
-7.69129e-08
6.02441e-37
4.53455e-08
-7.69129e-08
-2.21265e-21
4.53455e-08
-7.69129e-08
1.20488e-36
4.53455e-08
-7.69129e-08
4.53455e-08
-7.69129e-08
4.8902e-21
5.3958e-08
-5.3958e-08
2.4451e-21
5.3958e-08
-5.3958e-08
4.8902e-21
5.3958e-08
-5.3958e-08
4.8902e-21
5.3958e-08
-5.3958e-08
4.8902e-21
5.3958e-08
-5.3958e-08
4.8902e-21
5.3958e-08
-5.3958e-08
4.8902e-21
5.3958e-08
-5.3958e-08
4.8902e-21
5.3958e-08
-5.3958e-08
4.8902e-21
5.3958e-08
-5.3958e-08
4.8902e-21
5.3958e-08
-5.3958e-08
5.3958e-08
-5.3958e-08
0
-2.78061e-08
-2.59131e-21
-2.78061e-08
-2.59131e-21
-2.78061e-08
-2.59131e-21
-2.78061e-08
-2.59131e-21
-2.78061e-08
-2.59131e-21
-2.78061e-08
-2.59131e-21
-2.78061e-08
-2.59131e-21
-2.78061e-08
-2.59131e-21
-2.78061e-08
-2.59131e-21
-2.78061e-08
-2.78061e-08
0
9.10464e-09
-1.17323e-07
0
9.10464e-09
-1.17323e-07
-1.73624e-21
9.10464e-09
-1.17323e-07
1.73624e-21
9.10464e-09
-1.17323e-07
1.73624e-21
9.10464e-09
-1.17323e-07
1.73624e-21
9.10464e-09
-1.17323e-07
0
9.10464e-09
-1.17323e-07
1.73624e-21
9.10464e-09
-1.17323e-07
0
9.10464e-09
-1.17323e-07
0
9.10464e-09
-1.17323e-07
9.10464e-09
-1.17323e-07
-2.07554e-21
1.70341e-08
-1.03272e-07
0
1.70341e-08
-1.03272e-07
-2.07554e-21
1.70341e-08
-1.03272e-07
-2.07554e-21
1.70341e-08
-1.03272e-07
0
1.70341e-08
-1.03272e-07
-2.07554e-21
1.70341e-08
-1.03272e-07
-2.07554e-21
1.70341e-08
-1.03272e-07
-2.07554e-21
1.70341e-08
-1.03272e-07
0
1.70341e-08
-1.03272e-07
0
1.70341e-08
-1.03272e-07
1.70341e-08
-1.03272e-07
-2.36722e-21
2.33789e-08
-8.32578e-08
2.36722e-21
2.33789e-08
-8.32578e-08
2.36722e-21
2.33789e-08
-8.32578e-08
2.13058e-37
2.33789e-08
-8.32578e-08
2.13058e-37
2.33789e-08
-8.32578e-08
2.13058e-37
2.33789e-08
-8.32578e-08
2.13058e-37
2.33789e-08
-8.32578e-08
2.36722e-21
2.33789e-08
-8.32578e-08
2.13058e-37
2.33789e-08
-8.32578e-08
2.36722e-21
2.33789e-08
-8.32578e-08
2.33789e-08
-8.32578e-08
2.59131e-21
2.78061e-08
-5.83852e-08
2.59131e-21
2.78061e-08
-5.83852e-08
0
2.78061e-08
-5.83852e-08
2.59131e-21
2.78061e-08
-5.83852e-08
2.59131e-21
2.78061e-08
-5.83852e-08
2.59131e-21
2.78061e-08
-5.83852e-08
2.59131e-21
2.78061e-08
-5.83852e-08
2.59131e-21
2.78061e-08
-5.83852e-08
5.18262e-21
2.78061e-08
-5.83852e-08
5.18262e-21
2.78061e-08
-5.83852e-08
2.78061e-08
-5.83852e-08
0
3.00804e-08
-3.00804e-08
0
3.00804e-08
-3.00804e-08
2.73232e-21
3.00804e-08
-3.00804e-08
5.46463e-21
3.00804e-08
-3.00804e-08
0
3.00804e-08
-3.00804e-08
2.73232e-21
3.00804e-08
-3.00804e-08
2.73232e-21
3.00804e-08
-3.00804e-08
5.46463e-21
3.00804e-08
-3.00804e-08
2.73232e-21
3.00804e-08
-3.00804e-08
-2.73232e-21
3.00804e-08
-3.00804e-08
3.00804e-08
-3.00804e-08
2.78043e-21
-6.93632e-23
2.78043e-21
-6.93632e-23
2.78043e-21
-6.93632e-23
2.78043e-21
-6.88462e-23
0
-6.93632e-23
2.78043e-21
-6.93632e-23
2.78043e-21
-6.93632e-23
2.78043e-21
-6.93632e-23
2.78043e-21
-6.93632e-23
2.78043e-21
-6.93632e-23
-6.82424e-23
5.39534e-38
-1.08929e-21
-1.17323e-07
-1.79717e-21
-1.08878e-21
-1.17323e-07
1.79717e-21
-1.08929e-21
-1.17323e-07
0
-9.54618e-22
-1.17323e-07
0
-1.08929e-21
-1.17323e-07
1.79717e-21
-1.08929e-21
-1.17323e-07
-1.79717e-21
-1.08929e-21
-1.17323e-07
-1.79717e-21
-1.08929e-21
-1.17323e-07
0
-1.08878e-21
-1.17323e-07
0
-1.08878e-21
-1.17323e-07
-6.94573e-22
-1.17323e-07
2.13202e-21
-5.59898e-22
-1.03272e-07
0
-5.59898e-22
-1.03272e-07
0
-5.59898e-22
-1.03272e-07
0
-5.76441e-23
-1.03272e-07
2.13202e-21
-5.59898e-22
-1.03272e-07
0
-5.59898e-22
-1.03272e-07
2.13202e-21
-5.59898e-22
-1.03272e-07
0
-5.59898e-22
-1.03272e-07
0
-5.59898e-22
-1.03272e-07
4.26403e-21
-5.59898e-22
-1.03272e-07
-5.71272e-23
-1.03272e-07
-2.41995e-21
-1.08309e-22
-8.32578e-08
0
-1.0805e-22
-8.32578e-08
-2.41995e-21
-1.0805e-22
-8.32578e-08
-2.41995e-21
1.59232e-22
-8.32578e-08
0
-1.0805e-22
-8.32578e-08
-6.14839e-37
-1.08309e-22
-8.32578e-08
0
-1.08309e-22
-8.32578e-08
-6.14839e-37
-1.08309e-22
-8.32578e-08
0
-1.08309e-22
-8.32578e-08
-2.41995e-21
-1.0805e-22
-8.32578e-08
-1.80946e-22
-8.32578e-08
0
-2.08863e-22
-5.83852e-08
0
-2.08863e-22
-5.83852e-08
2.6412e-21
-2.08863e-22
-5.83852e-08
0
-2.28509e-22
-5.83852e-08
0
-2.08863e-22
-5.83852e-08
2.6412e-21
-2.08863e-22
-5.83852e-08
5.2771e-37
-2.08863e-22
-5.83852e-08
0
-2.08346e-22
-5.83852e-08
2.6412e-21
-2.08863e-22
-5.83852e-08
-2.6412e-21
-2.08863e-22
-5.83852e-08
-3.47933e-22
-5.83852e-08
0
-6.92764e-23
-3.00804e-08
0
-6.92764e-23
-3.00804e-08
0
-6.92764e-23
-3.00804e-08
2.78043e-21
-2.32645e-23
-3.00804e-08
0
-6.92764e-23
-3.00804e-08
2.78043e-21
-6.92764e-23
-3.00804e-08
2.78043e-21
-6.92764e-23
-3.00804e-08
-2.78043e-21
-6.92764e-23
-3.00804e-08
-1.00284e-36
-6.92764e-23
-3.00804e-08
-2.78043e-21
-6.92764e-23
-3.00804e-08
-2.32645e-23
-3.00804e-08
0
6.90179e-23
0
6.90179e-23
0
6.90179e-23
0
6.85009e-23
0
6.90179e-23
0
6.90179e-23
0
6.90179e-23
0
6.90179e-23
0
6.90179e-23
-6.56318e-37
6.90179e-23
6.81576e-23
1.73624e-21
-9.10464e-09
-1.08218e-07
5.20871e-21
-9.10464e-09
-1.08218e-07
0
-9.10464e-09
-1.08218e-07
1.73624e-21
-9.10464e-09
-1.08218e-07
3.47248e-21
-9.10464e-09
-1.08218e-07
1.73624e-21
-9.10464e-09
-1.08218e-07
0
-9.10464e-09
-1.08218e-07
1.73624e-21
-9.10464e-09
-1.08218e-07
3.47248e-21
-9.10464e-09
-1.08218e-07
1.73624e-21
-9.10464e-09
-1.08218e-07
-9.10464e-09
-1.08218e-07
0
-1.70341e-08
-9.53421e-08
2.07554e-21
-1.70341e-08
-9.53421e-08
2.07554e-21
-1.70341e-08
-9.53421e-08
2.07554e-21
-1.70341e-08
-9.53421e-08
2.07554e-21
-1.70341e-08
-9.53421e-08
5.84074e-37
-1.70341e-08
-9.53421e-08
5.84074e-37
-1.70341e-08
-9.53421e-08
5.84074e-37
-1.70341e-08
-9.53421e-08
2.07554e-21
-1.70341e-08
-9.53421e-08
2.07554e-21
-1.70341e-08
-9.53421e-08
-1.70341e-08
-9.53421e-08
0
-2.33789e-08
-7.69129e-08
0
-2.33789e-08
-7.69129e-08
-2.36722e-21
-2.33789e-08
-7.69129e-08
-2.36722e-21
-2.33789e-08
-7.69129e-08
-2.36722e-21
-2.33789e-08
-7.69129e-08
0
-2.33789e-08
-7.69129e-08
-2.36722e-21
-2.33789e-08
-7.69129e-08
-7.05297e-37
-2.33789e-08
-7.69129e-08
-7.05297e-37
-2.33789e-08
-7.69129e-08
-2.36722e-21
-2.33789e-08
-7.69129e-08
-2.33789e-08
-7.69129e-08
-2.59131e-21
-2.78061e-08
-5.3958e-08
-2.59131e-21
-2.78061e-08
-5.3958e-08
0
-2.78061e-08
-5.3958e-08
-2.59131e-21
-2.78061e-08
-5.3958e-08
0
-2.78061e-08
-5.3958e-08
5.18262e-21
-2.78061e-08
-5.3958e-08
2.59131e-21
-2.78061e-08
-5.3958e-08
0
-2.78061e-08
-5.3958e-08
0
-2.78061e-08
-5.3958e-08
0
-2.78061e-08
-5.3958e-08
-2.78061e-08
-5.3958e-08
0
-3.00804e-08
-2.78061e-08
0
-3.00804e-08
-2.78061e-08
0
-3.00804e-08
-2.78061e-08
2.73232e-21
-3.00804e-08
-2.78061e-08
0
-3.00804e-08
-2.78061e-08
2.73232e-21
-3.00804e-08
-2.78061e-08
2.73232e-21
-3.00804e-08
-2.78061e-08
2.73232e-21
-3.00804e-08
-2.78061e-08
0
-3.00804e-08
-2.78061e-08
2.73232e-21
-3.00804e-08
-2.78061e-08
-3.00804e-08
-2.78061e-08
2.78043e-21
1.88184e-22
0
1.88701e-22
2.78043e-21
1.88701e-22
5.56087e-21
3.27601e-22
0
1.88184e-22
0
1.88184e-22
2.78043e-21
1.88184e-22
0
1.88701e-22
5.56087e-21
1.88184e-22
0
1.88878e-22
3.27948e-22
0
-1.76285e-08
-9.05895e-08
0
-1.76285e-08
-9.05895e-08
1.55751e-21
-1.76285e-08
-9.05895e-08
0
-1.76285e-08
-9.05895e-08
0
-1.76285e-08
-9.05895e-08
1.55751e-21
-1.76285e-08
-9.05895e-08
1.55751e-21
-1.76285e-08
-9.05895e-08
1.55751e-21
-1.76285e-08
-9.05895e-08
0
-1.76285e-08
-9.05895e-08
0
-1.76285e-08
-9.05895e-08
8.32489e-37
-1.76285e-08
-9.05895e-08
-1.76285e-08
-9.05895e-08
1.90991e-21
-3.30149e-08
-7.99557e-08
6.61216e-37
-3.30149e-08
-7.99557e-08
1.90991e-21
-3.30149e-08
-7.99557e-08
0
-3.30149e-08
-7.99557e-08
1.90991e-21
-3.30149e-08
-7.99557e-08
1.90991e-21
-3.30149e-08
-7.99557e-08
1.90991e-21
-3.30149e-08
-7.99557e-08
1.90991e-21
-3.30149e-08
-7.99557e-08
1.90991e-21
-3.30149e-08
-7.99557e-08
0
-3.30149e-08
-7.99557e-08
0
-3.30149e-08
-7.99557e-08
-7.99557e-08
0
-4.53455e-08
-6.45823e-08
-2.21265e-21
-4.53455e-08
-6.45823e-08
0
-4.53455e-08
-6.45823e-08
-2.21265e-21
-4.53455e-08
-6.45823e-08
0
-4.53455e-08
-6.45823e-08
-1.631e-36
-4.53455e-08
-6.45823e-08
0
-4.53455e-08
-6.45823e-08
-2.21265e-21
-4.53455e-08
-6.45823e-08
-2.21265e-21
-4.53455e-08
-6.45823e-08
0
-4.53455e-08
-6.45823e-08
-4.53455e-08
-6.45823e-08
0
-5.3958e-08
-4.53455e-08
2.4451e-21
-5.3958e-08
-4.53455e-08
0
-5.3958e-08
-4.53455e-08
2.4451e-21
-5.3958e-08
-4.53455e-08
2.4451e-21
-5.3958e-08
-4.53455e-08
2.4451e-21
-5.3958e-08
-4.53455e-08
2.4451e-21
-5.3958e-08
-4.53455e-08
0
-5.3958e-08
-4.53455e-08
2.4451e-21
-5.3958e-08
-4.53455e-08
0
-5.3958e-08
-4.53455e-08
-5.3958e-08
-4.53455e-08
2.59131e-21
-5.83852e-08
-2.33789e-08
-2.59131e-21
-5.83852e-08
-2.33789e-08
0
-5.83852e-08
-2.33789e-08
2.59131e-21
-5.83852e-08
-2.33789e-08
5.18262e-21
-5.83852e-08
-2.33789e-08
2.59131e-21
-5.83852e-08
-2.33789e-08
2.59131e-21
-5.83852e-08
-2.33789e-08
2.59131e-21
-5.83852e-08
-2.33789e-08
5.18262e-21
-5.83852e-08
-2.33789e-08
5.18262e-21
-5.83852e-08
-2.33789e-08
-5.83852e-08
-2.33789e-08
0
6.94541e-23
0
6.94541e-23
0
6.94541e-23
0
2.85313e-23
-2.6412e-21
6.94541e-23
-2.6412e-21
6.94541e-23
2.6412e-21
6.94541e-23
2.6412e-21
6.94541e-23
-2.6412e-21
6.94541e-23
-2.6412e-21
6.94541e-23
2.99045e-23
0
-2.50304e-08
-6.5559e-08
0
-2.50304e-08
-6.5559e-08
0
-2.50304e-08
-6.5559e-08
2.54581e-21
-2.50304e-08
-6.5559e-08
0
-2.50304e-08
-6.5559e-08
2.54581e-21
-2.50304e-08
-6.5559e-08
2.54581e-21
-2.50304e-08
-6.5559e-08
1.2729e-21
-2.50304e-08
-6.5559e-08
2.54581e-21
-2.50304e-08
-6.5559e-08
0
-2.50304e-08
-6.5559e-08
2.54581e-21
-2.50304e-08
-6.5559e-08
-2.50304e-08
-6.5559e-08
3.29262e-21
-4.69604e-08
-5.80257e-08
1.64631e-21
-4.69604e-08
-5.80257e-08
1.64631e-21
-4.69604e-08
-5.80257e-08
-1.64631e-21
-4.69604e-08
-5.80257e-08
0
-4.69604e-08
-5.80257e-08
0
-4.69604e-08
-5.80257e-08
1.64631e-21
-4.69604e-08
-5.80257e-08
0
-4.69604e-08
-5.80257e-08
-1.64631e-21
-4.69604e-08
-5.80257e-08
1.64631e-21
-4.69604e-08
-5.80257e-08
2.49793e-37
-4.69604e-08
-5.80257e-08
-5.80257e-08
1.96677e-21
-6.45823e-08
-4.69604e-08
1.96677e-21
-6.45823e-08
-4.69604e-08
1.96677e-21
-6.45823e-08
-4.69604e-08
1.96677e-21
-6.45823e-08
-4.69604e-08
5.90031e-21
-6.45823e-08
-4.69604e-08
1.96677e-21
-6.45823e-08
-4.69604e-08
0
-6.45823e-08
-4.69604e-08
1.96677e-21
-6.45823e-08
-4.69604e-08
0
-6.45823e-08
-4.69604e-08
-4.70198e-37
-6.45823e-08
-4.69604e-08
-6.45823e-08
-4.69604e-08
0
-7.69129e-08
-3.30149e-08
5.87747e-37
-7.69129e-08
-3.30149e-08
0
-7.69129e-08
-3.30149e-08
2.21265e-21
-7.69129e-08
-3.30149e-08
-2.21265e-21
-7.69129e-08
-3.30149e-08
5.87747e-37
-7.69129e-08
-3.30149e-08
5.87747e-37
-7.69129e-08
-3.30149e-08
5.87747e-37
-7.69129e-08
-3.30149e-08
-2.21265e-21
-7.69129e-08
-3.30149e-08
2.21265e-21
-7.69129e-08
-3.30149e-08
-7.69129e-08
-3.30149e-08
0
-8.32578e-08
-1.70341e-08
0
-8.32578e-08
-1.70341e-08
0
-8.32578e-08
-1.70341e-08
0
-8.32578e-08
-1.70341e-08
2.35099e-37
-8.32578e-08
-1.70341e-08
-2.36722e-21
-8.32578e-08
-1.70341e-08
0
-8.32578e-08
-1.70341e-08
2.35099e-37
-8.32578e-08
-1.70341e-08
-2.36722e-21
-8.32578e-08
-1.70341e-08
0
-8.32578e-08
-1.70341e-08
-8.32578e-08
-1.70341e-08
0
5.59817e-22
0
5.59817e-22
0
5.59817e-22
0
5.23547e-22
0
5.59898e-22
-5.87747e-37
5.59898e-22
0
5.59898e-22
0
5.59898e-22
0
5.59898e-22
0
5.59898e-22
5.24484e-22
0
-3.0845e-08
-3.4714e-08
-9.01348e-22
-3.0845e-08
-3.4714e-08
9.01348e-22
-3.0845e-08
-3.4714e-08
0
-3.0845e-08
-3.4714e-08
0
-3.0845e-08
-3.4714e-08
9.01348e-22
-3.0845e-08
-3.4714e-08
-1.8027e-21
-3.0845e-08
-3.4714e-08
-9.01348e-22
-3.0845e-08
-3.4714e-08
-9.01348e-22
-3.0845e-08
-3.4714e-08
0
-3.0845e-08
-3.4714e-08
9.01348e-22
-3.0845e-08
-3.4714e-08
-3.0845e-08
-3.4714e-08
-1.30245e-21
-5.80257e-08
-3.0845e-08
-1.30245e-21
-5.80257e-08
-3.0845e-08
-1.30245e-21
-5.80257e-08
-3.0845e-08
-1.30245e-21
-5.80257e-08
-3.0845e-08
-1.30245e-21
-5.80257e-08
-3.0845e-08
-9.40395e-37
-5.80257e-08
-3.0845e-08
-1.30245e-21
-5.80257e-08
-3.0845e-08
-1.30245e-21
-5.80257e-08
-3.0845e-08
-1.30245e-21
-5.80257e-08
-3.0845e-08
-1.30245e-21
-5.80257e-08
-3.0845e-08
-1.30245e-21
-5.80257e-08
-3.0845e-08
-3.0845e-08
0
-7.99557e-08
-2.50304e-08
0
-7.99557e-08
-2.50304e-08
0
-7.99557e-08
-2.50304e-08
-1.8514e-36
-7.99557e-08
-2.50304e-08
0
-7.99557e-08
-2.50304e-08
1.64631e-21
-7.99557e-08
-2.50304e-08
1.64631e-21
-7.99557e-08
-2.50304e-08
1.64631e-21
-7.99557e-08
-2.50304e-08
0
-7.99557e-08
-2.50304e-08
-1.8514e-36
-7.99557e-08
-2.50304e-08
-7.99557e-08
-2.50304e-08
1.90991e-21
-9.53421e-08
-1.76285e-08
-2.52731e-36
-9.53421e-08
-1.76285e-08
1.90991e-21
-9.53421e-08
-1.76285e-08
1.90991e-21
-9.53421e-08
-1.76285e-08
3.81982e-21
-9.53421e-08
-1.76285e-08
3.81982e-21
-9.53421e-08
-1.76285e-08
1.90991e-21
-9.53421e-08
-1.76285e-08
-2.52731e-36
-9.53421e-08
-1.76285e-08
1.90991e-21
-9.53421e-08
-1.76285e-08
1.90991e-21
-9.53421e-08
-1.76285e-08
-9.53421e-08
-1.76285e-08
0
-1.03272e-07
-9.10464e-09
0
-1.03272e-07
-9.10464e-09
-2.07554e-21
-1.03272e-07
-9.10464e-09
-2.07554e-21
-1.03272e-07
-9.10464e-09
-2.07554e-21
-1.03272e-07
-9.10464e-09
-4.15107e-21
-1.03272e-07
-9.10464e-09
-2.07554e-21
-1.03272e-07
-9.10464e-09
-2.07554e-21
-1.03272e-07
-9.10464e-09
-2.07554e-21
-1.03272e-07
-9.10464e-09
-2.07554e-21
-1.03272e-07
-9.10464e-09
-1.03272e-07
-9.10464e-09
1.35182e-36
1.08784e-21
-2.13202e-21
1.08784e-21
-2.13202e-21
1.08714e-21
-4.26403e-21
6.94492e-22
0
1.0887e-21
-2.13202e-21
1.08939e-21
-2.13202e-21
1.08939e-21
-2.13202e-21
1.0887e-21
-4.26403e-21
1.08714e-21
2.13202e-21
1.08714e-21
6.94492e-22
4.67492e-22
-3.4714e-08
4.67492e-22
-3.4714e-08
4.67492e-22
-3.4714e-08
0
-3.4714e-08
0
-3.4714e-08
-4.67492e-22
-3.4714e-08
4.67492e-22
-3.4714e-08
4.67492e-22
-3.4714e-08
0
-3.4714e-08
4.67492e-22
-3.4714e-08
-4.67492e-22
-3.4714e-08
-3.4714e-08
0
-6.5559e-08
0
-6.5559e-08
0
-6.5559e-08
9.01348e-22
-6.5559e-08
9.01348e-22
-6.5559e-08
9.01348e-22
-6.5559e-08
0
-6.5559e-08
0
-6.5559e-08
0
-6.5559e-08
9.01348e-22
-6.5559e-08
9.01348e-22
-6.5559e-08
0
-9.05895e-08
0
-9.05895e-08
1.2729e-21
-9.05895e-08
7.64071e-37
-9.05895e-08
7.64071e-37
-9.05895e-08
7.64071e-37
-9.05895e-08
7.64071e-37
-9.05895e-08
1.2729e-21
-9.05895e-08
7.64071e-37
-9.05895e-08
7.64071e-37
-9.05895e-08
-9.05895e-08
0
-1.08218e-07
0
-1.08218e-07
1.55751e-21
-1.08218e-07
1.55751e-21
-1.08218e-07
0
-1.08218e-07
0
-1.08218e-07
0
-1.08218e-07
3.11502e-21
-1.08218e-07
3.11502e-21
-1.08218e-07
1.55751e-21
-1.08218e-07
-1.08218e-07
0
-1.17323e-07
0
-1.17323e-07
-1.73624e-21
-1.17323e-07
1.73624e-21
-1.17323e-07
-1.73624e-21
-1.17323e-07
-1.73624e-21
-1.17323e-07
0
-1.17323e-07
1.76324e-37
-1.17323e-07
0
-1.17323e-07
0
-1.17323e-07
-1.17323e-07
5.87747e-38
5.87747e-38
1.79717e-21
0
1.79717e-21
5.87747e-38
0
0
0
0
)
;

boundaryField
{
    inlet
    {
        type            calculated;
        value           nonuniform List<scalar> 0();
    }
    ami1
    {
        type            cyclicAMI;
        value           nonuniform List<scalar> 0();
    }
    walls
    {
        type            calculated;
        value           nonuniform List<scalar> 
248
(
-2.90979e-14
-2.43942e-14
-1.84387e-14
-1.28555e-14
-6.40674e-15
-2.90979e-14
-2.43942e-14
-1.84387e-14
-1.28555e-14
-6.40674e-15
-2.90979e-14
-2.43942e-14
-1.84387e-14
-1.28555e-14
-6.40674e-15
-2.90979e-14
-2.43942e-14
-1.84387e-14
-1.28555e-14
-6.40674e-15
-2.90979e-14
-2.43942e-14
-1.84387e-14
-1.28555e-14
-6.40674e-15
-2.90979e-14
-2.43942e-14
-1.84387e-14
-1.28555e-14
-6.40674e-15
-2.90979e-14
-2.43942e-14
-1.84387e-14
-1.28555e-14
-6.40674e-15
-2.90979e-14
-2.43942e-14
-1.84387e-14
-1.28555e-14
-6.40674e-15
-2.90979e-14
-2.43942e-14
-1.84387e-14
-1.28555e-14
-6.40674e-15
-2.90979e-14
-2.43942e-14
-1.84387e-14
-1.28555e-14
-6.40674e-15
-2.90979e-14
-2.43942e-14
-1.84387e-14
-1.28555e-14
-6.40674e-15
2.90979e-14
2.43942e-14
1.84387e-14
1.28555e-14
6.40674e-15
6.10304e-22
2.90979e-14
2.43942e-14
1.84387e-14
1.28555e-14
6.40674e-15
6.10304e-22
2.90979e-14
2.43942e-14
1.84387e-14
1.28555e-14
6.40674e-15
6.10304e-22
2.90979e-14
2.43942e-14
1.84387e-14
1.28555e-14
6.40674e-15
4.35659e-22
2.90979e-14
2.43942e-14
1.84387e-14
1.28555e-14
6.40674e-15
6.12986e-22
2.90979e-14
2.43942e-14
1.84387e-14
1.28555e-14
6.40674e-15
6.12986e-22
2.90979e-14
2.43942e-14
1.84387e-14
1.28555e-14
6.40674e-15
6.12986e-22
2.90979e-14
2.43942e-14
1.84387e-14
1.28555e-14
6.40674e-15
6.12986e-22
2.90979e-14
2.43942e-14
1.84387e-14
1.28555e-14
6.40674e-15
6.12986e-22
2.90979e-14
2.43942e-14
1.84387e-14
1.28555e-14
6.40674e-15
6.12986e-22
2.90979e-14
2.43942e-14
1.84387e-14
1.28555e-14
6.40674e-15
4.3427e-22
2.90979e-14
2.43942e-14
2.90979e-14
2.43942e-14
1.84387e-14
1.28555e-14
6.40674e-15
6.10304e-22
-6.40674e-15
-1.28555e-14
-1.84387e-14
-2.43942e-14
-2.90979e-14
2.90979e-14
2.43942e-14
1.84387e-14
1.28555e-14
6.40674e-15
6.10304e-22
-6.40674e-15
-1.28555e-14
-1.84387e-14
-2.43942e-14
-2.90979e-14
2.90979e-14
2.43942e-14
1.84387e-14
1.28555e-14
6.40674e-15
6.10304e-22
-6.40674e-15
-1.28555e-14
-1.84387e-14
-2.43942e-14
-2.90979e-14
2.90979e-14
2.43942e-14
1.84387e-14
1.28555e-14
6.40674e-15
4.35659e-22
-6.40674e-15
-1.28555e-14
-1.84387e-14
-2.43942e-14
-2.90979e-14
2.90979e-14
2.43942e-14
1.84387e-14
1.28555e-14
6.40674e-15
6.12986e-22
-6.40674e-15
-1.28555e-14
-1.84387e-14
-2.43942e-14
-2.90979e-14
2.90979e-14
2.43942e-14
1.84387e-14
1.28555e-14
6.40674e-15
6.12986e-22
-6.40674e-15
-1.28555e-14
-1.84387e-14
-2.43942e-14
-2.90979e-14
2.90979e-14
2.43942e-14
1.84387e-14
1.28555e-14
6.40674e-15
6.12986e-22
-6.40674e-15
-1.28555e-14
-1.84387e-14
-2.43942e-14
-2.90979e-14
2.90979e-14
2.43942e-14
1.84387e-14
1.28555e-14
6.40674e-15
6.12986e-22
-6.40674e-15
-1.28555e-14
-1.84387e-14
-2.43942e-14
-2.90979e-14
2.90979e-14
2.43942e-14
1.84387e-14
1.28555e-14
6.40674e-15
6.12986e-22
-6.40674e-15
-1.28555e-14
-1.84387e-14
-2.43942e-14
-2.90979e-14
2.90979e-14
2.43942e-14
1.84387e-14
1.28555e-14
6.40674e-15
6.12986e-22
-6.40674e-15
-1.28555e-14
-1.84387e-14
-2.43942e-14
-2.90979e-14
2.90979e-14
2.43942e-14
1.84387e-14
1.28555e-14
6.40674e-15
4.3427e-22
-6.40674e-15
-1.28555e-14
-1.84387e-14
-2.43942e-14
-2.90979e-14
-1.28555e-14
-1.84387e-14
-2.43942e-14
-2.90979e-14
)
;
    }
    ami2
    {
        type            cyclicAMI;
        value           nonuniform List<scalar> 0();
    }
    outlet
    {
        type            calculated;
        value           nonuniform List<scalar> 0();
    }
    procBoundary8to0
    {
        type            processor;
        value           nonuniform List<scalar> 
29
(
-4.67492e-22
8.54988e-37
-1.2729e-21
0
-1.73624e-21
-9.01348e-22
1.30245e-21
0
-3.81982e-21
-2.07554e-21
-1.2729e-21
0
-1.96677e-21
0
6.53869e-37
-3.11502e-21
-1.90991e-21
-6.17135e-37
2.4451e-21
-2.59131e-21
0
0
-2.36722e-21
0
0
0
0
0
0
)
;
    }
    procBoundary8to1
    {
        type            processor;
        value           nonuniform List<scalar> 
33
(
0
2.13202e-21
0
0
-2.07554e-21
0
-2.59131e-21
0
0
-1.55751e-21
0
-2.21265e-21
-2.4451e-21
0
0
0
0
-3.93354e-21
0
0
6.6971e-37
-1.8027e-21
0
0
0
2.07554e-21
2.13202e-21
8.96314e-37
9.01348e-22
0
7.64071e-37
0
0
)
;
    }
    procBoundary8to7
    {
        type            processor;
        value           nonuniform List<scalar> 
68
(
4.67492e-22
-1.64569e-36
-1.2729e-21
-1.55751e-21
-3.47248e-21
9.01348e-22
9.69783e-37
1.64631e-21
3.81982e-21
0
-7.12643e-37
3.29262e-21
0
-2.21265e-21
-2.36722e-21
1.55751e-21
-1.90991e-21
-2.21265e-21
4.8902e-21
2.59131e-21
-1.36835e-37
-4.15107e-21
0
2.59131e-21
2.73232e-21
-2.78043e-21
5.39534e-38
1.32978e-36
6.14839e-37
0
1.00284e-36
0
3.72163e-37
1.08218e-07
4.15107e-21
9.53421e-08
0
1.91018e-37
2.73232e-21
2.78043e-21
-1.55751e-21
1.90991e-21
-3.30149e-08
1.631e-36
2.4451e-21
2.59131e-21
0
2.54581e-21
1.64631e-21
-4.69604e-08
-4.70198e-37
-2.21265e-21
-2.35099e-37
-2.41995e-21
-8.32948e-37
-1.30245e-21
-5.80257e-08
1.8514e-36
0
-4.15107e-21
-2.13202e-21
4.67492e-22
-1.6163e-37
-6.5559e-08
0
-1.55751e-21
-1.76324e-37
-1.79717e-21
)
;
    }
    procBoundary8to9
    {
        type            processor;
        value           nonuniform List<scalar> 
132
(
1.17323e-07
1.17323e-07
1.17323e-07
1.17323e-07
1.17323e-07
1.17323e-07
1.17323e-07
1.17323e-07
1.17323e-07
1.17323e-07
1.17323e-07
1.03272e-07
1.03272e-07
1.03272e-07
1.03272e-07
1.03272e-07
1.03272e-07
1.03272e-07
1.03272e-07
1.03272e-07
1.03272e-07
1.03272e-07
8.32578e-08
8.32578e-08
8.32578e-08
8.32578e-08
8.32578e-08
8.32578e-08
8.32578e-08
8.32578e-08
8.32578e-08
8.32578e-08
8.32578e-08
5.83852e-08
5.83852e-08
5.83852e-08
5.83852e-08
5.83852e-08
5.83852e-08
5.83852e-08
5.83852e-08
5.83852e-08
5.83852e-08
5.83852e-08
1.88184e-22
1.88701e-22
1.88184e-22
2.07829e-22
1.88184e-22
1.88184e-22
1.88184e-22
1.88701e-22
1.88184e-22
1.88701e-22
3.2777e-22
3.00804e-08
3.00804e-08
3.00804e-08
3.00804e-08
3.00804e-08
3.00804e-08
3.00804e-08
3.00804e-08
3.00804e-08
3.00804e-08
3.00804e-08
6.87594e-23
6.87594e-23
6.87594e-23
8.89219e-23
6.87594e-23
6.87594e-23
6.87594e-23
6.87594e-23
6.87594e-23
6.87594e-23
8.89219e-23
-3.00804e-08
-3.00804e-08
-3.00804e-08
-3.00804e-08
-3.00804e-08
-3.00804e-08
-3.00804e-08
-3.00804e-08
-3.00804e-08
-3.00804e-08
-3.00804e-08
-5.83852e-08
-5.83852e-08
-5.83852e-08
-5.83852e-08
-5.83852e-08
-5.83852e-08
-5.83852e-08
-5.83852e-08
-5.83852e-08
-5.83852e-08
-5.83852e-08
-8.32578e-08
-8.32578e-08
-8.32578e-08
-8.32578e-08
-8.32578e-08
-8.32578e-08
-8.32578e-08
-8.32578e-08
-8.32578e-08
-8.32578e-08
-8.32578e-08
-1.03272e-07
-1.03272e-07
-1.03272e-07
-1.03272e-07
-1.03272e-07
-1.03272e-07
-1.03272e-07
-1.03272e-07
-1.03272e-07
-1.03272e-07
-1.03272e-07
-1.17323e-07
-1.17323e-07
-1.17323e-07
-1.17323e-07
-1.17323e-07
-1.17323e-07
-1.17323e-07
-1.17323e-07
-1.17323e-07
-1.17323e-07
-1.17323e-07
)
;
    }
}


// ************************************************************************* //
