/*--------------------------------*- C++ -*----------------------------------*\
| =========                 |                                                 |
| \\      /  F ield         | OpenFOAM: The Open Source CFD Toolbox           |
|  \\    /   O peration     | Version:  2212                                  |
|   \\  /    A nd           | Website:  www.openfoam.com                      |
|    \\/     M anipulation  |                                                 |
\*---------------------------------------------------------------------------*/
FoamFile
{
    version     2.0;
    format      ascii;
    arch        "LSB;label=32;scalar=64";
    class       vectorField;
    location    "1.4/polyMesh";
    object      points;
}
// * * * * * * * * * * * * * * * * * * * * * * * * * * * * * * * * * * * * * //


975
(
(0.086 0.0115327 -0.0163401)
(0.088 0.0115327 -0.0163401)
(0.09 0.0115327 -0.0163401)
(0.092 0.0115327 -0.0163401)
(0.094 0.0115327 -0.0163401)
(0.096 0.0115327 -0.0163401)
(0.098 0.0115327 -0.0163401)
(0.086 0.0137407 -0.0145325)
(0.088 0.0137407 -0.0145325)
(0.09 0.0137407 -0.0145325)
(0.092 0.0137407 -0.0145325)
(0.094 0.0137407 -0.0145325)
(0.096 0.0137407 -0.0145325)
(0.098 0.0137407 -0.0145325)
(0.086 0.015669 -0.012429)
(0.088 0.015669 -0.012429)
(0.09 0.015669 -0.012429)
(0.092 0.015669 -0.012429)
(0.094 0.015669 -0.012429)
(0.096 0.015669 -0.012429)
(0.098 0.015669 -0.012429)
(0.086 0.0172784 -0.0100726)
(0.088 0.0172784 -0.0100726)
(0.09 0.0172784 -0.0100726)
(0.092 0.0172784 -0.0100726)
(0.094 0.0172784 -0.0100726)
(0.096 0.0172784 -0.0100726)
(0.098 0.0172784 -0.0100726)
(0.086 0.018536 -0.00751111)
(0.088 0.018536 -0.00751111)
(0.09 0.018536 -0.00751111)
(0.092 0.018536 -0.00751111)
(0.094 0.018536 -0.00751111)
(0.096 0.018536 -0.00751111)
(0.098 0.018536 -0.00751111)
(0.086 0.0194163 -0.00479671)
(0.088 0.0194163 -0.00479671)
(0.09 0.0194163 -0.00479671)
(0.092 0.0194163 -0.00479671)
(0.094 0.0194163 -0.00479671)
(0.096 0.0194163 -0.00479671)
(0.098 0.0194163 -0.00479671)
(0.086 0.0199013 -0.00198466)
(0.088 0.0199013 -0.00198466)
(0.09 0.0199013 -0.00198466)
(0.092 0.0199013 -0.00198466)
(0.094 0.0199013 -0.00198466)
(0.096 0.0199013 -0.00198466)
(0.098 0.0199013 -0.00198466)
(0.086 0.0199812 0.000867791)
(0.088 0.0199812 0.000867791)
(0.09 0.0199812 0.000867791)
(0.092 0.0199812 0.000867791)
(0.094 0.0199812 0.000867791)
(0.096 0.0199812 0.000867791)
(0.098 0.0199812 0.000867791)
(0.086 0.0196543 0.00370257)
(0.088 0.0196543 0.00370257)
(0.09 0.0196543 0.00370257)
(0.092 0.0196543 0.00370257)
(0.094 0.0196543 0.00370257)
(0.096 0.0196543 0.00370257)
(0.098 0.0196543 0.00370257)
(0.086 0.0189273 0.00646198)
(0.088 0.0189273 0.00646198)
(0.09 0.0189273 0.00646198)
(0.092 0.0189273 0.00646198)
(0.094 0.0189273 0.00646198)
(0.096 0.0189273 0.00646198)
(0.098 0.0189273 0.00646198)
(0.086 0.017815 0.00908985)
(0.088 0.017815 0.00908985)
(0.09 0.017815 0.00908985)
(0.092 0.017815 0.00908985)
(0.094 0.017815 0.00908985)
(0.096 0.017815 0.00908985)
(0.098 0.017815 0.00908985)
(0.086 0.0163401 0.0115327)
(0.088 0.0163401 0.0115327)
(0.09 0.0163401 0.0115327)
(0.092 0.0163401 0.0115327)
(0.094 0.0163401 0.0115327)
(0.096 0.0163401 0.0115327)
(0.098 0.0163401 0.0115327)
(0.086 0.00908985 -0.017815)
(0.088 0.00908985 -0.017815)
(0.09 0.00908985 -0.017815)
(0.092 0.00908985 -0.017815)
(0.094 0.00908985 -0.017815)
(0.096 0.00908985 -0.017815)
(0.098 0.00908985 -0.017815)
(0.086 0.0110208 -0.0156149)
(0.088 0.0110208 -0.0156149)
(0.09 0.0110208 -0.0156149)
(0.092 0.0110208 -0.0156149)
(0.094 0.0110208 -0.0156149)
(0.096 0.0110208 -0.0156149)
(0.098 0.0110208 -0.0156149)
(0.086 0.0127305 -0.0131289)
(0.088 0.0127305 -0.0131289)
(0.09 0.0127305 -0.0131289)
(0.092 0.0127305 -0.0131289)
(0.094 0.0127305 -0.0131289)
(0.096 0.0127305 -0.0131289)
(0.098 0.0127305 -0.0131289)
(0.086 0.0141852 -0.010401)
(0.088 0.0141852 -0.010401)
(0.09 0.0141852 -0.010401)
(0.092 0.0141852 -0.010401)
(0.094 0.0141852 -0.010401)
(0.096 0.0141852 -0.010401)
(0.098 0.0141852 -0.010401)
(0.086 0.0153565 -0.00747988)
(0.088 0.0153565 -0.00747988)
(0.09 0.0153565 -0.00747988)
(0.092 0.0153565 -0.00747988)
(0.094 0.0153565 -0.00747988)
(0.096 0.0153565 -0.00747988)
(0.098 0.0153565 -0.00747988)
(0.086 0.0162218 -0.00441811)
(0.088 0.0162218 -0.00441811)
(0.09 0.0162218 -0.00441811)
(0.092 0.0162218 -0.00441811)
(0.094 0.0162218 -0.00441811)
(0.096 0.0162218 -0.00441811)
(0.098 0.0162218 -0.00441811)
(0.086 0.0167645 -0.00127125)
(0.088 0.0167645 -0.00127125)
(0.09 0.0167645 -0.00127125)
(0.092 0.0167645 -0.00127125)
(0.094 0.0167645 -0.00127125)
(0.096 0.0167645 -0.00127125)
(0.098 0.0167645 -0.00127125)
(0.086 0.0169749 0.00190347)
(0.088 0.0169749 0.00190347)
(0.09 0.0169749 0.00190347)
(0.092 0.0169749 0.00190347)
(0.094 0.0169749 0.00190347)
(0.096 0.0169749 0.00190347)
(0.098 0.0169749 0.00190347)
(0.086 0.0168498 0.00504822)
(0.088 0.0168498 0.00504822)
(0.09 0.0168498 0.00504822)
(0.092 0.0168498 0.00504822)
(0.094 0.0168498 0.00504822)
(0.096 0.0168498 0.00504822)
(0.098 0.0168498 0.00504822)
(0.086 0.016393 0.00810582)
(0.088 0.016393 0.00810582)
(0.09 0.016393 0.00810582)
(0.092 0.016393 0.00810582)
(0.094 0.016393 0.00810582)
(0.096 0.016393 0.00810582)
(0.098 0.016393 0.00810582)
(0.086 0.0156149 0.0110208)
(0.088 0.0156149 0.0110208)
(0.09 0.0156149 0.0110208)
(0.092 0.0156149 0.0110208)
(0.094 0.0156149 0.0110208)
(0.096 0.0156149 0.0110208)
(0.098 0.0156149 0.0110208)
(0.086 0.0145325 0.0137407)
(0.088 0.0145325 0.0137407)
(0.09 0.0145325 0.0137407)
(0.092 0.0145325 0.0137407)
(0.094 0.0145325 0.0137407)
(0.096 0.0145325 0.0137407)
(0.098 0.0145325 0.0137407)
(0.086 0.00646198 -0.0189273)
(0.088 0.00646198 -0.0189273)
(0.09 0.00646198 -0.0189273)
(0.092 0.00646198 -0.0189273)
(0.094 0.00646198 -0.0189273)
(0.096 0.00646198 -0.0189273)
(0.098 0.00646198 -0.0189273)
(0.086 0.00810582 -0.016393)
(0.088 0.00810582 -0.016393)
(0.09 0.00810582 -0.016393)
(0.092 0.00810582 -0.016393)
(0.094 0.00810582 -0.016393)
(0.096 0.00810582 -0.016393)
(0.098 0.00810582 -0.016393)
(0.086 0.00958673 -0.013583)
(0.088 0.00958673 -0.013583)
(0.09 0.00958673 -0.013583)
(0.092 0.00958673 -0.013583)
(0.094 0.00958673 -0.013583)
(0.096 0.00958673 -0.013583)
(0.098 0.00958673 -0.013583)
(0.086 0.0108767 -0.010542)
(0.088 0.0108767 -0.010542)
(0.09 0.0108767 -0.010542)
(0.092 0.0108767 -0.010542)
(0.094 0.0108767 -0.010542)
(0.096 0.0108767 -0.010542)
(0.098 0.0108767 -0.010542)
(0.086 0.0119517 -0.00731959)
(0.088 0.0119517 -0.00731959)
(0.09 0.0119517 -0.00731959)
(0.092 0.0119517 -0.00731959)
(0.094 0.0119517 -0.00731959)
(0.096 0.0119517 -0.00731959)
(0.098 0.0119517 -0.00731959)
(0.086 0.0127918 -0.00396885)
(0.088 0.0127918 -0.00396885)
(0.09 0.0127918 -0.00396885)
(0.092 0.0127918 -0.00396885)
(0.094 0.0127918 -0.00396885)
(0.096 0.0127918 -0.00396885)
(0.098 0.0127918 -0.00396885)
(0.086 0.0133823 -0.00054557)
(0.088 0.0133823 -0.00054557)
(0.09 0.0133823 -0.00054557)
(0.092 0.0133823 -0.00054557)
(0.094 0.0133823 -0.00054557)
(0.096 0.0133823 -0.00054557)
(0.098 0.0133823 -0.00054557)
(0.086 0.0137131 0.00289302)
(0.088 0.0137131 0.00289302)
(0.09 0.0137131 0.00289302)
(0.092 0.0137131 0.00289302)
(0.094 0.0137131 0.00289302)
(0.096 0.0137131 0.00289302)
(0.098 0.0137131 0.00289302)
(0.086 0.0137797 0.00628935)
(0.088 0.0137797 0.00628935)
(0.09 0.0137797 0.00628935)
(0.092 0.0137797 0.00628935)
(0.094 0.0137797 0.00628935)
(0.096 0.0137797 0.00628935)
(0.098 0.0137797 0.00628935)
(0.086 0.013583 0.00958673)
(0.088 0.013583 0.00958673)
(0.09 0.013583 0.00958673)
(0.092 0.013583 0.00958673)
(0.094 0.013583 0.00958673)
(0.096 0.013583 0.00958673)
(0.098 0.013583 0.00958673)
(0.086 0.0131289 0.0127305)
(0.088 0.0131289 0.0127305)
(0.09 0.0131289 0.0127305)
(0.092 0.0131289 0.0127305)
(0.094 0.0131289 0.0127305)
(0.096 0.0131289 0.0127305)
(0.098 0.0131289 0.0127305)
(0.086 0.012429 0.015669)
(0.088 0.012429 0.015669)
(0.09 0.012429 0.015669)
(0.092 0.012429 0.015669)
(0.094 0.012429 0.015669)
(0.096 0.012429 0.015669)
(0.098 0.012429 0.015669)
(0.086 0.00370257 -0.0196543)
(0.088 0.00370257 -0.0196543)
(0.09 0.00370257 -0.0196543)
(0.092 0.00370257 -0.0196543)
(0.094 0.00370257 -0.0196543)
(0.096 0.00370257 -0.0196543)
(0.098 0.00370257 -0.0196543)
(0.086 0.00504822 -0.0168498)
(0.088 0.00504822 -0.0168498)
(0.09 0.00504822 -0.0168498)
(0.092 0.00504822 -0.0168498)
(0.094 0.00504822 -0.0168498)
(0.096 0.00504822 -0.0168498)
(0.098 0.00504822 -0.0168498)
(0.086 0.00628935 -0.0137797)
(0.088 0.00628935 -0.0137797)
(0.09 0.00628935 -0.0137797)
(0.092 0.00628935 -0.0137797)
(0.094 0.00628935 -0.0137797)
(0.096 0.00628935 -0.0137797)
(0.098 0.00628935 -0.0137797)
(0.086 0.00740357 -0.0104898)
(0.088 0.00740357 -0.0104898)
(0.09 0.00740357 -0.0104898)
(0.092 0.00740357 -0.0104898)
(0.094 0.00740357 -0.0104898)
(0.096 0.00740357 -0.0104898)
(0.098 0.00740357 -0.0104898)
(0.086 0.00837111 -0.0070301)
(0.088 0.00837111 -0.0070301)
(0.09 0.00837111 -0.0070301)
(0.092 0.00837111 -0.0070301)
(0.094 0.00837111 -0.0070301)
(0.096 0.00837111 -0.0070301)
(0.098 0.00837111 -0.0070301)
(0.086 0.00917515 -0.00345442)
(0.088 0.00917515 -0.00345442)
(0.09 0.00917515 -0.00345442)
(0.092 0.00917515 -0.00345442)
(0.094 0.00917515 -0.00345442)
(0.096 0.00917515 -0.00345442)
(0.098 0.00917515 -0.00345442)
(0.086 0.00980222 0.000181262)
(0.088 0.00980222 0.000181262)
(0.09 0.00980222 0.000181262)
(0.092 0.00980222 0.000181262)
(0.094 0.00980222 0.000181262)
(0.096 0.00980222 0.000181262)
(0.098 0.00980222 0.000181262)
(0.086 0.0102424 0.00381969)
(0.088 0.0102424 0.00381969)
(0.09 0.0102424 0.00381969)
(0.092 0.0102424 0.00381969)
(0.094 0.0102424 0.00381969)
(0.096 0.0102424 0.00381969)
(0.098 0.0102424 0.00381969)
(0.086 0.0104898 0.00740357)
(0.088 0.0104898 0.00740357)
(0.09 0.0104898 0.00740357)
(0.092 0.0104898 0.00740357)
(0.094 0.0104898 0.00740357)
(0.096 0.0104898 0.00740357)
(0.098 0.0104898 0.00740357)
(0.086 0.010542 0.0108767)
(0.088 0.010542 0.0108767)
(0.09 0.010542 0.0108767)
(0.092 0.010542 0.0108767)
(0.094 0.010542 0.0108767)
(0.096 0.010542 0.0108767)
(0.098 0.010542 0.0108767)
(0.086 0.010401 0.0141852)
(0.088 0.010401 0.0141852)
(0.09 0.010401 0.0141852)
(0.092 0.010401 0.0141852)
(0.094 0.010401 0.0141852)
(0.096 0.010401 0.0141852)
(0.098 0.010401 0.0141852)
(0.086 0.0100726 0.0172784)
(0.088 0.0100726 0.0172784)
(0.09 0.0100726 0.0172784)
(0.092 0.0100726 0.0172784)
(0.094 0.0100726 0.0172784)
(0.096 0.0100726 0.0172784)
(0.098 0.0100726 0.0172784)
(0.086 0.000867791 -0.0199812)
(0.088 0.000867791 -0.0199812)
(0.09 0.000867791 -0.0199812)
(0.092 0.000867791 -0.0199812)
(0.094 0.000867791 -0.0199812)
(0.096 0.000867791 -0.0199812)
(0.098 0.000867791 -0.0199812)
(0.086 0.00190347 -0.0169749)
(0.088 0.00190347 -0.0169749)
(0.09 0.00190347 -0.0169749)
(0.092 0.00190347 -0.0169749)
(0.094 0.00190347 -0.0169749)
(0.096 0.00190347 -0.0169749)
(0.098 0.00190347 -0.0169749)
(0.086 0.00289302 -0.0137131)
(0.088 0.00289302 -0.0137131)
(0.09 0.00289302 -0.0137131)
(0.092 0.00289302 -0.0137131)
(0.094 0.00289302 -0.0137131)
(0.096 0.00289302 -0.0137131)
(0.098 0.00289302 -0.0137131)
(0.086 0.00381969 -0.0102424)
(0.088 0.00381969 -0.0102424)
(0.09 0.00381969 -0.0102424)
(0.092 0.00381969 -0.0102424)
(0.094 0.00381969 -0.0102424)
(0.096 0.00381969 -0.0102424)
(0.098 0.00381969 -0.0102424)
(0.086 0.00466803 -0.0066139)
(0.088 0.00466803 -0.0066139)
(0.09 0.00466803 -0.0066139)
(0.092 0.00466803 -0.0066139)
(0.094 0.00466803 -0.0066139)
(0.096 0.00466803 -0.0066139)
(0.098 0.00466803 -0.0066139)
(0.086 0.00542415 -0.00288162)
(0.088 0.00542415 -0.00288162)
(0.09 0.00542415 -0.00288162)
(0.092 0.00542415 -0.00288162)
(0.094 0.00542415 -0.00288162)
(0.096 0.00542415 -0.00288162)
(0.098 0.00542415 -0.00288162)
(0.086 0.00607606 0.000898102)
(0.088 0.00607606 0.000898102)
(0.09 0.00607606 0.000898102)
(0.092 0.00607606 0.000898102)
(0.094 0.00607606 0.000898102)
(0.096 0.00607606 0.000898102)
(0.098 0.00607606 0.000898102)
(0.086 0.0066139 0.00466803)
(0.088 0.0066139 0.00466803)
(0.09 0.0066139 0.00466803)
(0.092 0.0066139 0.00466803)
(0.094 0.0066139 0.00466803)
(0.096 0.0066139 0.00466803)
(0.098 0.0066139 0.00466803)
(0.086 0.0070301 0.00837111)
(0.088 0.0070301 0.00837111)
(0.09 0.0070301 0.00837111)
(0.092 0.0070301 0.00837111)
(0.094 0.0070301 0.00837111)
(0.096 0.0070301 0.00837111)
(0.098 0.0070301 0.00837111)
(0.086 0.00731959 0.0119517)
(0.088 0.00731959 0.0119517)
(0.09 0.00731959 0.0119517)
(0.092 0.00731959 0.0119517)
(0.094 0.00731959 0.0119517)
(0.096 0.00731959 0.0119517)
(0.098 0.00731959 0.0119517)
(0.086 0.00747988 0.0153565)
(0.088 0.00747988 0.0153565)
(0.09 0.00747988 0.0153565)
(0.092 0.00747988 0.0153565)
(0.094 0.00747988 0.0153565)
(0.096 0.00747988 0.0153565)
(0.098 0.00747988 0.0153565)
(0.086 0.00751111 0.018536)
(0.088 0.00751111 0.018536)
(0.09 0.00751111 0.018536)
(0.092 0.00751111 0.018536)
(0.094 0.00751111 0.018536)
(0.096 0.00751111 0.018536)
(0.098 0.00751111 0.018536)
(0.086 -0.00198466 -0.0199013)
(0.088 -0.00198466 -0.0199013)
(0.09 -0.00198466 -0.0199013)
(0.092 -0.00198466 -0.0199013)
(0.094 -0.00198466 -0.0199013)
(0.096 -0.00198466 -0.0199013)
(0.098 -0.00198466 -0.0199013)
(0.086 -0.00127125 -0.0167645)
(0.088 -0.00127125 -0.0167645)
(0.09 -0.00127125 -0.0167645)
(0.092 -0.00127125 -0.0167645)
(0.094 -0.00127125 -0.0167645)
(0.096 -0.00127125 -0.0167645)
(0.098 -0.00127125 -0.0167645)
(0.086 -0.00054557 -0.0133823)
(0.088 -0.00054557 -0.0133823)
(0.09 -0.00054557 -0.0133823)
(0.092 -0.00054557 -0.0133823)
(0.094 -0.00054557 -0.0133823)
(0.096 -0.00054557 -0.0133823)
(0.098 -0.00054557 -0.0133823)
(0.086 0.000181262 -0.00980222)
(0.088 0.000181262 -0.00980222)
(0.09 0.000181262 -0.00980222)
(0.092 0.000181262 -0.00980222)
(0.094 0.000181262 -0.00980222)
(0.096 0.000181262 -0.00980222)
(0.098 0.000181262 -0.00980222)
(0.086 0.000898102 -0.00607606)
(0.088 0.000898102 -0.00607606)
(0.09 0.000898102 -0.00607606)
(0.092 0.000898102 -0.00607606)
(0.094 0.000898102 -0.00607606)
(0.096 0.000898102 -0.00607606)
(0.098 0.000898102 -0.00607606)
(0.086 0.00159401 -0.00225848)
(0.088 0.00159401 -0.00225848)
(0.09 0.00159401 -0.00225848)
(0.092 0.00159401 -0.00225848)
(0.094 0.00159401 -0.00225848)
(0.096 0.00159401 -0.00225848)
(0.098 0.00159401 -0.00225848)
(0.086 0.00225848 0.00159401)
(0.088 0.00225848 0.00159401)
(0.09 0.00225848 0.00159401)
(0.092 0.00225848 0.00159401)
(0.094 0.00225848 0.00159401)
(0.096 0.00225848 0.00159401)
(0.098 0.00225848 0.00159401)
(0.086 0.00288162 0.00542415)
(0.088 0.00288162 0.00542415)
(0.09 0.00288162 0.00542415)
(0.092 0.00288162 0.00542415)
(0.094 0.00288162 0.00542415)
(0.096 0.00288162 0.00542415)
(0.098 0.00288162 0.00542415)
(0.086 0.00345442 0.00917515)
(0.088 0.00345442 0.00917515)
(0.09 0.00345442 0.00917515)
(0.092 0.00345442 0.00917515)
(0.094 0.00345442 0.00917515)
(0.096 0.00345442 0.00917515)
(0.098 0.00345442 0.00917515)
(0.086 0.00396885 0.0127918)
(0.088 0.00396885 0.0127918)
(0.09 0.00396885 0.0127918)
(0.092 0.00396885 0.0127918)
(0.094 0.00396885 0.0127918)
(0.096 0.00396885 0.0127918)
(0.098 0.00396885 0.0127918)
(0.086 0.00441811 0.0162218)
(0.088 0.00441811 0.0162218)
(0.09 0.00441811 0.0162218)
(0.092 0.00441811 0.0162218)
(0.094 0.00441811 0.0162218)
(0.096 0.00441811 0.0162218)
(0.098 0.00441811 0.0162218)
(0.086 0.00479671 0.0194163)
(0.088 0.00479671 0.0194163)
(0.09 0.00479671 0.0194163)
(0.092 0.00479671 0.0194163)
(0.094 0.00479671 0.0194163)
(0.096 0.00479671 0.0194163)
(0.098 0.00479671 0.0194163)
(0.086 -0.00479671 -0.0194163)
(0.088 -0.00479671 -0.0194163)
(0.09 -0.00479671 -0.0194163)
(0.092 -0.00479671 -0.0194163)
(0.094 -0.00479671 -0.0194163)
(0.096 -0.00479671 -0.0194163)
(0.098 -0.00479671 -0.0194163)
(0.086 -0.00441811 -0.0162218)
(0.088 -0.00441811 -0.0162218)
(0.09 -0.00441811 -0.0162218)
(0.092 -0.00441811 -0.0162218)
(0.094 -0.00441811 -0.0162218)
(0.096 -0.00441811 -0.0162218)
(0.098 -0.00441811 -0.0162218)
(0.086 -0.00396885 -0.0127918)
(0.088 -0.00396885 -0.0127918)
(0.09 -0.00396885 -0.0127918)
(0.092 -0.00396885 -0.0127918)
(0.094 -0.00396885 -0.0127918)
(0.096 -0.00396885 -0.0127918)
(0.098 -0.00396885 -0.0127918)
(0.086 -0.00345442 -0.00917515)
(0.088 -0.00345442 -0.00917515)
(0.09 -0.00345442 -0.00917515)
(0.092 -0.00345442 -0.00917515)
(0.094 -0.00345442 -0.00917515)
(0.096 -0.00345442 -0.00917515)
(0.098 -0.00345442 -0.00917515)
(0.086 -0.00288162 -0.00542415)
(0.088 -0.00288162 -0.00542415)
(0.09 -0.00288162 -0.00542415)
(0.092 -0.00288162 -0.00542415)
(0.094 -0.00288162 -0.00542415)
(0.096 -0.00288162 -0.00542415)
(0.098 -0.00288162 -0.00542415)
(0.086 -0.00225848 -0.00159401)
(0.088 -0.00225848 -0.00159401)
(0.09 -0.00225848 -0.00159401)
(0.092 -0.00225848 -0.00159401)
(0.094 -0.00225848 -0.00159401)
(0.096 -0.00225848 -0.00159401)
(0.098 -0.00225848 -0.00159401)
(0.086 -0.00159401 0.00225848)
(0.088 -0.00159401 0.00225848)
(0.09 -0.00159401 0.00225848)
(0.092 -0.00159401 0.00225848)
(0.094 -0.00159401 0.00225848)
(0.096 -0.00159401 0.00225848)
(0.098 -0.00159401 0.00225848)
(0.086 -0.000898102 0.00607606)
(0.088 -0.000898102 0.00607606)
(0.09 -0.000898102 0.00607606)
(0.092 -0.000898102 0.00607606)
(0.094 -0.000898102 0.00607606)
(0.096 -0.000898102 0.00607606)
(0.098 -0.000898102 0.00607606)
(0.086 -0.000181262 0.00980222)
(0.088 -0.000181262 0.00980222)
(0.09 -0.000181262 0.00980222)
(0.092 -0.000181262 0.00980222)
(0.094 -0.000181262 0.00980222)
(0.096 -0.000181262 0.00980222)
(0.098 -0.000181262 0.00980222)
(0.086 0.00054557 0.0133823)
(0.088 0.00054557 0.0133823)
(0.09 0.00054557 0.0133823)
(0.092 0.00054557 0.0133823)
(0.094 0.00054557 0.0133823)
(0.096 0.00054557 0.0133823)
(0.098 0.00054557 0.0133823)
(0.086 0.00127125 0.0167645)
(0.088 0.00127125 0.0167645)
(0.09 0.00127125 0.0167645)
(0.092 0.00127125 0.0167645)
(0.094 0.00127125 0.0167645)
(0.096 0.00127125 0.0167645)
(0.098 0.00127125 0.0167645)
(0.086 0.00198466 0.0199013)
(0.088 0.00198466 0.0199013)
(0.09 0.00198466 0.0199013)
(0.092 0.00198466 0.0199013)
(0.094 0.00198466 0.0199013)
(0.096 0.00198466 0.0199013)
(0.098 0.00198466 0.0199013)
(0.086 -0.00751111 -0.018536)
(0.088 -0.00751111 -0.018536)
(0.09 -0.00751111 -0.018536)
(0.092 -0.00751111 -0.018536)
(0.094 -0.00751111 -0.018536)
(0.096 -0.00751111 -0.018536)
(0.086 -0.00747988 -0.0153565)
(0.088 -0.00747988 -0.0153565)
(0.09 -0.00747988 -0.0153565)
(0.092 -0.00747988 -0.0153565)
(0.094 -0.00747988 -0.0153565)
(0.096 -0.00747988 -0.0153565)
(0.086 -0.00731959 -0.0119517)
(0.088 -0.00731959 -0.0119517)
(0.09 -0.00731959 -0.0119517)
(0.092 -0.00731959 -0.0119517)
(0.094 -0.00731959 -0.0119517)
(0.096 -0.00731959 -0.0119517)
(0.086 -0.0070301 -0.00837111)
(0.088 -0.0070301 -0.00837111)
(0.09 -0.0070301 -0.00837111)
(0.092 -0.0070301 -0.00837111)
(0.094 -0.0070301 -0.00837111)
(0.096 -0.0070301 -0.00837111)
(0.086 -0.0066139 -0.00466803)
(0.088 -0.0066139 -0.00466803)
(0.09 -0.0066139 -0.00466803)
(0.092 -0.0066139 -0.00466803)
(0.094 -0.0066139 -0.00466803)
(0.096 -0.0066139 -0.00466803)
(0.086 -0.00607606 -0.000898102)
(0.088 -0.00607606 -0.000898102)
(0.09 -0.00607606 -0.000898102)
(0.092 -0.00607606 -0.000898102)
(0.094 -0.00607606 -0.000898102)
(0.096 -0.00607606 -0.000898102)
(0.098 -0.00607606 -0.000898102)
(0.086 -0.00542415 0.00288162)
(0.088 -0.00542415 0.00288162)
(0.09 -0.00542415 0.00288162)
(0.092 -0.00542415 0.00288162)
(0.094 -0.00542415 0.00288162)
(0.096 -0.00542415 0.00288162)
(0.098 -0.00542415 0.00288162)
(0.086 -0.00466803 0.0066139)
(0.088 -0.00466803 0.0066139)
(0.09 -0.00466803 0.0066139)
(0.092 -0.00466803 0.0066139)
(0.094 -0.00466803 0.0066139)
(0.096 -0.00466803 0.0066139)
(0.098 -0.00466803 0.0066139)
(0.086 -0.00381969 0.0102424)
(0.088 -0.00381969 0.0102424)
(0.09 -0.00381969 0.0102424)
(0.092 -0.00381969 0.0102424)
(0.094 -0.00381969 0.0102424)
(0.096 -0.00381969 0.0102424)
(0.098 -0.00381969 0.0102424)
(0.086 -0.00289302 0.0137131)
(0.088 -0.00289302 0.0137131)
(0.09 -0.00289302 0.0137131)
(0.092 -0.00289302 0.0137131)
(0.094 -0.00289302 0.0137131)
(0.096 -0.00289302 0.0137131)
(0.098 -0.00289302 0.0137131)
(0.086 -0.00190347 0.0169749)
(0.088 -0.00190347 0.0169749)
(0.09 -0.00190347 0.0169749)
(0.092 -0.00190347 0.0169749)
(0.094 -0.00190347 0.0169749)
(0.096 -0.00190347 0.0169749)
(0.098 -0.00190347 0.0169749)
(0.086 -0.000867791 0.0199812)
(0.088 -0.000867791 0.0199812)
(0.09 -0.000867791 0.0199812)
(0.092 -0.000867791 0.0199812)
(0.094 -0.000867791 0.0199812)
(0.096 -0.000867791 0.0199812)
(0.098 -0.000867791 0.0199812)
(0.088 -0.0100726 -0.0172784)
(0.09 -0.0100726 -0.0172784)
(0.092 -0.0100726 -0.0172784)
(0.094 -0.0100726 -0.0172784)
(0.096 -0.0100726 -0.0172784)
(0.088 -0.010401 -0.0141852)
(0.09 -0.010401 -0.0141852)
(0.092 -0.010401 -0.0141852)
(0.094 -0.010401 -0.0141852)
(0.096 -0.010401 -0.0141852)
(0.086 -0.010542 -0.0108767)
(0.088 -0.010542 -0.0108767)
(0.09 -0.010542 -0.0108767)
(0.092 -0.010542 -0.0108767)
(0.094 -0.010542 -0.0108767)
(0.096 -0.010542 -0.0108767)
(0.086 -0.0104898 -0.00740357)
(0.088 -0.0104898 -0.00740357)
(0.09 -0.0104898 -0.00740357)
(0.092 -0.0104898 -0.00740357)
(0.094 -0.0104898 -0.00740357)
(0.096 -0.0104898 -0.00740357)
(0.086 -0.0102424 -0.00381969)
(0.088 -0.0102424 -0.00381969)
(0.09 -0.0102424 -0.00381969)
(0.092 -0.0102424 -0.00381969)
(0.094 -0.0102424 -0.00381969)
(0.096 -0.0102424 -0.00381969)
(0.086 -0.00980222 -0.000181262)
(0.088 -0.00980222 -0.000181262)
(0.09 -0.00980222 -0.000181262)
(0.092 -0.00980222 -0.000181262)
(0.094 -0.00980222 -0.000181262)
(0.096 -0.00980222 -0.000181262)
(0.098 -0.00980222 -0.000181262)
(0.086 -0.00917515 0.00345442)
(0.088 -0.00917515 0.00345442)
(0.09 -0.00917515 0.00345442)
(0.092 -0.00917515 0.00345442)
(0.094 -0.00917515 0.00345442)
(0.096 -0.00917515 0.00345442)
(0.098 -0.00917515 0.00345442)
(0.086 -0.00837111 0.0070301)
(0.088 -0.00837111 0.0070301)
(0.09 -0.00837111 0.0070301)
(0.092 -0.00837111 0.0070301)
(0.094 -0.00837111 0.0070301)
(0.096 -0.00837111 0.0070301)
(0.098 -0.00837111 0.0070301)
(0.086 -0.00740357 0.0104898)
(0.088 -0.00740357 0.0104898)
(0.09 -0.00740357 0.0104898)
(0.092 -0.00740357 0.0104898)
(0.094 -0.00740357 0.0104898)
(0.096 -0.00740357 0.0104898)
(0.098 -0.00740357 0.0104898)
(0.086 -0.00628935 0.0137797)
(0.088 -0.00628935 0.0137797)
(0.09 -0.00628935 0.0137797)
(0.092 -0.00628935 0.0137797)
(0.094 -0.00628935 0.0137797)
(0.096 -0.00628935 0.0137797)
(0.098 -0.00628935 0.0137797)
(0.086 -0.00504822 0.0168498)
(0.088 -0.00504822 0.0168498)
(0.09 -0.00504822 0.0168498)
(0.092 -0.00504822 0.0168498)
(0.094 -0.00504822 0.0168498)
(0.096 -0.00504822 0.0168498)
(0.098 -0.00504822 0.0168498)
(0.086 -0.00370257 0.0196543)
(0.088 -0.00370257 0.0196543)
(0.09 -0.00370257 0.0196543)
(0.092 -0.00370257 0.0196543)
(0.094 -0.00370257 0.0196543)
(0.096 -0.00370257 0.0196543)
(0.098 -0.00370257 0.0196543)
(0.088 -0.012429 -0.015669)
(0.09 -0.012429 -0.015669)
(0.092 -0.012429 -0.015669)
(0.094 -0.012429 -0.015669)
(0.096 -0.012429 -0.015669)
(0.088 -0.0131289 -0.0127305)
(0.09 -0.0131289 -0.0127305)
(0.092 -0.0131289 -0.0127305)
(0.094 -0.0131289 -0.0127305)
(0.096 -0.0131289 -0.0127305)
(0.086 -0.013583 -0.00958673)
(0.088 -0.013583 -0.00958673)
(0.09 -0.013583 -0.00958673)
(0.092 -0.013583 -0.00958673)
(0.094 -0.013583 -0.00958673)
(0.096 -0.013583 -0.00958673)
(0.086 -0.0137797 -0.00628935)
(0.088 -0.0137797 -0.00628935)
(0.09 -0.0137797 -0.00628935)
(0.092 -0.0137797 -0.00628935)
(0.094 -0.0137797 -0.00628935)
(0.096 -0.0137797 -0.00628935)
(0.086 -0.0137131 -0.00289302)
(0.088 -0.0137131 -0.00289302)
(0.09 -0.0137131 -0.00289302)
(0.092 -0.0137131 -0.00289302)
(0.094 -0.0137131 -0.00289302)
(0.096 -0.0137131 -0.00289302)
(0.086 -0.0133823 0.00054557)
(0.088 -0.0133823 0.00054557)
(0.09 -0.0133823 0.00054557)
(0.092 -0.0133823 0.00054557)
(0.094 -0.0133823 0.00054557)
(0.096 -0.0133823 0.00054557)
(0.098 -0.0133823 0.00054557)
(0.086 -0.0127918 0.00396885)
(0.088 -0.0127918 0.00396885)
(0.09 -0.0127918 0.00396885)
(0.092 -0.0127918 0.00396885)
(0.094 -0.0127918 0.00396885)
(0.096 -0.0127918 0.00396885)
(0.098 -0.0127918 0.00396885)
(0.086 -0.0119517 0.00731959)
(0.088 -0.0119517 0.00731959)
(0.09 -0.0119517 0.00731959)
(0.092 -0.0119517 0.00731959)
(0.094 -0.0119517 0.00731959)
(0.096 -0.0119517 0.00731959)
(0.098 -0.0119517 0.00731959)
(0.086 -0.0108767 0.010542)
(0.088 -0.0108767 0.010542)
(0.09 -0.0108767 0.010542)
(0.092 -0.0108767 0.010542)
(0.094 -0.0108767 0.010542)
(0.096 -0.0108767 0.010542)
(0.098 -0.0108767 0.010542)
(0.086 -0.00958673 0.013583)
(0.088 -0.00958673 0.013583)
(0.09 -0.00958673 0.013583)
(0.092 -0.00958673 0.013583)
(0.094 -0.00958673 0.013583)
(0.096 -0.00958673 0.013583)
(0.098 -0.00958673 0.013583)
(0.086 -0.00810582 0.016393)
(0.088 -0.00810582 0.016393)
(0.09 -0.00810582 0.016393)
(0.092 -0.00810582 0.016393)
(0.094 -0.00810582 0.016393)
(0.096 -0.00810582 0.016393)
(0.098 -0.00810582 0.016393)
(0.086 -0.00646198 0.0189273)
(0.088 -0.00646198 0.0189273)
(0.09 -0.00646198 0.0189273)
(0.092 -0.00646198 0.0189273)
(0.094 -0.00646198 0.0189273)
(0.096 -0.00646198 0.0189273)
(0.098 -0.00646198 0.0189273)
(0.088 -0.0145325 -0.0137407)
(0.09 -0.0145325 -0.0137407)
(0.092 -0.0145325 -0.0137407)
(0.094 -0.0145325 -0.0137407)
(0.096 -0.0145325 -0.0137407)
(0.088 -0.0156149 -0.0110208)
(0.09 -0.0156149 -0.0110208)
(0.092 -0.0156149 -0.0110208)
(0.094 -0.0156149 -0.0110208)
(0.096 -0.0156149 -0.0110208)
(0.086 -0.016393 -0.00810582)
(0.088 -0.016393 -0.00810582)
(0.09 -0.016393 -0.00810582)
(0.092 -0.016393 -0.00810582)
(0.094 -0.016393 -0.00810582)
(0.096 -0.016393 -0.00810582)
(0.086 -0.0168498 -0.00504822)
(0.088 -0.0168498 -0.00504822)
(0.09 -0.0168498 -0.00504822)
(0.092 -0.0168498 -0.00504822)
(0.094 -0.0168498 -0.00504822)
(0.096 -0.0168498 -0.00504822)
(0.086 -0.0169749 -0.00190347)
(0.088 -0.0169749 -0.00190347)
(0.09 -0.0169749 -0.00190347)
(0.092 -0.0169749 -0.00190347)
(0.094 -0.0169749 -0.00190347)
(0.096 -0.0169749 -0.00190347)
(0.086 -0.0167645 0.00127125)
(0.088 -0.0167645 0.00127125)
(0.09 -0.0167645 0.00127125)
(0.092 -0.0167645 0.00127125)
(0.094 -0.0167645 0.00127125)
(0.096 -0.0167645 0.00127125)
(0.098 -0.0167645 0.00127125)
(0.086 -0.0162218 0.00441811)
(0.088 -0.0162218 0.00441811)
(0.09 -0.0162218 0.00441811)
(0.092 -0.0162218 0.00441811)
(0.094 -0.0162218 0.00441811)
(0.096 -0.0162218 0.00441811)
(0.098 -0.0162218 0.00441811)
(0.086 -0.0153565 0.00747988)
(0.088 -0.0153565 0.00747988)
(0.09 -0.0153565 0.00747988)
(0.092 -0.0153565 0.00747988)
(0.094 -0.0153565 0.00747988)
(0.096 -0.0153565 0.00747988)
(0.098 -0.0153565 0.00747988)
(0.086 -0.0141852 0.010401)
(0.088 -0.0141852 0.010401)
(0.09 -0.0141852 0.010401)
(0.092 -0.0141852 0.010401)
(0.094 -0.0141852 0.010401)
(0.096 -0.0141852 0.010401)
(0.098 -0.0141852 0.010401)
(0.086 -0.0127305 0.0131289)
(0.088 -0.0127305 0.0131289)
(0.09 -0.0127305 0.0131289)
(0.092 -0.0127305 0.0131289)
(0.094 -0.0127305 0.0131289)
(0.096 -0.0127305 0.0131289)
(0.098 -0.0127305 0.0131289)
(0.086 -0.0110208 0.0156149)
(0.088 -0.0110208 0.0156149)
(0.09 -0.0110208 0.0156149)
(0.092 -0.0110208 0.0156149)
(0.094 -0.0110208 0.0156149)
(0.096 -0.0110208 0.0156149)
(0.098 -0.0110208 0.0156149)
(0.086 -0.00908985 0.017815)
(0.088 -0.00908985 0.017815)
(0.09 -0.00908985 0.017815)
(0.092 -0.00908985 0.017815)
(0.094 -0.00908985 0.017815)
(0.096 -0.00908985 0.017815)
(0.098 -0.00908985 0.017815)
(0.088 -0.0163401 -0.0115327)
(0.09 -0.0163401 -0.0115327)
(0.092 -0.0163401 -0.0115327)
(0.094 -0.0163401 -0.0115327)
(0.096 -0.0163401 -0.0115327)
(0.088 -0.017815 -0.00908985)
(0.09 -0.017815 -0.00908985)
(0.092 -0.017815 -0.00908985)
(0.094 -0.017815 -0.00908985)
(0.096 -0.017815 -0.00908985)
(0.086 -0.0189273 -0.00646198)
(0.088 -0.0189273 -0.00646198)
(0.09 -0.0189273 -0.00646198)
(0.092 -0.0189273 -0.00646198)
(0.094 -0.0189273 -0.00646198)
(0.096 -0.0189273 -0.00646198)
(0.086 -0.0196543 -0.00370257)
(0.088 -0.0196543 -0.00370257)
(0.09 -0.0196543 -0.00370257)
(0.092 -0.0196543 -0.00370257)
(0.094 -0.0196543 -0.00370257)
(0.096 -0.0196543 -0.00370257)
(0.086 -0.0199812 -0.000867791)
(0.088 -0.0199812 -0.000867791)
(0.09 -0.0199812 -0.000867791)
(0.092 -0.0199812 -0.000867791)
(0.094 -0.0199812 -0.000867791)
(0.096 -0.0199812 -0.000867791)
(0.086 -0.0199013 0.00198466)
(0.088 -0.0199013 0.00198466)
(0.09 -0.0199013 0.00198466)
(0.092 -0.0199013 0.00198466)
(0.094 -0.0199013 0.00198466)
(0.096 -0.0199013 0.00198466)
(0.098 -0.0199013 0.00198466)
(0.086 -0.0194163 0.00479671)
(0.088 -0.0194163 0.00479671)
(0.09 -0.0194163 0.00479671)
(0.092 -0.0194163 0.00479671)
(0.094 -0.0194163 0.00479671)
(0.096 -0.0194163 0.00479671)
(0.098 -0.0194163 0.00479671)
(0.086 -0.018536 0.00751111)
(0.088 -0.018536 0.00751111)
(0.09 -0.018536 0.00751111)
(0.092 -0.018536 0.00751111)
(0.094 -0.018536 0.00751111)
(0.096 -0.018536 0.00751111)
(0.098 -0.018536 0.00751111)
(0.086 -0.0172784 0.0100726)
(0.088 -0.0172784 0.0100726)
(0.09 -0.0172784 0.0100726)
(0.092 -0.0172784 0.0100726)
(0.094 -0.0172784 0.0100726)
(0.096 -0.0172784 0.0100726)
(0.098 -0.0172784 0.0100726)
(0.086 -0.015669 0.012429)
(0.088 -0.015669 0.012429)
(0.09 -0.015669 0.012429)
(0.092 -0.015669 0.012429)
(0.094 -0.015669 0.012429)
(0.096 -0.015669 0.012429)
(0.098 -0.015669 0.012429)
(0.086 -0.0137407 0.0145325)
(0.088 -0.0137407 0.0145325)
(0.09 -0.0137407 0.0145325)
(0.092 -0.0137407 0.0145325)
(0.094 -0.0137407 0.0145325)
(0.096 -0.0137407 0.0145325)
(0.098 -0.0137407 0.0145325)
(0.086 -0.0115327 0.0163401)
(0.088 -0.0115327 0.0163401)
(0.09 -0.0115327 0.0163401)
(0.092 -0.0115327 0.0163401)
(0.094 -0.0115327 0.0163401)
(0.096 -0.0115327 0.0163401)
(0.098 -0.0115327 0.0163401)
)


// ************************************************************************* //
