/*--------------------------------*- C++ -*----------------------------------*\
| =========                 |                                                 |
| \\      /  F ield         | OpenFOAM: The Open Source CFD Toolbox           |
|  \\    /   O peration     | Version:  2212                                  |
|   \\  /    A nd           | Website:  www.openfoam.com                      |
|    \\/     M anipulation  |                                                 |
\*---------------------------------------------------------------------------*/
FoamFile
{
    version     2.0;
    format      ascii;
    arch        "LSB;label=32;scalar=64";
    class       surfaceVectorField;
    location    "2.75";
    object      Uf;
}
// * * * * * * * * * * * * * * * * * * * * * * * * * * * * * * * * * * * * * //

dimensions      [0 1 -1 0 0 0 0];

internalField   nonuniform List<vector> 
1826
(
(0.0242173 -3.73511e-05 4.60457e-06)
(0.0309693 -9.69046e-05 -4.87368e-05)
(0.02988 -3.03765e-05 3.26092e-05)
(0.0239702 -3.65396e-05 5.41307e-06)
(0.0306698 -9.3677e-05 -4.42687e-05)
(0.0295928 -3.10704e-05 3.04391e-05)
(0.0237266 -3.56819e-05 7.40056e-06)
(0.030375 -9.24423e-05 -4.06648e-05)
(0.0293112 -3.16098e-05 3.07877e-05)
(0.0234913 -3.51061e-05 9.79528e-06)
(0.0300838 -9.20124e-05 -3.65709e-05)
(0.0290353 -3.0335e-05 3.32217e-05)
(0.0232612 -3.46012e-05 1.17912e-05)
(0.029798 -9.2428e-05 -3.29678e-05)
(0.0287661 -2.93944e-05 3.55101e-05)
(0.029524 -9.16562e-05 -2.98093e-05)
(0.0285103 -2.77539e-05 3.73076e-05)
(0.0407332 -0.000167703 -0.00012088)
(0.047987 -0.0002268 -0.000264689)
(0.0542539 -0.000179409 -7.61617e-05)
(0.040356 -0.00016189 -0.00011177)
(0.0475429 -0.000212846 -0.000245267)
(0.0538504 -0.000182424 -7.50306e-05)
(0.0399844 -0.00016002 -0.000104957)
(0.0471128 -0.000206159 -0.000231541)
(0.0534586 -0.000183771 -7.43456e-05)
(0.0396207 -0.000160028 -9.87929e-05)
(0.0466858 -0.000203482 -0.000220391)
(0.0530699 -0.0001817 -6.99677e-05)
(0.0392617 -0.000160162 -9.33055e-05)
(0.0462643 -0.000202646 -0.000210947)
(0.052679 -0.000181472 -6.56971e-05)
(0.0458584 -0.000202103 -0.000202925)
(0.0523073 -0.000177405 -6.0143e-05)
(0.0565234 -0.000260562 -0.000421587)
(0.0612691 -0.000325795 -0.00060755)
(0.0726567 -0.00033537 -0.000441707)
(0.0560085 -0.000250153 -0.000395794)
(0.0606862 -0.000319598 -0.000580516)
(0.0722784 -0.000326034 -0.0004207)
(0.0555037 -0.00024511 -0.000376395)
(0.060128 -0.000313563 -0.00055785)
(0.0719067 -0.00032138 -0.000405554)
(0.055009 -0.000243272 -0.00036098)
(0.0595723 -0.00031146 -0.000538882)
(0.0715323 -0.000316804 -0.000390808)
(0.0545228 -0.000242304 -0.000348217)
(0.0590312 -0.000308558 -0.000522044)
(0.0711567 -0.000316122 -0.000379089)
(0.0584996 -0.000306024 -0.000507305)
(0.0707847 -0.000314468 -0.00036803)
(0.0660474 -0.000407241 -0.000788694)
(0.0688677 -0.000425065 -0.0008933)
(0.0822287 -0.000431182 -0.000801257)
(0.0654148 -0.000402192 -0.000765359)
(0.0682005 -0.000416977 -0.000871307)
(0.0818363 -0.000428775 -0.000779165)
(0.0647951 -0.000396876 -0.000743201)
(0.0675523 -0.000408455 -0.000848587)
(0.0814494 -0.000427184 -0.000758962)
(0.0641882 -0.000391836 -0.000722671)
(0.0669116 -0.000400947 -0.000826937)
(0.0810611 -0.000427316 -0.000741257)
(0.0635926 -0.000386585 -0.000703501)
(0.0662859 -0.000393328 -0.000805146)
(0.080679 -0.000427351 -0.000724709)
(0.0656694 -0.000385984 -0.000783549)
(0.0802938 -0.00042653 -0.000709252)
(0.0712005 -0.000463597 -0.000976175)
(0.0717503 -0.000473035 -0.00099293)
(0.0868879 -0.000502666 -0.00100043)
(0.0705171 -0.000451869 -0.000954852)
(0.0710759 -0.00046011 -0.000968806)
(0.0864871 -0.000501062 -0.000980954)
(0.0698449 -0.000442187 -0.000932349)
(0.0704131 -0.000449091 -0.000941883)
(0.0860867 -0.000499957 -0.000960782)
(0.0691836 -0.00043382 -0.000908905)
(0.0697679 -0.000439808 -0.000914058)
(0.0856921 -0.000498279 -0.000940164)
(0.0685349 -0.000424764 -0.000884312)
(0.0691343 -0.000429757 -0.000885897)
(0.0852982 -0.000495139 -0.000918118)
(0.0685209 -0.000416508 -0.000857863)
(0.0849097 -0.000490309 -0.000896191)
(0.0716304 -0.000468591 -0.000986027)
(0.0700819 -0.000431329 -0.000939382)
(0.0872919 -0.00050951 -0.00102743)
(0.0709781 -0.000457064 -0.000955964)
(0.0694595 -0.000420231 -0.000905389)
(0.0869158 -0.000505582 -0.00099738)
(0.0703418 -0.000444049 -0.000924449)
(0.0688525 -0.000405157 -0.000868879)
(0.0865468 -0.000501119 -0.000968853)
(0.0697243 -0.000429416 -0.000893087)
(0.0682674 -0.000385434 -0.000833654)
(0.0861854 -0.000495602 -0.000943817)
(0.0691261 -0.000412674 -0.000862265)
(0.0676965 -0.000363395 -0.000799985)
(0.0858304 -0.00048876 -0.000920532)
(0.0671538 -0.000339348 -0.000767689)
(0.0854869 -0.000478807 -0.000895479)
(0.0679527 -0.00037934 -0.000862324)
(0.0645904 -0.000294687 -0.000742785)
(0.0842077 -0.000425101 -0.000919604)
(0.0673758 -0.000361803 -0.000823392)
(0.0640569 -0.000279773 -0.000693857)
(0.0838756 -0.000414336 -0.000885602)
(0.0668172 -0.00033922 -0.000783695)
(0.063536 -0.000257647 -0.000634044)
(0.0835551 -0.000399697 -0.000851044)
(0.066279 -0.000313027 -0.000745851)
(0.0630496 -0.000233087 -0.000587242)
(0.0832445 -0.000381607 -0.000818211)
(0.0657601 -0.000285374 -0.000710016)
(0.0625662 -0.000208054 -0.000552015)
(0.0829416 -0.000362287 -0.000791598)
(0.0621158 -0.000186135 -0.000522531)
(0.0826519 -0.0003419 -0.000762697)
(0.0609419 -0.000192999 -0.000589204)
(0.0559735 -0.000123197 -0.000441926)
(0.0781403 -0.000219437 -0.000685192)
(0.0604592 -0.000177946 -0.000517736)
(0.0555292 -0.000114687 -0.000407253)
(0.0778531 -0.00020613 -0.000652158)
(0.0600055 -0.000159348 -0.000448375)
(0.0550827 -0.000105872 -0.000362596)
(0.0775727 -0.000189599 -0.000607666)
(0.0595722 -0.000140445 -0.000401573)
(0.0546727 -9.67462e-05 -0.000329694)
(0.0773055 -0.00017192 -0.000573722)
(0.0591507 -0.000123852 -0.000370619)
(0.0542543 -8.81639e-05 -0.000306697)
(0.0770358 -0.000155363 -0.000550339)
(0.0538672 -8.10689e-05 -0.000289504)
(0.0767773 -0.000141953 -0.000529985)
(0.051191 -4.28245e-05 -0.000288667)
(0.0440941 -9.24103e-06 -0.000204545)
(0.0685035 -2.88031e-06 -0.000429339)
(0.0507762 -4.39322e-05 -0.000273667)
(0.0437216 -1.58951e-05 -0.000189184)
(0.0681951 4.79336e-07 -0.000420618)
(0.0503713 -4.38123e-05 -0.000261449)
(0.0433454 -2.16948e-05 -0.000177453)
(0.0678705 4.26529e-06 -0.000418597)
(0.049975 -4.2306e-05 -0.000251235)
(0.0429908 -2.4628e-05 -0.000169419)
(0.0675605 7.47345e-06 -0.000414921)
(0.0495858 -4.04178e-05 -0.000242056)
(0.0426331 -2.57464e-05 -0.000162712)
(0.0672363 1.01565e-05 -0.000409373)
(0.0422993 -2.59206e-05 -0.000156847)
(0.0669287 1.15804e-05 -0.000400493)
(0.0380596 -3.48802e-05 -7.54778e-05)
(0.0299069 -3.32465e-05 -3.1352e-05)
(0.0527564 2.41341e-05 -0.000155093)
(0.0377133 -3.74428e-05 -7.1047e-05)
(0.0296215 -3.24765e-05 -3.19114e-05)
(0.0523832 2.70098e-05 -0.000160886)
(0.0373803 -4.11599e-05 -6.73862e-05)
(0.0293377 -3.41432e-05 -3.1405e-05)
(0.052003 2.48836e-05 -0.000161227)
(0.0370577 -4.40741e-05 -6.42925e-05)
(0.029065 -3.64826e-05 -3.05293e-05)
(0.0516428 2.10597e-05 -0.000158837)
(0.036744 -4.58288e-05 -6.12784e-05)
(0.0287967 -3.81727e-05 -2.94826e-05)
(0.0512771 1.76891e-05 -0.000155601)
(0.028542 -3.93629e-05 -2.81288e-05)
(0.0509329 1.3983e-05 -0.000150281)
(0.0242403 -5.59197e-06 -3.79935e-05)
(0.0309912 4.82451e-05 -9.68239e-05)
(0.0239915 -7.3192e-06 -3.73015e-05)
(0.0306944 4.30155e-05 -9.51004e-05)
(0.02375 -9.71753e-06 -3.64792e-05)
(0.0303975 3.81706e-05 -9.41392e-05)
(0.0235152 -1.19236e-05 -3.58538e-05)
(0.0301094 3.40101e-05 -9.39531e-05)
(0.0232867 -1.36486e-05 -3.51838e-05)
(0.0298247 3.04455e-05 -9.36132e-05)
(0.0295521 2.73357e-05 -9.269e-05)
(0.0380244 -7.38695e-05 3.32372e-05)
(0.0527358 -0.000154216 -2.63948e-05)
(0.0440607 -0.000203252 8.28184e-06)
(0.0376792 -7.10597e-05 3.38045e-05)
(0.0523495 -0.000158551 -3.022e-05)
(0.043679 -0.000188563 1.2694e-05)
(0.0373429 -6.80983e-05 3.67267e-05)
(0.0519761 -0.000161224 -2.98771e-05)
(0.0433099 -0.000178725 1.64164e-05)
(0.0370194 -6.44533e-05 4.03047e-05)
(0.0516086 -0.000157534 -2.61269e-05)
(0.0429494 -0.000169866 2.00501e-05)
(0.0367036 -6.11313e-05 4.30394e-05)
(0.0512409 -0.000155784 -2.26488e-05)
(0.0425902 -0.000163104 2.21798e-05)
(0.0508947 -0.000149924 -1.80996e-05)
(0.0422548 -0.000156768 2.34804e-05)
(0.0708269 -0.000293046 -0.000107107)
(0.08042 -0.00041909 -0.00029591)
(0.0791772 -0.000475525 -0.00011415)
(0.0704012 -0.000299947 -0.000111572)
(0.0800915 -0.000420056 -0.00029568)
(0.0788499 -0.000480892 -0.000119408)
(0.0699796 -0.000297148 -0.000110413)
(0.0797666 -0.000414195 -0.000292644)
(0.0785282 -0.000485265 -0.000121235)
(0.069563 -0.000292631 -0.000106634)
(0.0794391 -0.000405259 -0.000284491)
(0.0782017 -0.000478343 -0.00012022)
(0.0691484 -0.000285967 -0.00010092)
(0.0791011 -0.000401854 -0.000278349)
(0.077868 -0.000474293 -0.000118424)
(0.0787709 -0.000393918 -0.000269182)
(0.0775428 -0.000462279 -0.000113608)
(0.0911917 -0.000480885 -0.000521277)
(0.0955536 -0.000483231 -0.000698131)
(0.0982448 -0.000675715 -0.000507277)
(0.0909843 -0.000477504 -0.000511802)
(0.0953976 -0.000484157 -0.000684286)
(0.0981906 -0.00067298 -0.000503603)
(0.090762 -0.000472027 -0.000500501)
(0.0952259 -0.000486096 -0.000672139)
(0.0981232 -0.00067438 -0.000498948)
(0.0905297 -0.000467875 -0.000489141)
(0.0950469 -0.000485132 -0.000657573)
(0.098042 -0.00066895 -0.000491362)
(0.0902867 -0.000466173 -0.000479019)
(0.0948561 -0.000489247 -0.000646275)
(0.0979535 -0.000669246 -0.000487211)
(0.0946553 -0.000489853 -0.000633378)
(0.0978466 -0.000666155 -0.000481131)
(0.100181 -0.000511855 -0.000873497)
(0.102082 -0.000542098 -0.000981116)
(0.106599 -0.0006419 -0.000862797)
(0.10007 -0.000514997 -0.000857276)
(0.10199 -0.000549071 -0.000963886)
(0.106646 -0.000642112 -0.000851318)
(0.0999461 -0.000519575 -0.000842104)
(0.101884 -0.000557093 -0.000947081)
(0.106677 -0.000646304 -0.000840772)
(0.0998115 -0.000524838 -0.000827913)
(0.101774 -0.000561849 -0.000930027)
(0.106705 -0.000653439 -0.000831958)
(0.0996688 -0.000529009 -0.000814123)
(0.101654 -0.000565352 -0.000914292)
(0.106721 -0.000661994 -0.000824454)
(0.101526 -0.000566111 -0.000899403)
(0.10673 -0.000669381 -0.000815936)
(0.103991 -0.000582346 -0.00107659)
(0.104183 -0.000576017 -0.00110261)
(0.110167 -0.000633578 -0.00108175)
(0.103907 -0.000592956 -0.00105914)
(0.104113 -0.000583297 -0.00107821)
(0.110238 -0.000644252 -0.00106832)
(0.103816 -0.000600533 -0.00104055)
(0.104038 -0.000589676 -0.00105756)
(0.110302 -0.0006545 -0.00105557)
(0.103719 -0.00060473 -0.00102149)
(0.103958 -0.000594015 -0.00104006)
(0.110361 -0.000662183 -0.00104282)
(0.103615 -0.000607208 -0.00100389)
(0.103871 -0.000597786 -0.00102351)
(0.110414 -0.00066647 -0.00102914)
(0.103781 -0.000599566 -0.00100663)
(0.110463 -0.000668439 -0.00101502)
(0.104308 -0.000576781 -0.00110451)
(0.103181 -0.000530373 -0.00106783)
(0.110615 -0.000564492 -0.00114992)
(0.104247 -0.000580877 -0.00107643)
(0.103126 -0.000528809 -0.00103659)
(0.1107 -0.000568469 -0.00112417)
(0.104183 -0.0005854 -0.00105633)
(0.103074 -0.000527665 -0.00101049)
(0.110782 -0.000572797 -0.00110403)
(0.104114 -0.000589141 -0.00104144)
(0.103016 -0.000525531 -0.000988798)
(0.110861 -0.000577173 -0.00108963)
(0.104039 -0.000590656 -0.00102621)
(0.102958 -0.000522036 -0.000974362)
(0.110936 -0.000581534 -0.00107952)
(0.102894 -0.000515712 -0.000955671)
(0.111009 -0.000582781 -0.00106524)
(0.102019 -0.000480853 -0.00100189)
(0.099657 -0.000366669 -0.000908398)
(0.108735 -0.000415067 -0.00108796)
(0.101973 -0.000473579 -0.000972899)
(0.0996011 -0.000356733 -0.000888363)
(0.108825 -0.000407867 -0.00106273)
(0.101927 -0.000464201 -0.000946038)
(0.0995503 -0.000344952 -0.0008695)
(0.108918 -0.000399873 -0.00104032)
(0.10188 -0.000453854 -0.00092536)
(0.0994854 -0.000330659 -0.00085143)
(0.109008 -0.000391458 -0.0010199)
(0.10183 -0.000442929 -0.000907354)
(0.0994223 -0.000317732 -0.000838719)
(0.1091 -0.00038407 -0.00100732)
(0.0993479 -0.000305957 -0.000819859)
(0.109185 -0.000374977 -0.000988389)
(0.0973648 -0.000243368 -0.000803273)
(0.0927869 -0.000104544 -0.000712482)
(0.104676 -0.000133752 -0.000923685)
(0.0973039 -0.000227193 -0.000793953)
(0.092657 -8.83283e-05 -0.000708077)
(0.104747 -0.000116871 -0.000913704)
(0.0972331 -0.000210766 -0.000783401)
(0.0925183 -7.24371e-05 -0.000708296)
(0.104821 -0.000100392 -0.000900749)
(0.0971536 -0.00019514 -0.000772414)
(0.0923674 -6.06583e-05 -0.000704211)
(0.104879 -8.55003e-05 -0.00088692)
(0.0970666 -0.00018158 -0.000758653)
(0.0922076 -5.13224e-05 -0.000697991)
(0.104939 -7.23199e-05 -0.000876128)
(0.0920419 -4.47576e-05 -0.000685226)
(0.104988 -6.11229e-05 -0.000862969)
(0.0884999 4.43748e-05 -0.000630631)
(0.0791718 0.000109528 -0.00047842)
(0.0968156 0.000207862 -0.000764903)
(0.0882979 5.38738e-05 -0.000630656)
(0.078863 0.000113923 -0.00048091)
(0.0967639 0.000217046 -0.000761826)
(0.0880843 6.16842e-05 -0.000634028)
(0.0785339 0.000114304 -0.000480088)
(0.0967 0.000224697 -0.000762965)
(0.087861 6.65081e-05 -0.000633407)
(0.0782175 0.000112485 -0.000475662)
(0.0966229 0.000229273 -0.000761775)
(0.0876289 6.88331e-05 -0.000627436)
(0.0778839 0.00011064 -0.000470982)
(0.0965362 0.000232361 -0.000760293)
(0.0775638 0.000106849 -0.000461186)
(0.0964384 0.000232553 -0.000754498)
(0.0708441 0.000102911 -0.000292508)
(0.0542674 7.48142e-05 -0.000179075)
(0.0804214 0.000290062 -0.00041417)
(0.0704224 0.000106805 -0.000300548)
(0.0538785 7.31081e-05 -0.000184493)
(0.0801088 0.000292574 -0.000421929)
(0.0700049 0.000104558 -0.00029772)
(0.05348 6.99447e-05 -0.000184922)
(0.0797765 0.000287522 -0.00041557)
(0.0695923 9.99838e-05 -0.000292331)
(0.0530984 6.56677e-05 -0.000183929)
(0.0794554 0.000279887 -0.000407931)
(0.0691828 9.41496e-05 -0.000285209)
(0.0527098 6.08163e-05 -0.000182015)
(0.0791187 0.000271265 -0.000400667)
(0.0523407 5.54266e-05 -0.000178362)
(0.0787916 0.000262169 -0.000393407)
(0.0407581 0.000120196 -0.000168517)
(0.0479989 0.00026389 -0.000226278)
(0.0403802 0.000109891 -0.00016431)
(0.0475686 0.000243558 -0.000214329)
(0.0400115 0.000102029 -0.000162845)
(0.0471336 0.000228198 -0.000207236)
(0.0396487 9.55768e-05 -0.000162472)
(0.0467142 0.000216694 -0.000205515)
(0.0392928 8.98085e-05 -0.000161824)
(0.0462939 0.00020696 -0.000203911)
(0.0458904 0.00019873 -0.00020362)
(0.0511511 -0.000289857 3.88925e-05)
(0.0684932 -0.000427532 -3.23941e-07)
(0.0559438 -0.000444675 0.000116693)
(0.0507348 -0.000274179 3.91424e-05)
(0.0681711 -0.000420499 -6.04153e-06)
(0.0554806 -0.000406257 0.000108807)
(0.0503278 -0.000261992 3.87576e-05)
(0.0678541 -0.000423612 -1.1465e-05)
(0.0550498 -0.000360183 0.000101111)
(0.0499296 -0.000252109 3.77265e-05)
(0.0675357 -0.000417767 -1.40869e-05)
(0.0546269 -0.00032848 9.17219e-05)
(0.049537 -0.000242814 3.69286e-05)
(0.0672122 -0.000412289 -1.60641e-05)
(0.0542138 -0.000307076 8.33832e-05)
(0.0669 -0.000401717 -1.62207e-05)
(0.0538188 -0.000289793 7.78768e-05)
(0.0885097 -0.000625968 -4.93731e-05)
(0.0968276 -0.000760831 -0.000213075)
(0.0927968 -0.000707059 0.000100417)
(0.0883064 -0.000637133 -6.19961e-05)
(0.0967748 -0.000761761 -0.000222822)
(0.0926667 -0.000708236 8.08732e-05)
(0.088088 -0.000643134 -7.06789e-05)
(0.096711 -0.000771449 -0.000232831)
(0.0925268 -0.000716304 6.35038e-05)
(0.0878622 -0.000638827 -7.47296e-05)
(0.0966309 -0.000766813 -0.000236746)
(0.0923753 -0.000708278 5.25149e-05)
(0.0876283 -0.00063091 -7.62128e-05)
(0.0965473 -0.000764798 -0.000239813)
(0.0922156 -0.000703658 4.39256e-05)
(0.0964461 -0.000757363 -0.000239667)
(0.0920476 -0.000687535 3.78063e-05)
(0.106074 -0.000840893 -0.000418184)
(0.109658 -0.000776866 -0.000588985)
(0.109221 -0.000900251 -0.000214391)
(0.106179 -0.000846116 -0.00042394)
(0.109818 -0.000778603 -0.00058799)
(0.109388 -0.000900848 -0.000225945)
(0.106273 -0.00085108 -0.000427949)
(0.109966 -0.000789247 -0.000588075)
(0.109543 -0.00090541 -0.000238731)
(0.10635 -0.0008518 -0.000430335)
(0.110103 -0.000795694 -0.000588955)
(0.10969 -0.000899087 -0.000247134)
(0.106417 -0.000851342 -0.000431656)
(0.110233 -0.000803146 -0.000590453)
(0.109833 -0.000895145 -0.000254886)
(0.110347 -0.000807961 -0.000590489)
(0.109961 -0.000890106 -0.00025979)
(0.113685 -0.000739908 -0.000764718)
(0.115169 -0.000701356 -0.000882558)
(0.116503 -0.000759731 -0.00055672)
(0.113889 -0.000740872 -0.000759077)
(0.115391 -0.000704299 -0.000874748)
(0.116768 -0.000757458 -0.00055616)
(0.11409 -0.000748609 -0.000756882)
(0.115606 -0.000711764 -0.00086956)
(0.117027 -0.000760432 -0.000557012)
(0.114281 -0.000760425 -0.000757225)
(0.115817 -0.000722746 -0.000867861)
(0.117284 -0.000766905 -0.00056051)
(0.114464 -0.000773673 -0.000757392)
(0.116019 -0.000732147 -0.000863853)
(0.117534 -0.000775902 -0.000564584)
(0.116218 -0.00074047 -0.000857454)
(0.117779 -0.000785403 -0.00056768)
(0.116946 -0.00066244 -0.000998104)
(0.117116 -0.000589352 -0.00105428)
(0.119721 -0.000621817 -0.000796936)
(0.117178 -0.000673069 -0.0009904)
(0.117354 -0.000596722 -0.00104083)
(0.120015 -0.000628175 -0.000791475)
(0.117404 -0.000684307 -0.000985509)
(0.117588 -0.000603877 -0.00103093)
(0.120306 -0.000635724 -0.000788357)
(0.117626 -0.000692604 -0.00097938)
(0.117818 -0.000611135 -0.00102371)
(0.120592 -0.000643341 -0.00078717)
(0.117845 -0.000696094 -0.000968818)
(0.118045 -0.000616363 -0.00101703)
(0.120876 -0.000648619 -0.000784312)
(0.11827 -0.000618343 -0.0010044)
(0.121157 -0.000651613 -0.00077836)
(0.117528 -0.000524289 -0.00109708)
(0.116699 -0.00041892 -0.00109884)
(0.120416 -0.000428109 -0.000922945)
(0.117768 -0.000529054 -0.00108104)
(0.11694 -0.000418103 -0.00108128)
(0.120717 -0.000431413 -0.000909855)
(0.118005 -0.000533774 -0.00106815)
(0.11718 -0.000417651 -0.00106579)
(0.121016 -0.000434996 -0.000899892)
(0.118241 -0.000539279 -0.00105985)
(0.117418 -0.000418275 -0.00105313)
(0.121313 -0.000439041 -0.000892644)
(0.118475 -0.000543472 -0.00105094)
(0.117656 -0.000419476 -0.00104585)
(0.12161 -0.000443906 -0.000889957)
(0.11789 -0.000417334 -0.00103098)
(0.121904 -0.000446215 -0.000882866)
(0.11612 -0.000312771 -0.00108378)
(0.114295 -0.000149782 -0.00103416)
(0.119189 -0.000173184 -0.000946747)
(0.116361 -0.000305426 -0.00106741)
(0.114523 -0.00013749 -0.00102508)
(0.119486 -0.000167736 -0.000934107)
(0.116602 -0.00029888 -0.00105308)
(0.114753 -0.000125963 -0.0010129)
(0.119783 -0.000162633 -0.000922897)
(0.116842 -0.000293938 -0.00104205)
(0.114978 -0.000116451 -0.000999062)
(0.120079 -0.000158664 -0.000913147)
(0.117082 -0.000288674 -0.00102893)
(0.115205 -0.000108869 -0.00098965)
(0.120375 -0.000155688 -0.000907797)
(0.115425 -0.00010028 -0.000977192)
(0.120668 -0.000151248 -0.000898167)
(0.112768 2.0447e-05 -0.000978798)
(0.109212 0.000208817 -0.000900926)
(0.116025 0.000176891 -0.00087528)
(0.112987 3.56811e-05 -0.000973131)
(0.10937 0.00022174 -0.000904116)
(0.116292 0.000187427 -0.000876171)
(0.113202 4.94562e-05 -0.000961099)
(0.109528 0.000233012 -0.000902323)
(0.11656 0.000197158 -0.000873274)
(0.113415 6.1376e-05 -0.000948859)
(0.10967 0.000242044 -0.000896407)
(0.116824 0.000206021 -0.000866275)
(0.113624 7.18176e-05 -0.000939834)
(0.109812 0.000249147 -0.000892826)
(0.117087 0.000214482 -0.000863071)
(0.109937 0.0002532 -0.000887523)
(0.117343 0.000222344 -0.000860593)
(0.106062 0.000411921 -0.000841366)
(0.0982406 0.000499449 -0.000671508)
(0.109653 0.000581471 -0.000776039)
(0.106166 0.000418023 -0.000846093)
(0.0981846 0.000499458 -0.000676874)
(0.109805 0.000582691 -0.000782014)
(0.106255 0.000421352 -0.000847719)
(0.098117 0.000493373 -0.000673951)
(0.109955 0.000582518 -0.000788411)
(0.106332 0.000423592 -0.000848551)
(0.0980345 0.000486331 -0.000670285)
(0.110088 0.000583193 -0.000794967)
(0.106397 0.000424358 -0.000848181)
(0.0979444 0.000479788 -0.000667293)
(0.110217 0.000583542 -0.000801397)
(0.0978386 0.000473127 -0.000664229)
(0.11033 0.000583161 -0.000806229)
(0.0911936 0.000516283 -0.000480702)
(0.0726563 0.000437537 -0.000332972)
(0.0955595 0.000689647 -0.000479374)
(0.0909853 0.000508382 -0.00048116)
(0.0722929 0.000417985 -0.000327619)
(0.0954019 0.000681257 -0.000487121)
(0.0907636 0.000496754 -0.000476176)
(0.0719159 0.000400719 -0.000321596)
(0.0952317 0.000667571 -0.000487808)
(0.0905306 0.00048416 -0.000470757)
(0.0715485 0.000386712 -0.000319507)
(0.0950503 0.000655345 -0.000490567)
(0.090289 0.000471602 -0.000465805)
(0.0711731 0.000373327 -0.000316596)
(0.0948591 0.000638772 -0.000488855)
(0.0708039 0.000361975 -0.000315441)
(0.0946602 0.000626178 -0.000490043)
(0.0565377 0.000419617 -0.000260097)
(0.0612731 0.000605785 -0.000326489)
(0.0560267 0.000392454 -0.000249342)
(0.0607119 0.000576939 -0.000317261)
(0.0555275 0.000372136 -0.000244985)
(0.0601455 0.0005529 -0.000311302)
(0.0550366 0.00035636 -0.000243987)
(0.0596035 0.000533221 -0.000309878)
(0.0545546 0.000343393 -0.000243783)
(0.0590619 0.000516492 -0.000308454)
(0.0585344 0.000501354 -0.000307649)
(0.0609057 -0.000588466 0.00018583)
(0.078128 -0.000686872 0.000214036)
(0.0645611 -0.000745553 0.00028882)
(0.0604225 -0.000514225 0.000171115)
(0.0778342 -0.000650815 0.00019956)
(0.064015 -0.000694614 0.000272145)
(0.0599676 -0.000444944 0.000153291)
(0.077562 -0.000607265 0.000183002)
(0.0635059 -0.000633163 0.000250644)
(0.0595333 -0.00039989 0.000134916)
(0.0772889 -0.000574007 0.000165468)
(0.0630079 -0.000586556 0.000226387)
(0.0591099 -0.000370435 0.000119344)
(0.0770246 -0.000553244 0.000149335)
(0.0625329 -0.000551986 0.000202791)
(0.0767601 -0.000531908 0.000136966)
(0.0620723 -0.000523675 0.000181591)
(0.0973728 -0.000801814 0.000238239)
(0.104683 -0.000920474 0.000129574)
(0.09966 -0.000908186 0.000364193)
(0.0973147 -0.000794272 0.00022056)
(0.104763 -0.000911258 0.000111962)
(0.0996125 -0.000887989 0.00035314)
(0.0972466 -0.000785589 0.000203419)
(0.104833 -0.000902877 9.42751e-05)
(0.0995581 -0.000871304 0.000339658)
(0.0971683 -0.000776653 0.000187895)
(0.104899 -0.000888884 7.92967e-05)
(0.0995003 -0.00085325 0.000325252)
(0.097082 -0.000763108 0.000174772)
(0.104956 -0.000880407 6.62923e-05)
(0.0994348 -0.000842362 0.000311855)
(0.105009 -0.000865357 5.49964e-05)
(0.0993644 -0.000821518 0.000300639)
(0.112784 -0.000975377 -2.4127e-05)
(0.116034 -0.00087221 -0.000180697)
(0.114305 -0.00103117 0.000147351)
(0.113004 -0.000973044 -3.98201e-05)
(0.116308 -0.000873034 -0.000191003)
(0.114539 -0.00102249 0.000135492)
(0.113222 -0.000963798 -5.41175e-05)
(0.116574 -0.000873481 -0.000200928)
(0.114767 -0.00101367 0.000122784)
(0.113436 -0.000951051 -6.61809e-05)
(0.116841 -0.000866872 -0.000209837)
(0.114997 -0.00100085 0.000112822)
(0.113648 -0.00094175 -7.71389e-05)
(0.117105 -0.000863383 -0.000218767)
(0.115224 -0.000991006 0.000104651)
(0.117365 -0.000861273 -0.000227513)
(0.115448 -0.000978596 9.55152e-05)
(0.119778 -0.000787239 -0.000350903)
(0.12117 -0.000694668 -0.000469464)
(0.121066 -0.000800461 -0.000163378)
(0.1201 -0.000786514 -0.000356427)
(0.121511 -0.000694387 -0.000471983)
(0.121406 -0.000794741 -0.000168364)
(0.120422 -0.000787092 -0.000361513)
(0.121848 -0.000695543 -0.000474602)
(0.121745 -0.000791473 -0.000172406)
(0.12074 -0.000789576 -0.000367283)
(0.122184 -0.000696988 -0.000477665)
(0.122082 -0.000788676 -0.000176049)
(0.121055 -0.000794148 -0.00037373)
(0.122518 -0.000701792 -0.000481987)
(0.122418 -0.000789949 -0.000180553)
(0.122849 -0.000707034 -0.000485019)
(0.122752 -0.000791532 -0.000186394)
(0.122961 -0.000593946 -0.000596541)
(0.123186 -0.000464597 -0.000674222)
(0.124211 -0.000554929 -0.00040244)
(0.123317 -0.000596882 -0.000595598)
(0.123547 -0.000466502 -0.00066911)
(0.124591 -0.000554897 -0.00040236)
(0.123671 -0.000600269 -0.000595648)
(0.123905 -0.000469194 -0.000665514)
(0.124968 -0.000555822 -0.00040291)
(0.124023 -0.000604342 -0.000597087)
(0.124262 -0.00047214 -0.000663471)
(0.125343 -0.000557073 -0.000403967)
(0.124374 -0.000608723 -0.000598274)
(0.124619 -0.000475572 -0.000664283)
(0.125718 -0.000559498 -0.000405569)
(0.124973 -0.000478252 -0.000663341)
(0.126091 -0.000561315 -0.000405939)
(0.123776 -0.000338578 -0.000746537)
(0.123076 -0.00018376 -0.000782822)
(0.125071 -0.000256016 -0.000571359)
(0.124139 -0.000340197 -0.000738745)
(0.123436 -0.000182512 -0.000773675)
(0.12546 -0.000256381 -0.000565537)
(0.124501 -0.000342387 -0.000733042)
(0.123795 -0.000182105 -0.000766505)
(0.125846 -0.000257227 -0.000561189)
(0.124862 -0.000345144 -0.000730166)
(0.124153 -0.0001823 -0.000760774)
(0.126232 -0.000258433 -0.000558127)
(0.125224 -0.000347671 -0.000728516)
(0.124511 -0.000183094 -0.000758989)
(0.126617 -0.000260227 -0.000557583)
(0.124867 -0.00018302 -0.000756397)
(0.127001 -0.000261161 -0.000555812)
(0.122742 -2.75651e-05 -0.000810447)
(0.121058 0.000161223 -0.000802683)
(0.124098 8.2621e-05 -0.000670605)
(0.123099 -2.40584e-05 -0.000802041)
(0.121397 0.000166362 -0.000797556)
(0.124477 8.5077e-05 -0.000664544)
(0.123454 -2.14138e-05 -0.000794969)
(0.121735 0.000170306 -0.000793689)
(0.124855 8.71519e-05 -0.000659735)
(0.123808 -1.92859e-05 -0.000790508)
(0.122071 0.000173638 -0.000790122)
(0.125231 8.88124e-05 -0.000655762)
(0.124162 -1.6897e-05 -0.000788053)
(0.122406 0.000177511 -0.000790779)
(0.125607 9.03448e-05 -0.000654633)
(0.122738 0.000182517 -0.000792112)
(0.125981 9.21965e-05 -0.000652804)
(0.119767 0.000347293 -0.000789695)
(0.116497 0.000550759 -0.000760072)
(0.121162 0.000466171 -0.000696491)
(0.120089 0.000353323 -0.000789203)
(0.116758 0.000552099 -0.000760397)
(0.121501 0.000468923 -0.000697007)
(0.120409 0.000358661 -0.000789079)
(0.117018 0.00055373 -0.00076325)
(0.121838 0.000471851 -0.000697846)
(0.120726 0.000364108 -0.000790727)
(0.117272 0.000557045 -0.00076868)
(0.122173 0.000474954 -0.000698791)
(0.121039 0.000369778 -0.000794688)
(0.117521 0.000559583 -0.000775891)
(0.122505 0.000478619 -0.000703)
(0.117763 0.000562131 -0.000785132)
(0.122835 0.000480935 -0.000707851)
(0.113677 0.00075846 -0.000740819)
(0.106605 0.000854607 -0.000639314)
(0.115165 0.000876828 -0.000700271)
(0.113882 0.000754181 -0.000743556)
(0.106644 0.000846422 -0.000644085)
(0.115383 0.000869393 -0.000706251)
(0.11408 0.000752197 -0.000750753)
(0.10668 0.000836115 -0.000648469)
(0.115599 0.000864983 -0.000714325)
(0.11427 0.000751467 -0.000760769)
(0.106702 0.000828727 -0.000657105)
(0.115806 0.000862712 -0.000724564)
(0.114451 0.000750633 -0.000772762)
(0.106719 0.000817054 -0.000661151)
(0.116009 0.000857532 -0.000732004)
(0.106727 0.000808988 -0.000669444)
(0.116205 0.000850886 -0.000740404)
(0.100191 0.000866993 -0.000510618)
(0.0822396 0.000796351 -0.000430607)
(0.102093 0.000974126 -0.000539079)
(0.100079 0.000852916 -0.000516693)
(0.0818536 0.000774101 -0.000427633)
(0.101996 0.000958266 -0.000549622)
(0.0999538 0.000838955 -0.000523266)
(0.0814646 0.000752967 -0.000425448)
(0.101895 0.000941877 -0.000558093)
(0.0998176 0.000823117 -0.000527292)
(0.0810817 0.000735808 -0.000427438)
(0.10178 0.000926535 -0.000565703)
(0.0996744 0.000806835 -0.000529254)
(0.0806985 0.00071748 -0.000426794)
(0.101661 0.000908277 -0.000566294)
(0.0803167 0.000702177 -0.000427548)
(0.101532 0.000892755 -0.000567648)
(0.0660665 0.000785138 -0.000406777)
(0.0688821 0.000890411 -0.00042752)
(0.0654369 0.000759975 -0.000398801)
(0.0682278 0.000866866 -0.000414755)
(0.0648222 0.000736679 -0.000393115)
(0.0675745 0.000842906 -0.000404736)
(0.0642195 0.000715866 -0.000389878)
(0.0669458 0.000820075 -0.000397127)
(0.0636282 0.000696649 -0.000386927)
(0.0663193 0.000797899 -0.000392753)
(0.0657112 0.000776036 -0.000386066)
(0.0679186 -0.0008663 0.000373804)
(0.0841917 -0.000922781 0.000421792)
(0.0700544 -0.000943435 0.000428157)
(0.0673415 -0.00082612 0.000355441)
(0.083861 -0.000888724 0.000409936)
(0.0694309 -0.000908986 0.000415956)
(0.0667826 -0.000784985 0.000332755)
(0.083541 -0.000852725 0.000394705)
(0.0688251 -0.000871197 0.000399989)
(0.0662437 -0.000746722 0.000306873)
(0.0832311 -0.000819845 0.000376575)
(0.068238 -0.000835325 0.000379401)
(0.0657233 -0.000711536 0.000279774)
(0.0829293 -0.000792498 0.000357361)
(0.0676689 -0.000801851 0.000356542)
(0.0826388 -0.000764787 0.000337297)
(0.0671216 -0.0007696 0.000333472)
(0.102024 -0.00100357 0.000478716)
(0.108742 -0.00108786 0.000413522)
(0.103184 -0.00106936 0.000528892)
(0.10198 -0.000974502 0.000470617)
(0.108835 -0.00106263 0.000406092)
(0.103133 -0.0010383 0.000527074)
(0.101937 -0.000947618 0.000460669)
(0.108928 -0.00104025 0.000397142)
(0.103081 -0.00101157 0.000525104)
(0.101892 -0.000926445 0.000450004)
(0.109022 -0.00102097 0.000388444)
(0.103026 -0.000990312 0.000523063)
(0.101844 -0.000907968 0.000438846)
(0.109114 -0.00100799 0.000380495)
(0.102968 -0.0009743 0.000519132)
(0.109204 -0.000989155 0.000371152)
(0.102907 -0.000956499 0.000513361)
(0.116131 -0.00108188 0.000311673)
(0.119197 -0.000944592 0.00017214)
(0.116707 -0.00109747 0.000418408)
(0.116373 -0.00106584 0.000304055)
(0.119496 -0.000931781 0.00016685)
(0.116949 -0.00107976 0.00041739)
(0.116617 -0.00105283 0.000296861)
(0.119793 -0.000921368 0.00016123)
(0.117189 -0.00106479 0.000416441)
(0.116859 -0.00104279 0.000291281)
(0.120091 -0.000912721 0.000156664)
(0.11743 -0.00105349 0.000416882)
(0.1171 -0.0010296 0.000285337)
(0.120388 -0.000907582 0.000152849)
(0.117669 -0.0010458 0.00041754)
(0.120683 -0.000897818 0.000147688)
(0.117905 -0.00102978 0.000414545)
(0.122749 -0.000807998 2.67952e-05)
(0.124103 -0.000668296 -8.3223e-05)
(0.12308 -0.000780937 0.000183611)
(0.123106 -0.000799687 2.31387e-05)
(0.124483 -0.000662011 -8.57333e-05)
(0.123441 -0.000771616 0.000182194)
(0.123462 -0.000793177 2.00328e-05)
(0.124861 -0.000657447 -8.81005e-05)
(0.1238 -0.000764708 0.000181431)
(0.123817 -0.000789298 1.72016e-05)
(0.125238 -0.000653954 -9.02283e-05)
(0.124159 -0.000759607 0.00018115)
(0.124172 -0.000787159 1.39833e-05)
(0.125614 -0.000653145 -9.25046e-05)
(0.124517 -0.000758127 0.000181078)
(0.125989 -0.000651411 -9.52041e-05)
(0.124874 -0.000755461 0.000179891)
(0.125889 -0.000514152 -0.000200778)
(0.12614 -0.0003428 -0.000291911)
(0.12614 -0.000449156 -1.47765e-05)
(0.126291 -0.000511874 -0.000201896)
(0.126548 -0.000341026 -0.000291031)
(0.126548 -0.000446275 -1.5665e-05)
(0.12669 -0.000510475 -0.000203232)
(0.126954 -0.000340015 -0.000290735)
(0.126954 -0.000444378 -1.65353e-05)
(0.127089 -0.000510147 -0.00020477)
(0.127358 -0.000339463 -0.000290879)
(0.127358 -0.000443238 -1.73369e-05)
(0.127487 -0.000510273 -0.000206312)
(0.127763 -0.000339869 -0.00029179)
(0.127763 -0.000443378 -1.83593e-05)
(0.128165 -0.000339895 -0.00029228)
(0.128165 -0.000442857 -1.96413e-05)
(0.126803 -0.000170161 -0.000382205)
(0.126138 1.47686e-05 -0.000450691)
(0.127048 -8.54919e-05 -0.000192554)
(0.127216 -0.000169704 -0.000379876)
(0.126546 1.54282e-05 -0.000447968)
(0.127469 -8.52087e-05 -0.000191232)
(0.127627 -0.00016958 -0.000378359)
(0.126952 1.59678e-05 -0.000446108)
(0.127887 -8.51099e-05 -0.000190372)
(0.128037 -0.00016985 -0.000377831)
(0.127356 1.63936e-05 -0.000444876)
(0.128304 -8.51651e-05 -0.000189873)
(0.128446 -0.00017021 -0.000377659)
(0.12776 1.66836e-05 -0.000445038)
(0.12872 -8.54487e-05 -0.000190122)
(0.128162 1.68582e-05 -0.000444651)
(0.129135 -8.55494e-05 -0.000190269)
(0.125886 0.000200291 -0.000516551)
(0.124206 0.000400994 -0.000556941)
(0.126137 0.000291159 -0.000344845)
(0.126287 0.000201205 -0.00051437)
(0.124585 0.000400713 -0.000557275)
(0.126545 0.000290014 -0.000343287)
(0.126686 0.000202223 -0.000512872)
(0.124961 0.000401162 -0.000558283)
(0.12695 0.000289383 -0.00034235)
(0.127084 0.00020325 -0.00051235)
(0.125336 0.000401956 -0.000559352)
(0.127354 0.000289129 -0.000341722)
(0.127481 0.000204064 -0.000512295)
(0.12571 0.000402994 -0.000561428)
(0.127758 0.000289519 -0.00034199)
(0.126081 0.000402736 -0.000563016)
(0.12816 0.000289404 -0.000341951)
(0.122954 0.00059383 -0.00059588)
(0.119715 0.000793341 -0.000622244)
(0.12318 0.000671845 -0.000466177)
(0.123309 0.000592866 -0.000599201)
(0.120008 0.000787609 -0.000629593)
(0.12354 0.000666365 -0.000468539)
(0.123661 0.00059296 -0.000602629)
(0.120298 0.000784916 -0.00063806)
(0.123898 0.000662545 -0.000471565)
(0.124012 0.000594128 -0.000606388)
(0.120583 0.000783372 -0.000645646)
(0.124253 0.000660285 -0.000474414)
(0.124362 0.000594746 -0.000610331)
(0.120866 0.000779802 -0.000650182)
(0.124609 0.000660644 -0.000477471)
(0.121145 0.000773454 -0.000652859)
(0.124962 0.000659237 -0.000479919)
(0.11694 0.000993314 -0.00066236)
(0.110169 0.00107658 -0.000632108)
(0.117111 0.00105037 -0.000588735)
(0.117171 0.000985521 -0.000674362)
(0.110238 0.001062 -0.000643449)
(0.117348 0.00103624 -0.000597047)
(0.117397 0.000980518 -0.000686358)
(0.110304 0.00105009 -0.000655297)
(0.117581 0.00102609 -0.000605585)
(0.117618 0.000973596 -0.000694194)
(0.11036 0.00103751 -0.000663887)
(0.11781 0.0010182 -0.000613029)
(0.117835 0.00096261 -0.000697124)
(0.110414 0.00102392 -0.000668474)
(0.118037 0.00101076 -0.000617814)
(0.11046 0.00100845 -0.000669658)
(0.11826 0.000998093 -0.000619455)
(0.103997 0.00107064 -0.000580577)
(0.0869029 0.000996823 -0.000503256)
(0.104188 0.00109894 -0.000574139)
(0.103915 0.00105282 -0.000592019)
(0.0865039 0.000975464 -0.000499774)
(0.104118 0.00107309 -0.000581685)
(0.103824 0.00103506 -0.000601184)
(0.0861052 0.000954934 -0.000498138)
(0.104045 0.00105236 -0.000589063)
(0.103727 0.00101683 -0.00060689)
(0.0857136 0.00093352 -0.000496401)
(0.103964 0.00103444 -0.000594388)
(0.103622 0.000998563 -0.000609496)
(0.0853209 0.000911701 -0.000494784)
(0.103879 0.00101814 -0.00059901)
(0.0849367 0.000888767 -0.000490329)
(0.103787 0.00099995 -0.000600352)
(0.0712246 0.00097241 -0.000464264)
(0.0717711 0.000989775 -0.000473778)
(0.0705438 0.000950009 -0.000449898)
(0.071101 0.000965029 -0.000459121)
(0.0698752 0.000926307 -0.000438577)
(0.0704396 0.000937598 -0.000445944)
(0.0692185 0.000901816 -0.000430374)
(0.0697999 0.000908887 -0.000435705)
(0.0685755 0.00087663 -0.00042276)
(0.0691685 0.000880102 -0.000426058)
(0.0685625 0.000851173 -0.000414719)
(0.0716089 -0.000990033 0.000466016)
(0.0872822 -0.00103064 0.000507962)
(0.0717346 -0.000996823 0.000471787)
(0.0709566 -0.000959437 0.000453429)
(0.0869069 -0.00100035 0.000503493)
(0.0710611 -0.000972373 0.000457828)
(0.0703201 -0.000927292 0.000439062)
(0.0865385 -0.000970991 0.000498068)
(0.070397 -0.000944514 0.000444538)
(0.0697019 -0.000895542 0.000423163)
(0.0861772 -0.000945612 0.000491833)
(0.0697536 -0.000915793 0.00043297)
(0.0691035 -0.000864433 0.000405734)
(0.0858233 -0.000921383 0.000484216)
(0.0691208 -0.000887024 0.000421479)
(0.0854793 -0.000896641 0.000474231)
(0.104313 -0.00110612 0.000575609)
(0.110619 -0.00115027 0.000563897)
(0.104188 -0.00110393 0.000574902)
(0.104253 -0.00107769 0.000579381)
(0.110705 -0.00112437 0.000567632)
(0.104119 -0.00107879 0.000581355)
(0.10419 -0.00105742 0.00058378)
(0.110789 -0.00110397 0.000571631)
(0.104046 -0.00105851 0.000588121)
(0.104122 -0.00104188 0.00058747)
(0.110868 -0.00109032 0.000576209)
(0.103965 -0.0010422 0.000593854)
(0.104049 -0.00102658 0.000589015)
(0.110945 -0.00107907 0.000580228)
(0.103879 -0.00102522 0.000598347)
(0.111019 -0.00106477 0.000581054)
(0.117534 -0.00109611 0.000524151)
(0.12042 -0.00092174 0.000428277)
(0.11712 -0.00105347 0.000589217)
(0.117774 -0.00108 0.000528673)
(0.120721 -0.00090852 0.000431354)
(0.117358 -0.00103986 0.000596271)
(0.118012 -0.00106769 0.000533334)
(0.12102 -0.000898677 0.000434652)
(0.117593 -0.00103048 0.000603972)
(0.118249 -0.00105941 0.000538632)
(0.121318 -0.000892276 0.000438543)
(0.117822 -0.0010233 0.000610854)
(0.118484 -0.00104909 0.000541894)
(0.121615 -0.000889097 0.000442722)
(0.118051 -0.00101458 0.000614656)
(0.12191 -0.000881053 0.000443802)
(0.123778 -0.000745052 0.000338878)
(0.125072 -0.00057031 0.000256421)
(0.123187 -0.000673129 0.00046503)
(0.124141 -0.000737222 0.000340188)
(0.125461 -0.000564341 0.000256559)
(0.123548 -0.000667973 0.000466687)
(0.124503 -0.000731865 0.00034197)
(0.125847 -0.000559985 0.000257036)
(0.123906 -0.000664599 0.000469095)
(0.124865 -0.000729343 0.000344084)
(0.126233 -0.000557219 0.000257844)
(0.124263 -0.000663487 0.000471969)
(0.125226 -0.000727555 0.000345574)
(0.126618 -0.000556559 0.000258768)
(0.124619 -0.000663686 0.000473672)
(0.127002 -0.000554286 0.000258408)
(0.126803 -0.000381381 0.000170414)
(0.127048 -0.000191898 8.52804e-05)
(0.12614 -0.000291704 0.000343183)
(0.127216 -0.000378926 0.000169667)
(0.127469 -0.000190432 8.47295e-05)
(0.126548 -0.000290755 0.000341173)
(0.127627 -0.000377351 0.000169187)
(0.127887 -0.000189417 8.4268e-05)
(0.126954 -0.000290366 0.000339732)
(0.128037 -0.000376699 0.000168857)
(0.128304 -0.000188847 8.39626e-05)
(0.127358 -0.00029053 0.000339104)
(0.128447 -0.00037617 0.00016814)
(0.12872 -0.000188779 8.35856e-05)
(0.127762 -0.000290932 0.000337963)
(0.129135 -0.000188344 8.27441e-05)
(0.127719 -1.52547e-07 -8.06868e-07)
(0.127047 0.000191603 -8.67426e-05)
(0.127049 8.53117e-05 0.000190951)
(0.128145 -2.54129e-07 -1.02185e-06)
(0.127468 0.000189948 -8.65882e-05)
(0.12747 8.48186e-05 0.000189223)
(0.128569 -3.65401e-07 -1.26108e-06)
(0.127886 0.000188712 -8.66021e-05)
(0.127888 8.44796e-05 0.000187879)
(0.128992 -4.50048e-07 -1.58575e-06)
(0.128302 0.000187832 -8.67164e-05)
(0.128304 8.42747e-05 0.000186982)
(0.129415 -4.4885e-07 -2.09901e-06)
(0.128719 0.000187642 -8.71617e-05)
(0.12872 8.44269e-05 0.000186363)
(0.129133 0.000187294 -8.76117e-05)
(0.129135 8.46408e-05 0.000185158)
(0.126801 0.000380897 -0.000172117)
(0.125067 0.000569733 -0.000257741)
(0.126137 0.000449046 1.30085e-05)
(0.127213 0.000378196 -0.000171794)
(0.125455 0.000563431 -0.000258364)
(0.126545 0.000445898 1.35308e-05)
(0.127624 0.000376283 -0.000171719)
(0.125842 0.000558634 -0.000259367)
(0.126951 0.000443643 1.39945e-05)
(0.128033 0.000375347 -0.000171973)
(0.126226 0.000555146 -0.000260568)
(0.127355 0.000442043 1.44361e-05)
(0.128443 0.000374767 -0.000172338)
(0.126611 0.000554179 -0.000262269)
(0.127759 0.000441891 1.47495e-05)
(0.126994 0.000552085 -0.000263184)
(0.128161 0.000441267 1.48183e-05)
(0.12377 0.000744103 -0.000340324)
(0.120411 0.000920273 -0.000428686)
(0.123072 0.000780679 -0.000185119)
(0.124133 0.000735783 -0.000342231)
(0.120711 0.000906494 -0.000432576)
(0.123432 0.000770815 -0.000184235)
(0.124494 0.000729625 -0.000344531)
(0.12101 0.000895929 -0.000436667)
(0.12379 0.000763096 -0.000184066)
(0.124855 0.000726317 -0.000347212)
(0.121306 0.000888108 -0.00044088)
(0.124148 0.000756932 -0.000184296)
(0.125215 0.000724304 -0.000349614)
(0.121602 0.000884926 -0.000445655)
(0.124505 0.000754709 -0.000185005)
(0.121895 0.000877568 -0.000447848)
(0.12486 0.000751781 -0.000184916)
(0.117523 0.00109331 -0.000524248)
(0.110614 0.00114674 -0.000563318)
(0.116694 0.00109564 -0.000418309)
(0.117762 0.00107649 -0.000529794)
(0.110698 0.00112014 -0.00056784)
(0.116934 0.00107711 -0.000418302)
(0.117998 0.00106289 -0.000535067)
(0.110782 0.00109903 -0.00057256)
(0.117174 0.00106098 -0.000418531)
(0.118234 0.00105398 -0.000540727)
(0.11086 0.00108369 -0.000577299)
(0.117412 0.00104774 -0.000419349)
(0.118467 0.00104463 -0.000544827)
(0.110936 0.00107297 -0.000581781)
(0.117649 0.00103999 -0.000420546)
(0.111009 0.00105833 -0.000583206)
(0.117883 0.00102481 -0.000418394)
(0.104311 0.00110161 -0.000575319)
(0.0873037 0.00102483 -0.000508339)
(0.103182 0.00106559 -0.000528643)
(0.104251 0.00107245 -0.000579577)
(0.0869296 0.00099434 -0.000503977)
(0.103128 0.00103352 -0.00052724)
(0.104188 0.00105109 -0.000584273)
(0.0865628 0.000965004 -0.000498927)
(0.103077 0.00100652 -0.00052606)
(0.10412 0.0010352 -0.0005883)
(0.0862035 0.000938909 -0.000493293)
(0.103021 0.000983868 -0.000524143)
(0.104046 0.00101952 -0.00059023)
(0.0858508 0.000914871 -0.000486715)
(0.102964 0.000968782 -0.000521155)
(0.0855095 0.000889311 -0.000477658)
(0.102901 0.000949429 -0.00051529)
(0.0716521 0.000983039 -0.000467172)
(0.0701003 0.000937011 -0.000429787)
(0.0710032 0.000952876 -0.000454578)
(0.0694806 0.000903613 -0.000417755)
(0.0703701 0.000920922 -0.000440818)
(0.0688762 0.000866776 -0.000402067)
(0.0697557 0.000888869 -0.000426121)
(0.0682939 0.000830784 -0.000382355)
(0.0691609 0.000857177 -0.000410076)
(0.0677259 0.000796279 -0.000360807)
(0.0671868 0.000763039 -0.000337589)
(0.071191 -0.000979536 0.000462907)
(0.0868856 -0.001003 0.000502414)
(0.070508 -0.000957425 0.000449118)
(0.0864861 -0.000982701 0.000499361)
(0.0681938 -0.000874132 0.000415601)
(0.0698367 -0.000933491 0.000436923)
(0.0860853 -0.000961894 0.000496749)
(0.0675452 -0.000850124 0.000404136)
(0.0691776 -0.000908748 0.000426648)
(0.0856921 -0.000940803 0.000494704)
(0.0669101 -0.000826902 0.000395823)
(0.0852983 -0.000918338 0.000490891)
(0.0662812 -0.000804587 0.000387051)
(0.103997 -0.00107681 0.000580724)
(0.110172 -0.00108165 0.000632974)
(0.103914 -0.00105943 0.000590911)
(0.110243 -0.00106747 0.000642513)
(0.102 -0.000962988 0.000545872)
(0.103824 -0.00104269 0.000600075)
(0.110308 -0.00105616 0.00065384)
(0.101894 -0.000949585 0.000557011)
(0.103725 -0.0010252 0.000605885)
(0.110365 -0.0010444 0.00066246)
(0.101781 -0.000932129 0.000560781)
(0.110419 -0.00102994 0.000666078)
(0.101661 -0.00091862 0.000564849)
(0.116949 -0.000997303 0.000661969)
(0.119723 -0.000796103 0.000621881)
(0.115172 -0.00088171 0.000700713)
(0.11718 -0.000990078 0.000672919)
(0.120017 -0.000790698 0.000627865)
(0.115394 -0.000874036 0.000703293)
(0.117407 -0.000985215 0.000684281)
(0.120307 -0.000788501 0.000635974)
(0.115608 -0.000870001 0.000711888)
(0.117628 -0.00097713 0.000690877)
(0.120592 -0.000787514 0.000643381)
(0.115816 -0.000867073 0.000720842)
(0.120877 -0.000782674 0.00064637)
(0.116022 -0.000862363 0.000730091)
(0.122961 -0.000595806 0.000594227)
(0.124212 -0.000402264 0.000555368)
(0.12117 -0.000468654 0.000694806)
(0.123317 -0.000595096 0.00059689)
(0.124591 -0.00040224 0.000555026)
(0.12151 -0.00047138 0.000694152)
(0.12367 -0.000595941 0.00060035)
(0.124967 -0.000402881 0.000555545)
(0.121847 -0.000474583 0.000694961)
(0.124022 -0.000597263 0.000603481)
(0.125343 -0.000404409 0.000556959)
(0.122183 -0.000478861 0.000697113)
(0.125716 -0.000404826 0.000557243)
(0.122516 -0.000482135 0.000699804)
(0.12589 -0.000201129 0.000514391)
(0.12614 -1.5247e-05 0.000448828)
(0.124104 -8.35941e-05 0.000668332)
(0.126291 -0.000202225 0.000511699)
(0.126548 -1.61153e-05 0.00044565)
(0.124484 -8.61354e-05 0.000661695)
(0.12669 -0.000203568 0.000510093)
(0.126954 -1.68722e-05 0.0004433)
(0.124861 -8.8541e-05 0.000656523)
(0.127088 -0.000204712 0.000508821)
(0.127358 -1.7737e-05 0.00044209)
(0.125238 -9.06972e-05 0.000653468)
(0.127762 -1.78625e-05 0.000440862)
(0.125613 -9.24055e-05 0.00065004)
(0.126804 0.000169879 0.000380166)
(0.126139 0.000342772 0.000289966)
(0.125073 0.000255746 0.000568997)
(0.127217 0.000169184 0.000377402)
(0.126547 0.000340781 0.000288708)
(0.125462 0.000255898 0.000562724)
(0.127627 0.00016879 0.000375497)
(0.126953 0.000339461 0.000287995)
(0.125849 0.000256419 0.000557971)
(0.128037 0.000168848 0.000374375)
(0.127357 0.000338543 0.000287794)
(0.126234 0.000257304 0.000554815)
(0.128446 0.000169195 0.000373031)
(0.12776 0.000338661 0.000287954)
(0.126619 0.000258782 0.000553298)
(0.128162 0.000338629 0.000287186)
(0.127002 0.000259593 0.000549856)
(0.125887 0.000514138 0.000198559)
(0.124097 0.00066846 8.12431e-05)
(0.124209 0.000555037 0.000399652)
(0.126288 0.000511491 0.00019935)
(0.124476 0.00066168 8.33626e-05)
(0.124589 0.000554704 0.000399322)
(0.126687 0.000509617 0.000200339)
(0.124854 0.000656339 8.52778e-05)
(0.124965 0.000555127 0.000399671)
(0.127085 0.00050882 0.000201386)
(0.125229 0.000651962 8.69346e-05)
(0.12534 0.000555815 0.000400556)
(0.127482 0.000508607 0.000202092)
(0.125605 0.000650458 8.84817e-05)
(0.125714 0.000557746 0.000401671)
(0.125979 0.000648385 9.014e-05)
(0.126085 0.000559208 0.00040103)
(0.122739 0.000807865 -2.89347e-05)
(0.119185 0.00094428 -0.000173195)
(0.121056 0.000800984 0.000160563)
(0.123095 0.000798696 -2.58045e-05)
(0.119482 0.00093045 -0.000168642)
(0.121396 0.000794415 0.000165266)
(0.12345 0.000791104 -2.33069e-05)
(0.119778 0.000918709 -0.000164008)
(0.121733 0.000789818 0.000168981)
(0.123804 0.000786201 -2.121e-05)
(0.120074 0.000908544 -0.00016011)
(0.122069 0.000785764 0.000172149)
(0.124158 0.000783312 -1.89007e-05)
(0.12037 0.000902775 -0.000157138)
(0.122404 0.000785883 0.000175865)
(0.120662 0.000892789 -0.000152811)
(0.122736 0.000786707 0.000180558)
(0.116115 0.0010802 -0.000312346)
(0.108732 0.00108531 -0.00041348)
(0.114288 0.0010314 -0.000148158)
(0.116355 0.00106288 -0.000305973)
(0.108823 0.00105904 -0.000406854)
(0.114517 0.00102019 -0.000137731)
(0.116597 0.00104803 -0.00029978)
(0.108916 0.00103605 -0.000399161)
(0.114747 0.00100858 -0.00012653)
(0.116836 0.00103658 -0.000294871)
(0.109007 0.00101502 -0.000390959)
(0.114972 0.000994465 -0.000117047)
(0.117076 0.00102312 -0.000289649)
(0.1091 0.001002 -0.000383861)
(0.1152 0.000984229 -0.000109648)
(0.109186 0.000982278 -0.00037492)
(0.115419 0.000971044 -0.000101279)
(0.102019 0.000999531 -0.000478888)
(0.0842164 0.000917766 -0.000423254)
(0.0996547 0.000906516 -0.000364792)
(0.101974 0.00096989 -0.000471569)
(0.0838859 0.000884266 -0.000411946)
(0.0996011 0.000883864 -0.000354591)
(0.10193 0.000942361 -0.000462359)
(0.0835672 0.000849108 -0.000397139)
(0.0995515 0.000866275 -0.000342402)
(0.101885 0.000921062 -0.000452464)
(0.0832586 0.00081537 -0.000379346)
(0.099489 0.000848345 -0.000328578)
(0.101836 0.000902259 -0.000441952)
(0.0829578 0.000788033 -0.000360578)
(0.0994277 0.000835181 -0.000316152)
(0.0826709 0.000758157 -0.000340708)
(0.0993552 0.000815363 -0.000304663)
(0.0679703 0.000861042 -0.000376969)
(0.0646094 0.000742013 -0.000292797)
(0.0673958 0.000822548 -0.000358786)
(0.0640751 0.00069474 -0.000276617)
(0.0668393 0.000782245 -0.00033624)
(0.0635561 0.000633955 -0.000254632)
(0.0663036 0.000743548 -0.000310486)
(0.0630715 0.000586453 -0.000230545)
(0.0657876 0.000706798 -0.00028347)
(0.0625903 0.000550753 -0.00020582)
(0.0621428 0.000520501 -0.0001844)
(0.0654118 -0.000767152 0.000399346)
(0.0818391 -0.000780343 0.000426391)
(0.0606833 -0.000583392 0.000319421)
(0.0647937 -0.000743771 0.000391878)
(0.0814526 -0.000760842 0.00042494)
(0.060127 -0.00055952 0.000311344)
(0.0641885 -0.000722577 0.000386085)
(0.0810668 -0.000740989 0.000422263)
(0.059578 -0.000539358 0.000305609)
(0.0806803 -0.00072607 0.000423168)
(0.0590346 -0.000522641 0.00030377)
(0.10008 -0.000858656 0.000513392)
(0.106653 -0.000850097 0.000639138)
(0.0954058 -0.000683231 0.000478843)
(0.0999558 -0.000844677 0.00051849)
(0.106684 -0.000843135 0.000646409)
(0.0952348 -0.000675366 0.000486095)
(0.0998203 -0.000830585 0.000522467)
(0.106709 -0.000832128 0.000650421)
(0.0950555 -0.000659604 0.000483958)
(0.106726 -0.000826584 0.000660096)
(0.0948624 -0.000649054 0.000486069)
(0.113688 -0.000763951 0.000738772)
(0.116504 -0.000555578 0.000759148)
(0.109658 -0.00058843 0.000776584)
(0.113891 -0.000759201 0.000739891)
(0.116769 -0.0005556 0.000756397)
(0.109819 -0.000587219 0.000775741)
(0.11409 -0.000756845 0.000746822)
(0.117028 -0.000557966 0.000759876)
(0.109966 -0.000588235 0.000786901)
(0.114281 -0.000757167 0.000758148)
(0.117282 -0.000561365 0.000765701)
(0.110102 -0.00058896 0.000794307)
(0.117534 -0.000566203 0.000774209)
(0.11023 -0.000591413 0.000800478)
(0.119778 -0.000350218 0.000786889)
(0.121067 -0.000163198 0.000800331)
(0.116034 -0.000179866 0.000871999)
(0.120099 -0.000356309 0.000785678)
(0.121407 -0.000168375 0.000794096)
(0.116307 -0.000190169 0.000871315)
(0.12042 -0.000362369 0.000786613)
(0.121744 -0.000172734 0.000790196)
(0.116573 -0.00020078 0.000871521)
(0.120738 -0.000368537 0.000788277)
(0.122082 -0.000176698 0.000788166)
(0.116838 -0.000210972 0.000865001)
(0.122417 -0.00018122 0.000786608)
(0.117103 -0.000220295 0.000859001)
(0.12275 2.63827e-05 0.000807512)
(0.123082 0.000182979 0.000780079)
(0.1192 0.000171761 0.00094399)
(0.123107 2.26221e-05 0.00079862)
(0.123443 0.000181555 0.000770365)
(0.119497 0.000166595 0.000930495)
(0.123462 1.94373e-05 0.00079209)
(0.123801 0.00018075 0.000762854)
(0.119794 0.00016085 0.000919295)
(0.123817 1.67366e-05 0.000786928)
(0.12416 0.000180354 0.000757885)
(0.120092 0.000156266 0.000911242)
(0.124517 0.000180853 0.000754103)
(0.120388 0.000152228 0.00090211)
(0.12378 0.000338099 0.000743387)
(0.123187 0.000464398 0.000670974)
(0.120423 0.00042743 0.000919955)
(0.124143 0.000339414 0.000735165)
(0.123548 0.000466122 0.000665539)
(0.120725 0.000430695 0.000906309)
(0.124505 0.000341215 0.000729312)
(0.123906 0.000468431 0.00066177)
(0.121024 0.000433982 0.000895891)
(0.124867 0.000343548 0.000725952)
(0.124263 0.000470898 0.000659773)
(0.121321 0.000437857 0.000888748)
(0.125228 0.000345667 0.000722863)
(0.124619 0.000473857 0.0006598)
(0.121618 0.000442265 0.000884796)
(0.124972 0.000476169 0.00065733)
(0.121912 0.000443654 0.00087547)
(0.12296 0.00059384 0.000592876)
(0.121164 0.000695022 0.000465714)
(0.119723 0.000621357 0.000792888)
(0.123315 0.000596392 0.000591913)
(0.121504 0.000694214 0.00046821)
(0.120017 0.000627694 0.000787381)
(0.123668 0.000599228 0.000592017)
(0.121841 0.000694276 0.000470914)
(0.120307 0.000635007 0.000784452)
(0.12402 0.000602691 0.000593231)
(0.122176 0.000694642 0.000473947)
(0.120593 0.000642286 0.000783315)
(0.12437 0.000606496 0.000593597)
(0.122509 0.000698329 0.000477565)
(0.120876 0.000647102 0.00078019)
(0.122839 0.000702798 0.00047946)
(0.121157 0.000649455 0.000772941)
(0.119767 0.00078751 0.000347052)
(0.11602 0.000873606 0.000177807)
(0.116496 0.000759666 0.000551634)
(0.120089 0.000785557 0.000352658)
(0.116289 0.000871515 0.000187607)
(0.116759 0.000757515 0.000552163)
(0.120408 0.000784706 0.000357686)
(0.116557 0.000869138 0.000196846)
(0.117019 0.000759288 0.000553527)
(0.120726 0.000785794 0.000362892)
(0.11682 0.000862001 0.00020531)
(0.117273 0.00076397 0.000556618)
(0.121039 0.000789194 0.000368279)
(0.117084 0.000857934 0.000213483)
(0.117523 0.000770988 0.000559323)
(0.11734 0.000854651 0.000221054)
(0.117766 0.000779564 0.000561416)
(0.112762 0.000974897 2.1681e-05)
(0.10467 0.000920891 -0.000131913)
(0.109201 0.000901496 0.000212265)
(0.11298 0.000968744 3.59645e-05)
(0.104744 0.000908527 -0.000115419)
(0.109364 0.000896612 0.000221762)
(0.113196 0.000957274 4.93139e-05)
(0.104818 0.000897526 -9.88414e-05)
(0.109522 0.000897722 0.000233348)
(0.113409 0.000944275 6.08878e-05)
(0.104878 0.000883737 -8.42082e-05)
(0.109665 0.000891595 0.000241885)
(0.113618 0.000934094 7.10527e-05)
(0.104939 0.000872121 -7.14664e-05)
(0.109809 0.000887555 0.000248904)
(0.104989 0.000857986 -6.06461e-05)
(0.109935 0.000881786 0.000252968)
(0.0973623 0.000799266 -0.000241361)
(0.0781496 0.000684688 -0.000217645)
(0.09279 0.000708328 -0.000103255)
(0.0973034 0.000789336 -0.000224437)
(0.0778622 0.000650503 -0.00020344)
(0.0926605 0.000702777 -8.53863e-05)
(0.0972352 0.000780787 -0.000207924)
(0.077583 0.000606456 -0.000186758)
(0.0925214 0.00070774 -6.882e-05)
(0.0971577 0.000770123 -0.000192742)
(0.077318 0.000573103 -0.000169264)
(0.0923732 0.00070185 -5.78668e-05)
(0.0970728 0.000755662 -0.000179701)
(0.0770503 0.000549348 -0.000153019)
(0.0922153 0.000694846 -4.89968e-05)
(0.076794 0.000528109 -0.00014009)
(0.0920522 0.000681475 -4.29451e-05)
(0.0609605 0.000590405 -0.000190498)
(0.0559943 0.000442378 -0.000120959)
(0.0604785 0.000519063 -0.000175164)
(0.0555445 0.000407455 -0.000112083)
(0.0600255 0.000448928 -0.000156677)
(0.0551034 0.000362194 -0.000103319)
(0.0595938 0.000401963 -0.000137834)
(0.0546935 0.00033018 -9.35224e-05)
(0.0591744 0.000370584 -0.000121555)
(0.0542758 0.000307301 -8.51663e-05)
(0.05389 0.000289428 -7.87643e-05)
(0.056011 -0.000398378 0.000251356)
(0.0722802 -0.000422838 0.000326242)
(0.0475484 -0.000247548 0.000217023)
(0.055508 -0.000377778 0.000243055)
(0.0719106 -0.00040777 0.000321896)
(0.0471194 -0.000233321 0.000207854)
(0.055017 -0.000361921 0.000239628)
(0.0715404 -0.000392226 0.000314623)
(0.0466962 -0.000221402 0.000201224)
(0.0711644 -0.000380696 0.000313263)
(0.0462783 -0.000212344 0.000201433)
(0.0909893 -0.000512272 0.000475819)
(0.0981931 -0.000501803 0.000668545)
(0.0800998 -0.000292922 0.00041197)
(0.090769 -0.000503019 0.000472794)
(0.0981267 -0.000499224 0.000672459)
(0.0797771 -0.00029362 0.00041351)
(0.0905378 -0.000491183 0.000466552)
(0.0980457 -0.000492346 0.000667849)
(0.0794534 -0.000286943 0.000405903)
(0.0979526 -0.000487181 0.000664834)
(0.0791174 -0.000278299 0.000396723)
(0.106074 -0.000417605 0.000838969)
(0.10922 -0.000213755 0.000899768)
(0.0968252 -0.000212963 0.000759299)
(0.106178 -0.000423177 0.000842254)
(0.109387 -0.000224611 0.000897561)
(0.0967777 -0.000222141 0.000757154)
(0.106271 -0.00042833 0.000848357)
(0.109542 -0.000238661 0.000902261)
(0.0967147 -0.000232383 0.00076671)
(0.106347 -0.000431512 0.000849197)
(0.109687 -0.000249508 0.00089736)
(0.096637 -0.00023746 0.0007647)
(0.109828 -0.000257325 0.000891091)
(0.0965487 -0.000239999 0.000757968)
(0.112783 -2.31628e-05 0.000973814)
(0.114306 0.000147428 0.00103042)
(0.104683 0.000130454 0.000920291)
(0.113002 -3.8946e-05 0.000970374)
(0.114539 0.000136019 0.00102033)
(0.104762 0.000113634 0.000908323)
(0.113219 -5.42653e-05 0.00096055)
(0.114768 0.000122993 0.00101092)
(0.104834 9.5651e-05 0.000900817)
(0.113434 -6.75287e-05 0.000946399)
(0.114996 0.000112687 0.000997784)
(0.104898 7.95242e-05 0.000884334)
(0.115224 0.000103456 0.000984536)
(0.10496 6.55457e-05 0.000870545)
(0.116134 0.000311428 0.00108045)
(0.11671 0.000417707 0.00109591)
(0.108746 0.000413629 0.00108653)
(0.116375 0.00030393 0.0010636)
(0.116952 0.000416984 0.00107756)
(0.108839 0.00040661 0.00106067)
(0.116619 0.000296697 0.00105049)
(0.117193 0.000416085 0.0010618)
(0.108932 0.000397694 0.001038)
(0.11686 0.000290712 0.00103823)
(0.117433 0.000416506 0.00105038)
(0.109025 0.00038867 0.0010185)
(0.117671 0.000416828 0.00103987)
(0.10912 0.000379625 0.00100131)
(0.117538 0.000523392 0.00109372)
(0.117124 0.000588343 0.00105064)
(0.110625 0.000563386 0.00114777)
(0.117778 0.00052809 0.00107703)
(0.117361 0.000595929 0.00103671)
(0.110711 0.000567547 0.0011214)
(0.118016 0.000532725 0.00106395)
(0.117596 0.000603149 0.00102637)
(0.110795 0.00057169 0.00110081)
(0.118253 0.000538021 0.00105498)
(0.117826 0.000610342 0.00101929)
(0.110874 0.000575906 0.00108579)
(0.118488 0.000541269 0.00104404)
(0.118054 0.000615242 0.00101183)
(0.110952 0.000579694 0.0010751)
(0.118278 0.000616158 0.000997505)
(0.111025 0.000579191 0.00105844)
(0.116951 0.000661636 0.000993673)
(0.11517 0.00070049 0.000877447)
(0.110176 0.000632131 0.00107755)
(0.117182 0.00067224 0.000985832)
(0.11539 0.000704156 0.000870217)
(0.110246 0.000642836 0.00106366)
(0.117409 0.000683344 0.000980921)
(0.115606 0.000710856 0.000865402)
(0.110312 0.00065373 0.00105189)
(0.117631 0.000691452 0.000974824)
(0.115814 0.000720566 0.000863291)
(0.110369 0.000662224 0.00103994)
(0.117849 0.000694539 0.000963779)
(0.116018 0.000728426 0.000858832)
(0.110424 0.0006666 0.00102652)
(0.116215 0.000736238 0.000851384)
(0.110471 0.000666973 0.00101039)
(0.11368 0.000739651 0.000759537)
(0.109646 0.000778064 0.000584117)
(0.106605 0.000638714 0.000856777)
(0.113884 0.000740514 0.000754984)
(0.109803 0.000775396 0.000583019)
(0.106645 0.000642839 0.000848785)
(0.114082 0.000746566 0.000752715)
(0.109953 0.000783669 0.000583262)
(0.106681 0.000646089 0.000837902)
(0.114274 0.000756152 0.000752077)
(0.110087 0.000789728 0.000583726)
(0.106704 0.000654235 0.000830595)
(0.114456 0.000767835 0.000751218)
(0.110218 0.000796395 0.000584314)
(0.106721 0.000658336 0.000819263)
(0.110332 0.000801007 0.000583563)
(0.106731 0.000665689 0.000810643)
(0.106053 0.000838091 0.000413773)
(0.0968147 0.000762004 0.000211012)
(0.098235 0.000674991 0.00050449)
(0.106158 0.000838536 0.000418173)
(0.0967648 0.000755625 0.00021795)
(0.0981807 0.000669629 0.000500116)
(0.10625 0.000842406 0.000422002)
(0.0966999 0.000761946 0.000227005)
(0.0981139 0.000669162 0.000494425)
(0.106329 0.000843402 0.000424179)
(0.0966252 0.00075815 0.0002311)
(0.0980337 0.000666268 0.000487523)
(0.106395 0.000843075 0.000424904)
(0.0965405 0.000756086 0.000234001)
(0.0979453 0.000664081 0.000481251)
(0.0964453 0.000749858 0.00023392)
(0.0978416 0.000661128 0.000474513)
(0.0885064 0.000625199 4.65166e-05)
(0.0685191 0.000428107 -1.10841e-06)
(0.0791861 0.000475362 0.000112423)
(0.0883056 0.000628869 5.70575e-05)
(0.0682056 0.000416686 3.22354e-06)
(0.0788714 0.000476235 0.000115987)
(0.0880915 0.000633573 6.51499e-05)
(0.067885 0.000418201 8.04412e-06)
(0.0785445 0.00047878 0.000116897)
(0.0878699 0.000630302 6.93136e-05)
(0.0675756 0.000413851 1.07216e-05)
(0.0782291 0.000473532 0.000115271)
(0.0876404 0.000623652 7.11885e-05)
(0.067252 0.000407971 1.29094e-05)
(0.0778958 0.000469038 0.000113318)
(0.0669461 0.000398712 1.37535e-05)
(0.0775769 0.000458873 0.000108993)
(0.0512074 0.000288246 -4.04481e-05)
(0.0441105 0.000204337 -7.74482e-06)
(0.0507953 0.000272943 -4.07323e-05)
(0.0437336 0.000188245 -1.33685e-05)
(0.0503918 0.000261366 -4.03225e-05)
(0.043363 0.000177713 -1.80469e-05)
(0.0499959 0.000251613 -3.9141e-05)
(0.0430074 0.000169457 -2.17671e-05)
(0.0496068 0.000242264 -3.78583e-05)
(0.0426497 0.00016257 -2.36176e-05)
(0.0423161 0.000156551 -2.4226e-05)
(0.0403704 -0.000113325 0.000163864)
(0.0538613 -7.47345e-05 0.000178552)
(0.0306814 -4.46791e-05 9.33883e-05)
(0.0399965 -0.000106354 0.000160527)
(0.0534706 -7.5297e-05 0.000183834)
(0.0303877 -4.13463e-05 9.28552e-05)
(0.0396329 -0.000100201 0.000159259)
(0.0530854 -7.19728e-05 0.000183016)
(0.0300964 -3.74711e-05 9.21043e-05)
(0.0527002 -6.66066e-05 0.00017881)
(0.0298137 -3.38701e-05 9.14115e-05)
(0.070415 -0.000109579 0.000292324)
(0.0788586 -0.000117899 0.000472928)
(0.0523652 -2.91531e-05 0.000154682)
(0.0699968 -0.000111362 0.000297388)
(0.0785389 -0.000120924 0.000482237)
(0.0519928 -3.00394e-05 0.000161373)
(0.0695837 -0.000107013 0.000290851)
(0.0782181 -0.000120118 0.000478532)
(0.0516284 -2.69225e-05 0.000159734)
(0.0778864 -0.000116586 0.000466475)
(0.0512669 -2.21242e-05 0.000153641)
(0.0885116 -4.89219e-05 0.000623208)
(0.0927955 0.00010146 0.000706218)
(0.0685048 -1.66481e-07 0.000427603)
(0.088312 -6.13602e-05 0.000633266)
(0.0926696 8.35046e-05 0.000703946)
(0.0681871 -6.91929e-06 0.000422592)
(0.0880978 -7.03105e-05 0.000640793)
(0.0925327 6.53179e-05 0.000713377)
(0.06787 -1.14285e-05 0.000423533)
(0.087874 -7.42493e-05 0.000634403)
(0.0923833 5.28002e-05 0.000705613)
(0.0675562 -1.30675e-05 0.000416263)
(0.0922239 4.44094e-05 0.000693344)
(0.0672353 -1.46492e-05 0.00040748)
(0.0973735 0.000239894 0.000800641)
(0.099663 0.000365113 0.000907866)
(0.0781399 0.000214918 0.00068852)
(0.0973166 0.000222739 0.000792184)
(0.0996148 0.000354615 0.000885684)
(0.077848 0.000200845 0.000652268)
(0.0972498 0.000205118 0.000782361)
(0.0995633 0.000341224 0.000870043)
(0.0775742 0.000184521 0.000608453)
(0.0971737 0.000188725 0.000767512)
(0.0995041 0.000325877 0.000849593)
(0.077305 0.000166975 0.000571824)
(0.0994428 0.000311884 0.000832947)
(0.0770383 0.000150263 0.000547182)
(0.102029 0.00047963 0.00100199)
(0.10319 0.000529115 0.00106739)
(0.0842013 0.000423101 0.000921131)
(0.101985 0.000471857 0.000972807)
(0.103139 0.000527784 0.00103589)
(0.0838715 0.000411337 0.000887504)
(0.101943 0.000461703 0.000945645)
(0.103088 0.000526144 0.00100933)
(0.083553 0.000395962 0.000851697)
(0.101899 0.000450113 0.00092248)
(0.103033 0.00052378 0.000986829)
(0.0832436 0.000377335 0.000819073)
(0.102977 0.000518919 0.000970048)
(0.0829442 0.000356699 0.000790241)
(0.10432 0.000575803 0.00110322)
(0.104195 0.000574325 0.00110039)
(0.0872884 0.000508853 0.00102777)
(0.10426 0.000579959 0.0010747)
(0.104125 0.000581903 0.00107513)
(0.0869141 0.000504279 0.000997213)
(0.104198 0.000584232 0.00105377)
(0.104053 0.000589081 0.00105523)
(0.0865468 0.000498788 0.000968046)
(0.104131 0.000587445 0.00103831)
(0.103971 0.000594006 0.00103772)
(0.086187 0.000492246 0.000942338)
(0.104058 0.00058754 0.00102195)
(0.103888 0.000597496 0.0010218)
(0.0858339 0.000484112 0.000919165)
(0.103797 0.000596793 0.00100228)
(0.0854931 0.000472775 0.000892898)
(0.104002 0.000580519 0.00107252)
(0.102095 0.000538943 0.000976102)
(0.0868892 0.00050304 0.000999447)
(0.10392 0.00059172 0.00105554)
(0.101999 0.000548959 0.000961131)
(0.0864895 0.000499489 0.00097833)
(0.10383 0.000600761 0.00103856)
(0.101898 0.000556859 0.000944915)
(0.0860903 0.000497496 0.000957854)
(0.103733 0.00060604 0.00102057)
(0.101783 0.00056467 0.000930139)
(0.0856985 0.000495218 0.000936812)
(0.103628 0.000607547 0.00100194)
(0.101664 0.000565037 0.00091177)
(0.085306 0.000492484 0.000915434)
(0.101537 0.000565318 0.000895646)
(0.0849226 0.000486518 0.000892734)
(0.100191 0.000509701 0.000869983)
(0.0955596 0.000480403 0.000694616)
(0.0822297 0.000427817 0.000798653)
(0.100079 0.000515844 0.000855892)
(0.0954012 0.000484213 0.000683119)
(0.0818434 0.000427146 0.0007771)
(0.0999545 0.000522046 0.000841945)
(0.0952318 0.000485133 0.000669445)
(0.0814542 0.000425419 0.000755846)
(0.099819 0.00052605 0.000826429)
(0.0950522 0.000488243 0.000657585)
(0.0810713 0.000426981 0.000738571)
(0.0996766 0.00052741 0.000809905)
(0.0948617 0.000487189 0.000641343)
(0.0806889 0.000425555 0.000720317)
(0.0946647 0.000488126 0.000628549)
(0.0803081 0.000424923 0.000704873)
(0.0911921 0.000480069 0.000520027)
(0.0804315 0.000415285 0.00029534)
(0.0726589 0.000333491 0.000441871)
(0.0909852 0.000476133 0.000509327)
(0.080113 0.000417442 0.000293905)
(0.0722904 0.000324919 0.000419378)
(0.0907647 0.000472365 0.000497989)
(0.0797844 0.00041169 0.000288912)
(0.0719139 0.000320522 0.000402568)
(0.0905336 0.000468205 0.000485717)
(0.0794642 0.000405649 0.000281487)
(0.0715468 0.000318756 0.000388322)
(0.0902936 0.000464173 0.000473507)
(0.0791277 0.000399617 0.000273204)
(0.0711719 0.000315774 0.000374869)
(0.0788013 0.000392221 0.000264122)
(0.0708035 0.00031414 0.000363635)
(0.0708558 0.000290109 0.000105821)
(0.0527717 0.000155477 2.67743e-05)
(0.0542784 0.000179049 7.79921e-05)
(0.0704361 0.000296655 0.000108556)
(0.0523934 0.000157831 2.90134e-05)
(0.0538837 0.000181915 7.44198e-05)
(0.0700192 0.000294692 0.000106322)
(0.0520173 0.00015914 2.71829e-05)
(0.0534884 0.000182992 7.14222e-05)
(0.0696064 0.000290654 0.000101996)
(0.0516566 0.000157071 2.31034e-05)
(0.0531062 0.000182571 6.67946e-05)
(0.0691964 0.000284126 9.61612e-05)
(0.0512907 0.000154412 1.94957e-05)
(0.0527171 0.000181203 6.18543e-05)
(0.0509462 0.000149341 1.55448e-05)
(0.0523475 0.000177445 5.65834e-05)
(0.0380705 7.49189e-05 -3.30281e-05)
(0.0299153 3.12548e-05 -3.19749e-05)
(0.0377267 7.05163e-05 -3.49344e-05)
(0.0296284 3.10949e-05 -3.10504e-05)
(0.0373937 6.71728e-05 -3.86311e-05)
(0.0293469 3.09996e-05 -3.24519e-05)
(0.0370711 6.38269e-05 -4.21837e-05)
(0.0290735 3.01411e-05 -3.52024e-05)
(0.0367574 6.07717e-05 -4.43829e-05)
(0.0288053 2.91412e-05 -3.72241e-05)
(0.0285503 2.78437e-05 -3.85139e-05)
(0.0239854 5.36211e-06 3.64425e-05)
(0.0296079 3.06658e-05 3.05894e-05)
(0.0237403 7.00403e-06 3.5827e-05)
(0.0293274 3.07844e-05 3.17527e-05)
(0.0235034 9.22712e-06 3.48775e-05)
(0.029051 3.2844e-05 3.06022e-05)
(0.0287852 3.52685e-05 2.88017e-05)
(0.0377021 3.30944e-05 7.22456e-05)
(0.0437008 9.37715e-06 0.000193029)
(0.0373632 3.66771e-05 6.86242e-05)
(0.0433308 1.5521e-05 0.00018062)
(0.0370392 4.04263e-05 6.43299e-05)
(0.0429724 2.10185e-05 0.000168911)
(0.04262 2.27333e-05 0.000161822)
(0.0511751 3.77018e-05 0.000292285)
(0.0559668 0.000116695 0.000446202)
(0.0507595 3.76821e-05 0.000277406)
(0.055506 0.000108656 0.000410102)
(0.0503534 3.9377e-05 0.000261907)
(0.0550711 0.000101557 0.000362449)
(0.0499579 3.95322e-05 0.000249498)
(0.0546543 9.42652e-05 0.000326889)
(0.0542414 8.55766e-05 0.000304268)
(0.0609287 0.000186334 0.00059199)
(0.0645789 0.000290329 0.000745627)
(0.060446 0.000171759 0.000518138)
(0.0640361 0.000273129 0.000696504)
(0.0599909 0.000154612 0.000446687)
(0.0635241 0.000251658 0.000634435)
(0.0595559 0.000136334 0.000399415)
(0.0630317 0.000226911 0.00058712)
(0.0625527 0.000202251 0.000551887)
(0.0679333 0.000375489 0.000864775)
(0.070064 0.000429817 0.000940959)
(0.0673582 0.000356768 0.000825232)
(0.0694426 0.000417258 0.000906954)
(0.0668006 0.000333609 0.000784602)
(0.0688381 0.000400885 0.000869408)
(0.0662628 0.00030671 0.000746865)
(0.0682535 0.000380013 0.000833945)
(0.0676848 0.000356041 0.000800909)
(0.0716154 0.000467447 0.000986959)
(0.0717377 0.00047378 0.000993778)
(0.0709648 0.000454378 0.000956441)
(0.0710662 0.000458773 0.000968793)
(0.07033 0.000439666 0.000924503)
(0.0704032 0.000445087 0.000940978)
(0.069714 0.000423304 0.000893113)
(0.069763 0.000433541 0.00091246)
(0.0691181 0.000405317 0.000862302)
(0.0691304 0.000422277 0.000884382)
(0.0685249 0.000408935 0.000856314)
(0.0711933 0.000463958 0.000976151)
(0.0688579 0.000425784 0.000893626)
(0.0705111 0.000449466 0.000953389)
(0.0682022 0.000414189 0.000870159)
(0.0698419 0.000437427 0.000929429)
(0.067548 0.000404872 0.000845886)
(0.0691849 0.000427883 0.000905207)
(0.066919 0.000396461 0.000822813)
(0.068542 0.000418607 0.000880704)
(0.0662932 0.000390605 0.000800959)
(0.0656854 0.000382309 0.000779588)
(0.0660473 0.000404816 0.000787943)
(0.061267 0.000322503 0.000608523)
(0.0654172 0.000399026 0.000762828)
(0.0607011 0.000317741 0.000579364)
(0.0648022 0.000393689 0.000739289)
(0.0601342 0.00031295 0.00055526)
(0.0641996 0.000389446 0.000718314)
(0.0595911 0.000310982 0.000535255)
(0.0636088 0.000384995 0.000699262)
(0.05905 0.000308278 0.000518393)
(0.0585226 0.00030583 0.00050341)
(0.0565358 0.00025882 0.000421967)
(0.0480038 0.000226015 0.000266298)
(0.0560243 0.000250056 0.000394567)
(0.0475682 0.000213242 0.000245045)
(0.0555233 0.000246339 0.000374055)
(0.0471338 0.000207316 0.00022972)
(0.0550314 0.000244714 0.000357965)
(0.0467133 0.000205933 0.000217932)
(0.0545492 0.000243306 0.000344849)
(0.0462928 0.000203894 0.000207932)
(0.0458889 0.000202908 0.000199752)
(0.04076 0.000167982 0.000121815)
(0.0309964 9.66219e-05 4.96957e-05)
(0.0403836 0.000163261 0.000110913)
(0.0306977 9.40536e-05 4.39269e-05)
(0.0400146 0.000162315 0.000102978)
(0.0304024 9.32735e-05 3.91762e-05)
(0.0396511 0.000162245 9.62807e-05)
(0.0301136 9.3519e-05 3.47447e-05)
(0.0392948 0.000161408 9.0435e-05)
(0.0298288 9.33235e-05 3.0973e-05)
(0.0295558 9.22399e-05 2.78989e-05)
(0.0242442 3.74686e-05 -4.6777e-06)
(0.0239971 3.66846e-05 -6.35862e-06)
(0.0237556 3.60662e-05 -8.84961e-06)
(0.0235205 3.55736e-05 -1.13137e-05)
(0.0232919 3.49674e-05 -1.31377e-05)
)
;

boundaryField
{
    inlet
    {
        type            calculated;
        value           nonuniform List<vector> 0();
    }
    ami1
    {
        type            cyclicAMI;
        value           nonuniform List<vector> 0();
    }
    walls
    {
        type            calculated;
        value           uniform (0 0 0);
    }
    ami2
    {
        type            cyclicAMI;
        value           nonuniform List<vector> 0();
    }
    outlet
    {
        type            calculated;
        value           nonuniform List<vector> 0();
    }
    procBoundary7to5
    {
        type            processor;
        value           nonuniform List<vector> 
131
(
(0.0230395 -3.37708e-05 1.27609e-05)
(0.0389104 -0.000158156 -8.8908e-05)
(0.0540452 -0.000240319 -0.00033737)
(0.0630079 -0.000381568 -0.00068563)
(0.0679016 -0.000414076 -0.000859645)
(0.0685487 -0.000393361 -0.000831496)
(0.0652606 -0.000259367 -0.000674793)
(0.0587398 -0.000111896 -0.000347309)
(0.0492054 -3.90076e-05 -0.00023258)
(0.0364402 -4.63191e-05 -5.89606e-05)
(0.0230657 -1.45035e-05 -3.44325e-05)
(0.0363991 -5.84302e-05 4.4333e-05)
(0.0687397 -0.00027773 -9.48614e-05)
(0.0900348 -0.00046303 -0.000468655)
(0.099519 -0.000531421 -0.000800077)
(0.103504 -0.000606832 -0.000986991)
(0.103961 -0.00058834 -0.00100792)
(0.101775 -0.000431532 -0.000886667)
(0.0969742 -0.000170536 -0.000745521)
(0.0873896 6.99676e-05 -0.000620728)
(0.0687773 8.86658e-05 -0.000278016)
(0.0389436 8.50884e-05 -0.000159954)
(0.0491548 -0.000232475 3.69995e-05)
(0.0873873 -0.00062212 -7.64034e-05)
(0.106471 -0.000849935 -0.000430997)
(0.114638 -0.000786706 -0.00075627)
(0.118061 -0.000699265 -0.000957907)
(0.118707 -0.00054355 -0.00103605)
(0.117319 -0.000280959 -0.00101215)
(0.113826 8.17874e-05 -0.00093774)
(0.106449 0.000423269 -0.000847069)
(0.090039 0.000460857 -0.000462688)
(0.0540798 0.000332185 -0.000242713)
(0.0586969 -0.000347891 0.000108801)
(0.0969906 -0.000747445 0.000164126)
(0.113852 -0.000939111 -8.78882e-05)
(0.121366 -0.000798804 -0.000379713)
(0.124722 -0.000612884 -0.000597277)
(0.125584 -0.00034893 -0.0007249)
(0.124516 -1.32524e-05 -0.000785218)
(0.121349 0.000374989 -0.000799201)
(0.114624 0.000749031 -0.000785461)
(0.0995242 0.000793197 -0.000532916)
(0.0630477 0.000678142 -0.000382543)
(0.0652222 -0.000677914 0.000254266)
(0.101792 -0.000886936 0.000427168)
(0.11734 -0.00101206 0.000277026)
(0.124527 -0.00078428 9.60695e-06)
(0.127885 -0.00050993 -0.000207662)
(0.128855 -0.000170196 -0.000376821)
(0.127878 0.000204677 -0.00051184)
(0.124709 0.000593216 -0.000614282)
(0.11805 0.000951584 -0.000700172)
(0.103511 0.000978435 -0.000607212)
(0.0679474 0.000851537 -0.000413161)
(0.068526 -0.000833802 0.00038656)
(0.068509 -0.000859089 0.00040941)
(0.103972 -0.00100941 0.000586498)
(0.103786 -0.00100852 0.000598272)
(0.118717 -0.00103361 0.000540978)
(0.118276 -0.00100228 0.000616161)
(0.125587 -0.00072358 0.000345938)
(0.124974 -0.000661978 0.000474977)
(0.128855 -0.000374866 0.000167237)
(0.128165 -0.000290705 0.000336329)
(0.129836 -3.92616e-07 -2.59534e-06)
(0.128851 0.000373577 -0.000172368)
(0.125574 0.000720484 -0.000350806)
(0.118698 0.00102948 -0.000544723)
(0.103969 0.00100071 -0.000588354)
(0.0685876 0.000825281 -0.000392075)
(0.0685317 -0.000884194 0.000417265)
(0.103619 -0.00100723 0.000607696)
(0.117848 -0.000966192 0.000693549)
(0.124372 -0.000597223 0.000605787)
(0.127486 -0.00020534 0.000506941)
(0.128165 -1.78673e-05 0.000438797)
(0.128855 0.000169104 0.000371145)
(0.127878 0.000508046 0.000202488)
(0.12451 0.000780225 -1.54177e-05)
(0.117313 0.00100594 -0.000282063)
(0.101783 0.000881164 -0.000430986)
(0.0652919 0.000670452 -0.000258183)
(0.0635947 -0.000703627 0.000380998)
(0.099675 -0.000817273 0.000525951)
(0.114464 -0.00075745 0.000770755)
(0.121052 -0.000374351 0.000790213)
(0.124171 1.39297e-05 0.000781913)
(0.124874 0.000180427 0.000749425)
(0.125587 0.000346565 0.000718052)
(0.124717 0.000610228 0.000591498)
(0.121349 0.000793431 0.000373167)
(0.113822 0.000930997 8.07105e-05)
(0.0969827 0.000741475 -0.000169168)
(0.058766 0.000346561 -0.000110098)
(0.0545347 -0.000349374 0.000238365)
(0.0902953 -0.00048087 0.000462697)
(0.10641 -0.000433113 0.000847701)
(0.113644 -7.94761e-05 0.000937069)
(0.117101 0.000283887 0.00102196)
(0.117908 0.000413078 0.00102304)
(0.118721 0.000540266 0.00102766)
(0.118064 0.000696899 0.000951523)
(0.114629 0.000779948 0.000748955)
(0.10645 0.000841438 0.000423399)
(0.0874039 0.000616653 7.18316e-05)
(0.0492274 0.000232245 -3.70717e-05)
(0.0392761 -9.51465e-05 0.000158313)
(0.0691765 -0.000101069 0.00028111)
(0.0876418 -7.67056e-05 0.000627402)
(0.0970893 0.000174488 0.000754298)
(0.101852 0.000437803 0.000902984)
(0.102916 0.00051097 0.000951171)
(0.103983 0.000583696 0.00100173)
(0.103519 0.000603844 0.000981089)
(0.0995277 0.000529909 0.000795597)
(0.0900451 0.000459852 0.000462094)
(0.0687914 0.000276496 9.03829e-05)
(0.0364538 5.8484e-05 -4.50967e-05)
(0.0232761 1.07859e-05 3.40521e-05)
(0.0367272 4.22977e-05 6.1238e-05)
(0.0495715 3.7951e-05 0.000239601)
(0.059134 0.000120191 0.000367757)
(0.0657443 0.000278858 0.000710748)
(0.0671413 0.000333104 0.000767415)
(0.0685431 0.000385465 0.000831353)
(0.0679147 0.000407306 0.000856284)
(0.0630297 0.000379187 0.000681091)
(0.0540752 0.000241041 0.000333763)
(0.0389459 0.000158971 8.58473e-05)
(0.023071 3.41603e-05 -1.39663e-05)
)
;
    }
    procBoundary7to8
    {
        type            processor;
        value           nonuniform List<vector> 
68
(
(0.0244692 -3.86532e-05 4.74569e-06)
(0.0411216 -0.000176316 -0.000133653)
(0.0570484 -0.000276202 -0.000456545)
(0.0666945 -0.000409492 -0.000811409)
(0.0718971 -0.000476231 -0.000995288)
(0.0383832 -7.73168e-05 3.59918e-05)
(0.0712499 -0.000285197 -0.000101158)
(0.0913853 -0.000485295 -0.00053143)
(0.100282 -0.000510789 -0.000890664)
(0.104066 -0.000570586 -0.0010929)
(0.0515782 -0.000307093 3.96191e-05)
(0.0887012 -0.000629795 -3.75865e-05)
(0.105957 -0.000841354 -0.000411005)
(0.113473 -0.000739966 -0.000767824)
(0.116708 -0.000652025 -0.00100754)
(0.0614137 -0.000637473 0.000197596)
(0.0974274 -0.000820984 0.000254619)
(0.112559 -0.000983214 -9.42154e-06)
(0.119452 -0.000791386 -0.000343989)
(0.122602 -0.00059195 -0.000598037)
(0.0685143 -0.000900948 0.000388994)
(0.102071 -0.00103545 0.000484798)
(0.115889 -0.00110242 0.000317566)
(0.122391 -0.000819405 3.0915e-05)
(0.125485 -0.000517771 -0.000199924)
(0.126387 -0.000171018 -0.000385535)
(0.0722748 -0.0010169 0.000476526)
(0.104371 -0.00114002 0.000571642)
(0.117291 -0.00111543 0.00051828)
(0.123413 -0.000755391 0.000337879)
(0.126387 -0.000384815 0.000171434)
(0.127289 -6.06933e-08 -6.44105e-07)
(0.0718879 -0.000998876 0.000476556)
(0.0688619 -0.000896335 0.00042498)
(0.104071 -0.00109362 0.000569771)
(0.102089 -0.000980914 0.000540751)
(0.116711 -0.00100678 0.000651924)
(0.122603 -0.000597226 0.00059248)
(0.125486 -0.000200229 0.000518241)
(0.126388 0.000170924 0.000383867)
(0.066043 -0.000791338 0.000405981)
(0.100192 -0.000872279 0.000508744)
(0.106604 -0.000861757 0.000640382)
(0.113477 -0.000766776 0.000739281)
(0.119453 -0.000343093 0.00079147)
(0.122393 3.05467e-05 0.000819301)
(0.123415 0.000337105 0.000754073)
(0.0565233 -0.000424095 0.000260836)
(0.0911943 -0.000521696 0.000479756)
(0.098243 -0.000508674 0.000676925)
(0.105956 -0.000410876 0.000841551)
(0.112559 -8.72597e-06 0.000982791)
(0.115892 0.000317101 0.00110158)
(0.117296 0.000517332 0.0011135)
(0.0407494 -0.000122249 0.000168954)
(0.0708338 -0.000106342 0.000288026)
(0.0791789 -0.000115543 0.0004765)
(0.0886998 -3.732e-05 0.000628357)
(0.0974272 0.000255479 0.000821043)
(0.102076 0.00048524 0.00103404)
(0.104378 0.000571433 0.00113753)
(0.0242308 4.5807e-06 3.72668e-05)
(0.0380499 3.26882e-05 7.46675e-05)
(0.0440929 8.35952e-06 0.000203439)
(0.051603 3.98347e-05 0.00030712)
(0.0614364 0.000198251 0.000638618)
(0.0685272 0.000390728 0.000898686)
(0.0722796 0.000478224 0.0010138)
)
;
    }
    procBoundary7to9
    {
        type            processor;
        value           nonuniform List<vector> 
59
(
(0.0722962 -0.000478229 -0.0010127)
(0.0685481 -0.000392719 -0.000896984)
(0.0614496 -0.000203248 -0.000634886)
(0.0516135 -4.27039e-05 -0.000305681)
(0.0384192 -3.65255e-05 -7.88699e-05)
(0.0244928 -5.30188e-06 -3.88875e-05)
(0.104368 -0.000572555 -0.00113833)
(0.102067 -0.000486438 -0.00103377)
(0.0974213 -0.000258534 -0.000817208)
(0.0886945 3.4392e-05 -0.000636358)
(0.071262 9.6811e-05 -0.000282824)
(0.0411446 0.000133104 -0.000175498)
(0.117286 -0.000518246 -0.00111618)
(0.11588 -0.000318778 -0.00110378)
(0.112546 5.71056e-06 -0.000985583)
(0.105945 0.000404168 -0.00083958)
(0.0913855 0.000523084 -0.000479213)
(0.0570597 0.000456569 -0.000278302)
(0.123411 -0.000337411 -0.000756704)
(0.122385 -3.16994e-05 -0.000821538)
(0.119443 0.000340229 -0.000792884)
(0.113468 0.000761225 -0.000739263)
(0.100289 0.000881953 -0.000506669)
(0.066712 0.000809949 -0.000413094)
(0.125482 0.000199559 -0.000519915)
(0.122596 0.00059556 -0.000593416)
(0.116703 0.00100333 -0.000651258)
(0.104071 0.00108843 -0.000569005)
(0.0719183 0.000992319 -0.000479001)
(0.126385 0.000384531 -0.000172778)
(0.123406 0.000754755 -0.000338823)
(0.117281 0.00111304 -0.000517685)
(0.104371 0.00113591 -0.000570936)
(0.0723146 0.00100969 -0.00047763)
(0.125483 0.000517981 0.000198011)
(0.122382 0.000819702 -3.26236e-05)
(0.115874 0.00110116 -0.000317508)
(0.102067 0.00103166 -0.000484566)
(0.0685636 0.000894691 -0.000391214)
(0.122601 0.000592027 0.00059462)
(0.119442 0.000792042 0.000340278)
(0.112539 0.000983538 7.67866e-06)
(0.0974185 0.000815915 -0.000257052)
(0.061467 0.000634035 -0.000201596)
(0.116713 0.000651207 0.00100348)
(0.113469 0.000739335 0.00076235)
(0.105938 0.000841549 0.000407768)
(0.0886984 0.000632956 3.65006e-05)
(0.0516298 0.000305559 -4.10397e-05)
(0.104076 0.000568877 0.00108977)
(0.10029 0.000504789 0.00088431)
(0.0913856 0.000480842 0.000528518)
(0.0712723 0.000281807 0.000100689)
(0.038431 7.89684e-05 -3.49068e-05)
(0.0718892 0.000478893 0.000996318)
(0.0666943 0.000409657 0.000812819)
(0.0570574 0.000274982 0.000459143)
(0.0411489 0.000175038 0.000135549)
(0.0244984 3.85422e-05 -4.20558e-06)
)
;
    }
}


// ************************************************************************* //
