/*--------------------------------*- C++ -*----------------------------------*\
| =========                 |                                                 |
| \\      /  F ield         | OpenFOAM: The Open Source CFD Toolbox           |
|  \\    /   O peration     | Version:  2212                                  |
|   \\  /    A nd           | Website:  www.openfoam.com                      |
|    \\/     M anipulation  |                                                 |
\*---------------------------------------------------------------------------*/
FoamFile
{
    version     2.0;
    format      ascii;
    arch        "LSB;label=32;scalar=64";
    class       surfaceVectorField;
    location    "2.9";
    object      Uf;
}
// * * * * * * * * * * * * * * * * * * * * * * * * * * * * * * * * * * * * * //

dimensions      [0 1 -1 0 0 0 0];

internalField   nonuniform List<vector> 
1755
(
(0.0228366 -3.84216e-05 1.07472e-05)
(0.0292722 -9.32124e-05 -3.79674e-05)
(0.0282768 -3.31222e-05 3.59785e-05)
(0.0226126 -3.67082e-05 9.52375e-06)
(0.0289978 -9.00767e-05 -3.73553e-05)
(0.0280189 -3.30991e-05 3.41959e-05)
(0.0223967 -3.44307e-05 7.97792e-06)
(0.0287284 -8.50234e-05 -3.723e-05)
(0.0277658 -3.26661e-05 3.18402e-05)
(0.02219 -3.22369e-05 6.30359e-06)
(0.0284696 -7.94157e-05 -3.70097e-05)
(0.0275225 -3.22376e-05 2.93044e-05)
(0.0282227 -7.37484e-05 -3.66569e-05)
(0.0272899 -3.23191e-05 2.64372e-05)
(0.0385905 -0.000154355 -0.000104847)
(0.045468 -0.000186688 -0.000222875)
(0.0519529 -0.000169406 -7.76693e-05)
(0.0382415 -0.000146124 -0.00010191)
(0.0450668 -0.000176932 -0.000214095)
(0.0515794 -0.000169032 -7.81144e-05)
(0.0379054 -0.000136463 -9.92378e-05)
(0.0446692 -0.00016409 -0.00020362)
(0.0512053 -0.000166358 -7.92288e-05)
(0.0375826 -0.000126975 -9.64278e-05)
(0.0442895 -0.000150038 -0.000191056)
(0.0508461 -0.000164044 -8.10907e-05)
(0.0439213 -0.000138845 -0.000179506)
(0.0504911 -0.000159741 -8.24752e-05)
(0.0535817 -0.0002039 -0.000357952)
(0.0579751 -0.000238571 -0.0005338)
(0.0704 -0.000266655 -0.000405787)
(0.0531151 -0.000195182 -0.000341048)
(0.0574617 -0.000229215 -0.000508221)
(0.0700328 -0.000264869 -0.000394884)
(0.0526609 -0.000183308 -0.00031955)
(0.0569565 -0.000212783 -0.000468433)
(0.0696597 -0.000263479 -0.000384084)
(0.0522231 -0.000170166 -0.000296539)
(0.0564837 -0.00019335 -0.000426936)
(0.0692995 -0.000260422 -0.000370994)
(0.0560202 -0.000177619 -0.0003941)
(0.0689346 -0.000255704 -0.000357613)
(0.0624256 -0.000276019 -0.000706866)
(0.0650461 -0.00026632 -0.000814324)
(0.0799104 -0.000315954 -0.000758669)
(0.061869 -0.000255369 -0.000656119)
(0.0644613 -0.000258064 -0.000778756)
(0.0795359 -0.000310492 -0.000729338)
(0.0613384 -0.000225976 -0.000593528)
(0.0638932 -0.000240473 -0.000728371)
(0.079168 -0.000300151 -0.000691307)
(0.0608356 -0.000200344 -0.000540146)
(0.0633629 -0.000220688 -0.000678908)
(0.0788148 -0.000286201 -0.000651614)
(0.0603548 -0.000182619 -0.000501661)
(0.0628426 -0.000204622 -0.000640103)
(0.0784619 -0.000275642 -0.000619875)
(0.062348 -0.000191339 -0.000609669)
(0.0781222 -0.000268792 -0.000595897)
(0.0672487 -0.000273117 -0.000890636)
(0.0678721 -0.000264926 -0.000891271)
(0.084516 -0.000343203 -0.000950718)
(0.0666562 -0.000262057 -0.000856513)
(0.0672965 -0.000250336 -0.000857256)
(0.0841413 -0.000337516 -0.000922356)
(0.0660839 -0.000247993 -0.000820729)
(0.0667366 -0.000230216 -0.000824125)
(0.0837742 -0.000329779 -0.00089361)
(0.0655323 -0.000233301 -0.000786919)
(0.0661999 -0.000208559 -0.000793766)
(0.0834194 -0.000320395 -0.000864648)
(0.0649998 -0.000219705 -0.000756623)
(0.0656705 -0.000190441 -0.000765111)
(0.0830683 -0.000310693 -0.000837903)
(0.0651588 -0.000176452 -0.000736303)
(0.0827287 -0.000302585 -0.000814042)
(0.0679272 -0.00023483 -0.000858852)
(0.0665538 -0.000183809 -0.000789944)
(0.0851315 -0.000323413 -0.000944403)
(0.0673876 -0.000216747 -0.000824751)
(0.0660435 -0.000169932 -0.000753705)
(0.0848015 -0.000311993 -0.000914726)
(0.0668609 -0.000196514 -0.000795679)
(0.0655448 -0.000155673 -0.000723019)
(0.084479 -0.000298261 -0.000888709)
(0.0663451 -0.000176899 -0.000769505)
(0.0650565 -0.00014291 -0.000696797)
(0.084162 -0.000283175 -0.000863915)
(0.0658394 -0.000159725 -0.000742107)
(0.0645749 -0.000131917 -0.000661841)
(0.0838485 -0.000268921 -0.000839212)
(0.0653451 -0.000145705 -0.000711031)
(0.0641097 -0.000120773 -0.000613867)
(0.0835425 -0.000256353 -0.000812469)
(0.0636621 -0.000110127 -0.000566242)
(0.0647079 -0.000114804 -0.000688348)
(0.0615986 -6.86678e-05 -0.000532449)
(0.0823354 -0.000194229 -0.000788626)
(0.0642353 -0.000104551 -0.000655543)
(0.0611638 -6.33146e-05 -0.000505649)
(0.0820583 -0.000183538 -0.000762069)
(0.0637734 -9.63371e-05 -0.00062808)
(0.0607299 -5.97513e-05 -0.000482673)
(0.0817851 -0.000173741 -0.000736789)
(0.0633198 -9.02286e-05 -0.000593718)
(0.0603067 -5.74864e-05 -0.000462412)
(0.0815149 -0.000164984 -0.000715053)
(0.0628785 -8.48983e-05 -0.000538568)
(0.0598863 -5.69271e-05 -0.000433819)
(0.0812465 -0.000157283 -0.000686609)
(0.0624567 -7.88699e-05 -0.000473864)
(0.0594874 -5.67923e-05 -0.000394143)
(0.0809872 -0.000149203 -0.000646604)
(0.0590975 -5.54505e-05 -0.000356657)
(0.0582836 -3.03672e-05 -0.000356987)
(0.0534259 -1.28676e-05 -0.000297525)
(0.0764769 -3.61019e-05 -0.0005379)
(0.0578783 -3.09435e-05 -0.000339637)
(0.0530399 -1.48718e-05 -0.000282806)
(0.0762238 -3.15026e-05 -0.000525667)
(0.0574816 -3.31876e-05 -0.000323375)
(0.0526507 -1.90167e-05 -0.000267797)
(0.0759635 -2.96004e-05 -0.000509127)
(0.0570927 -3.64674e-05 -0.000308077)
(0.0522779 -2.37084e-05 -0.000253713)
(0.0757076 -2.8363e-05 -0.000493643)
(0.0567112 -4.11621e-05 -0.00029337)
(0.0519064 -2.81934e-05 -0.000241215)
(0.0754463 -2.67395e-05 -0.000484566)
(0.0563384 -4.59159e-05 -0.000278908)
(0.0515556 -3.45453e-05 -0.000229075)
(0.0751935 -2.57029e-05 -0.000477227)
(0.0512111 -3.95363e-05 -0.000216994)
(0.0749343 -2.45089e-05 -0.000464837)
(0.0488003 1.45564e-05 -0.000239394)
(0.0419418 9.76695e-06 -0.000161626)
(0.0665698 9.16004e-05 -0.000392262)
(0.0484204 9.90154e-06 -0.000227065)
(0.0416051 7.29789e-06 -0.000155036)
(0.0662596 8.99271e-05 -0.000385831)
(0.0480534 3.73376e-06 -0.000214117)
(0.0412706 3.09766e-06 -0.000147077)
(0.0659405 8.50095e-05 -0.000374955)
(0.0476994 -2.37809e-06 -0.000202377)
(0.0409523 -1.6236e-06 -0.000139232)
(0.0656326 7.91548e-05 -0.000363796)
(0.0473569 -7.99652e-06 -0.000192405)
(0.0406403 -4.84955e-06 -0.000133057)
(0.0653189 7.44279e-05 -0.000355338)
(0.0470249 -1.3508e-05 -0.000182912)
(0.0403418 -7.11243e-06 -0.000128476)
(0.0650187 7.08656e-05 -0.00035104)
(0.0647197 6.46125e-05 -0.000338754)
(0.0361334 -3.47023e-05 -6.42499e-05)
(0.0282852 -3.67035e-05 -3.3687e-05)
(0.0505722 3.49576e-05 -0.000142639)
(0.0358269 -3.4259e-05 -6.30862e-05)
(0.0280293 -3.48047e-05 -3.37417e-05)
(0.0502255 3.53116e-05 -0.000143615)
(0.0355325 -3.40627e-05 -6.17155e-05)
(0.0277775 -3.27626e-05 -3.31913e-05)
(0.0498772 3.50324e-05 -0.000143013)
(0.0352505 -3.31589e-05 -6.08883e-05)
(0.027537 -3.05644e-05 -3.25562e-05)
(0.0495437 3.52123e-05 -0.000142605)
(0.0349782 -3.11049e-05 -6.1079e-05)
(0.0273052 -2.7712e-05 -3.24295e-05)
(0.0492118 3.66414e-05 -0.000142522)
(0.0270804 -2.44687e-05 -3.29924e-05)
(0.0488916 3.97017e-05 -0.000144423)
(0.0228449 -1.13632e-05 -3.87467e-05)
(0.02928 3.67538e-05 -9.2783e-05)
(0.0226225 -1.03692e-05 -3.70921e-05)
(0.029008 3.59496e-05 -8.97857e-05)
(0.0224081 -9.11223e-06 -3.48478e-05)
(0.0287403 3.55382e-05 -8.52015e-05)
(0.0222032 -7.59568e-06 -3.26509e-05)
(0.0284842 3.51008e-05 -7.98699e-05)
(0.0220064 -5.8614e-06 -3.08886e-05)
(0.0282378 3.45315e-05 -7.43618e-05)
(0.0279999 3.41854e-05 -6.92995e-05)
(0.0361231 -6.35919e-05 3.35992e-05)
(0.0505657 -0.000142154 -3.75204e-05)
(0.0419317 -0.000162945 -1.24567e-05)
(0.0358142 -6.24451e-05 3.33729e-05)
(0.0502152 -0.000143544 -3.76494e-05)
(0.0415916 -0.000155424 -8.82984e-06)
(0.0355176 -6.14082e-05 3.29157e-05)
(0.0498637 -0.000143346 -3.76618e-05)
(0.0412545 -0.000147315 -4.49659e-06)
(0.0352324 -6.12922e-05 3.16131e-05)
(0.0495261 -0.000143907 -3.861e-05)
(0.0409328 -0.000139372 2.02728e-07)
(0.0349555 -6.18547e-05 2.95667e-05)
(0.049191 -0.000143439 -3.96968e-05)
(0.0406178 -0.000134812 2.28569e-06)
(0.0403163 -0.000130743 4.58174e-06)
(0.0683591 -0.000256451 -0.000129865)
(0.0784298 -0.000346286 -0.000320484)
(0.0772007 -0.000431125 -0.000187505)
(0.0679486 -0.000258858 -0.000129666)
(0.0780965 -0.000345581 -0.000315582)
(0.0768736 -0.000433221 -0.000185272)
(0.067543 -0.000260405 -0.000130143)
(0.0777521 -0.000345481 -0.000311239)
(0.0765343 -0.000429152 -0.000180825)
(0.067143 -0.000259474 -0.000130575)
(0.0774169 -0.000346695 -0.000308163)
(0.0762049 -0.00042415 -0.000176455)
(0.0770681 -0.000342627 -0.000303185)
(0.0758624 -0.000418854 -0.000172556)
(0.0897518 -0.000389789 -0.000531926)
(0.0944334 -0.000384817 -0.000701896)
(0.0976935 -0.000573232 -0.000580247)
(0.0894956 -0.000393119 -0.000522682)
(0.0942279 -0.000388987 -0.000684715)
(0.0975856 -0.000576792 -0.000573246)
(0.08923 -0.000397536 -0.000514481)
(0.0940127 -0.000396724 -0.000672793)
(0.0974682 -0.000580968 -0.000565495)
(0.0889573 -0.000400051 -0.000505613)
(0.0937899 -0.00040158 -0.000659059)
(0.097342 -0.000583379 -0.000556744)
(0.0886773 -0.000401138 -0.000497261)
(0.0935512 -0.000401499 -0.000643262)
(0.0972016 -0.000584175 -0.000547698)
(0.0933138 -0.000402458 -0.00063142)
(0.0970585 -0.000584873 -0.000539823)
(0.0993626 -0.000396354 -0.000870352)
(0.101402 -0.000418283 -0.000978321)
(0.10672 -0.000521567 -0.000915011)
(0.0992059 -0.000400044 -0.000850112)
(0.101264 -0.000417278 -0.00095265)
(0.106718 -0.000524968 -0.000895559)
(0.0990355 -0.000404621 -0.000832304)
(0.101123 -0.000418995 -0.000934861)
(0.10671 -0.00053254 -0.000880561)
(0.0988527 -0.000404869 -0.000811113)
(0.100967 -0.000417796 -0.000914095)
(0.106687 -0.000535687 -0.000861879)
(0.0986602 -0.00040445 -0.000791287)
(0.100805 -0.000413959 -0.000890665)
(0.106656 -0.000539321 -0.000844701)
(0.10064 -0.000413163 -0.000871255)
(0.106616 -0.000542966 -0.000829682)
(0.103412 -0.000443492 -0.00106545)
(0.103712 -0.000437816 -0.00108615)
(0.11053 -0.000498213 -0.00110687)
(0.103291 -0.000441249 -0.00104204)
(0.103607 -0.00043253 -0.00106138)
(0.110566 -0.000499702 -0.00108666)
(0.103164 -0.000438859 -0.00102099)
(0.103502 -0.000428141 -0.00103981)
(0.110601 -0.000502137 -0.00106983)
(0.103032 -0.000434359 -0.000997822)
(0.10339 -0.000422055 -0.00101508)
(0.110626 -0.0005032 -0.00105163)
(0.102896 -0.0004295 -0.000974784)
(0.103276 -0.000414045 -0.00098822)
(0.11065 -0.000503095 -0.0010324)
(0.103164 -0.000407144 -0.00096346)
(0.110669 -0.000502604 -0.00101204)
(0.103913 -0.000428023 -0.00108196)
(0.102852 -0.000359284 -0.00101532)
(0.111115 -0.000416435 -0.00113718)
(0.103824 -0.000421046 -0.00105893)
(0.10278 -0.000351178 -0.000995874)
(0.111179 -0.000412398 -0.00111731)
(0.103732 -0.000412173 -0.00103379)
(0.102706 -0.000342249 -0.000972277)
(0.111241 -0.000407603 -0.00109822)
(0.10364 -0.000401733 -0.00100548)
(0.10263 -0.000331779 -0.000947616)
(0.1113 -0.000401388 -0.00107634)
(0.103549 -0.000391347 -0.000976916)
(0.102552 -0.000320872 -0.00092444)
(0.11136 -0.000394108 -0.0010535)
(0.102474 -0.000311261 -0.000902005)
(0.111419 -0.000386673 -0.00102799)
(0.101738 -0.000279799 -0.000931665)
(0.0992751 -0.000165091 -0.000843455)
(0.109296 -0.000216901 -0.00101518)
(0.101682 -0.000269332 -0.000911751)
(0.099202 -0.000154656 -0.000835034)
(0.10938 -0.000206928 -0.00100162)
(0.101622 -0.000258329 -0.000888758)
(0.0991239 -0.000144985 -0.000815602)
(0.109465 -0.000196476 -0.000984065)
(0.10156 -0.000247073 -0.000869245)
(0.0990419 -0.000135678 -0.000797024)
(0.109545 -0.000185599 -0.00096705)
(0.101494 -0.000235511 -0.000852518)
(0.0989525 -0.00012477 -0.000787322)
(0.109624 -0.00017396 -0.000951834)
(0.0988577 -0.000111874 -0.000780615)
(0.109696 -0.00016198 -0.000933286)
(0.0968672 -3.84572e-05 -0.000754562)
(0.0918377 7.74134e-05 -0.000672258)
(0.105026 8.34906e-05 -0.000845684)
(0.0967751 -3.09217e-05 -0.0007455)
(0.0916733 8.1852e-05 -0.00067236)
(0.105075 9.30245e-05 -0.000844755)
(0.096675 -2.50114e-05 -0.000729456)
(0.091495 8.25422e-05 -0.000660815)
(0.105119 0.000100232 -0.00083567)
(0.0965673 -1.82004e-05 -0.000719566)
(0.091315 8.2791e-05 -0.000648098)
(0.105154 0.000107192 -0.000826237)
(0.0964494 -1.00034e-05 -0.000717903)
(0.0911214 8.37184e-05 -0.000642465)
(0.105183 0.000115456 -0.000825589)
(0.0963226 -2.21388e-06 -0.000712936)
(0.0909279 8.5696e-05 -0.000642295)
(0.1052 0.000123046 -0.000824985)
(0.090722 8.42513e-05 -0.000628826)
(0.087105 0.000182633 -0.000595322)
(0.0772011 0.000181777 -0.000430213)
(0.0962943 0.000358475 -0.000691993)
(0.0868616 0.000181078 -0.000592837)
(0.0768789 0.000179686 -0.000431327)
(0.0961948 0.000358333 -0.000694161)
(0.0866103 0.000176625 -0.000584278)
(0.0765433 0.000174773 -0.000426496)
(0.0960825 0.00035553 -0.000692125)
(0.0863531 0.000172249 -0.000576094)
(0.076217 0.000169885 -0.000420646)
(0.0959628 0.000351124 -0.000687692)
(0.0860897 0.000169773 -0.000573145)
(0.0758791 0.000166654 -0.000415922)
(0.09583 0.000346955 -0.000684355)
(0.085821 0.000165538 -0.000565787)
(0.0755526 0.000165624 -0.00041576)
(0.0956954 0.000343932 -0.000684619)
(0.0752234 0.000159004 -0.000401993)
(0.0683642 0.000125609 -0.000255682)
(0.0519586 7.5333e-05 -0.0001692)
(0.0784356 0.000314706 -0.000344318)
(0.0679591 0.000125075 -0.00025725)
(0.0515895 7.54163e-05 -0.000168518)
(0.0781058 0.000309678 -0.000343179)
(0.0675588 0.000124695 -0.000257732)
(0.051219 7.60914e-05 -0.00016614)
(0.0777648 0.00030523 -0.000343385)
(0.0671637 0.000125265 -0.000257648)
(0.0508638 7.71766e-05 -0.000163306)
(0.077432 0.00030142 -0.000343972)
(0.0667741 0.000127501 -0.000258168)
(0.0505115 7.83698e-05 -0.000159805)
(0.0770874 0.000297482 -0.000342359)
(0.0663895 0.000127867 -0.000253927)
(0.0501731 8.09568e-05 -0.000157789)
(0.0767517 0.000295016 -0.000340925)
(0.0764162 0.000287197 -0.00032982)
(0.0386 0.00010266 -0.000153482)
(0.0454784 0.000219293 -0.00018487)
(0.0382544 9.95308e-05 -0.000146114)
(0.0450814 0.000210634 -0.000176447)
(0.0379207 9.66348e-05 -0.000137246)
(0.0446871 0.000200284 -0.000164961)
(0.0376006 9.33351e-05 -0.000127728)
(0.044311 0.000187804 -0.000151723)
(0.0372936 8.99853e-05 -0.000118405)
(0.0439443 0.00017535 -0.000139011)
(0.0435949 0.000164633 -0.000127627)
(0.0487872 -0.00024164 -1.72728e-05)
(0.066565 -0.00039486 -9.65611e-05)
(0.0534196 -0.000302057 8.01609e-06)
(0.0484036 -0.000228146 -1.15335e-05)
(0.0662503 -0.000387412 -9.40711e-05)
(0.053025 -0.000285683 1.22978e-05)
(0.0480324 -0.000214791 -5.29585e-06)
(0.0659284 -0.000376969 -8.92263e-05)
(0.052631 -0.000270279 1.63855e-05)
(0.0476746 -0.000203438 5.76639e-07)
(0.0656181 -0.000365501 -8.31986e-05)
(0.0522547 -0.000255655 2.09726e-05)
(0.0473288 -0.000194765 5.76707e-06)
(0.0653 -0.000359253 -7.89043e-05)
(0.0518773 -0.000242953 2.63721e-05)
(0.046994 -0.000185044 1.1663e-05)
(0.0650003 -0.000353995 -7.45548e-05)
(0.0515259 -0.000231881 3.24902e-05)
(0.0511732 -0.000218975 3.75832e-05)
(0.0871044 -0.000597098 -0.000189332)
(0.0962918 -0.000694174 -0.000365532)
(0.0918347 -0.000673887 -8.39853e-05)
(0.0868593 -0.000595861 -0.000188281)
(0.096191 -0.000698003 -0.00036623)
(0.0916698 -0.000671094 -8.88283e-05)
(0.0866055 -0.000587737 -0.000183788)
(0.0960795 -0.000696654 -0.00036386)
(0.091494 -0.000662766 -9.00334e-05)
(0.0863466 -0.000580819 -0.000179385)
(0.0959599 -0.000691604 -0.000359004)
(0.0913138 -0.000650672 -8.97966e-05)
(0.0860814 -0.000576582 -0.000175935)
(0.0958266 -0.000689506 -0.000355102)
(0.0911202 -0.000646523 -9.01955e-05)
(0.0956923 -0.000685721 -0.00035065)
(0.090926 -0.00064313 -9.0508e-05)
(0.10646 -0.000750098 -0.000564)
(0.110415 -0.000679543 -0.000715875)
(0.110036 -0.000815112 -0.000398689)
(0.106511 -0.000756945 -0.000563372)
(0.110522 -0.000689109 -0.000710876)
(0.110162 -0.000819578 -0.000404344)
(0.106549 -0.000761866 -0.000560715)
(0.110623 -0.000699092 -0.000706348)
(0.110284 -0.000823465 -0.000408928)
(0.106573 -0.000764772 -0.000556331)
(0.110708 -0.000704511 -0.000697987)
(0.11039 -0.000823685 -0.00041113)
(0.106585 -0.000766953 -0.0005513)
(0.110787 -0.000711814 -0.000692057)
(0.110492 -0.000827653 -0.000412064)
(0.110853 -0.000716876 -0.0006849)
(0.110578 -0.000828872 -0.000411883)
(0.114787 -0.000633046 -0.000872635)
(0.116411 -0.000582393 -0.000965905)
(0.118001 -0.000663229 -0.000687852)
(0.114948 -0.00064257 -0.000863709)
(0.116596 -0.000589827 -0.000955579)
(0.118236 -0.000670263 -0.000684508)
(0.115102 -0.000651042 -0.000853375)
(0.116777 -0.000598879 -0.000946098)
(0.118466 -0.000679492 -0.000683007)
(0.115246 -0.000659684 -0.000843377)
(0.116947 -0.000604699 -0.000933545)
(0.118686 -0.00068637 -0.000678506)
(0.115381 -0.000669394 -0.000835272)
(0.117117 -0.000614036 -0.000925047)
(0.118905 -0.000695878 -0.000675858)
(0.117273 -0.000621068 -0.000913242)
(0.11911 -0.000699375 -0.000671009)
(0.118296 -0.000533778 -0.00105322)
(0.118525 -0.000453224 -0.00108373)
(0.121458 -0.000512354 -0.000868553)
(0.1185 -0.000541038 -0.00104224)
(0.118742 -0.000456189 -0.0010707)
(0.12173 -0.000518465 -0.000861481)
(0.118701 -0.000547892 -0.00103044)
(0.118957 -0.000459784 -0.00105855)
(0.122 -0.00052512 -0.000855121)
(0.118896 -0.000554679 -0.00101931)
(0.119167 -0.000462836 -0.00104539)
(0.122266 -0.000531415 -0.000848389)
(0.119086 -0.000560667 -0.00100712)
(0.119376 -0.000466179 -0.00103446)
(0.122531 -0.000538319 -0.00084309)
(0.119579 -0.000466839 -0.00101801)
(0.122788 -0.00054119 -0.000832624)
(0.118976 -0.00038094 -0.00110016)
(0.118161 -0.000258723 -0.00106616)
(0.122232 -0.000305635 -0.000933162)
(0.119203 -0.000379674 -0.00108605)
(0.118393 -0.000253038 -0.00105348)
(0.122521 -0.000305212 -0.000922769)
(0.119429 -0.000378345 -0.00107276)
(0.118626 -0.000247718 -0.00104276)
(0.122809 -0.000305007 -0.000913702)
(0.119652 -0.000376399 -0.00106011)
(0.118855 -0.000241461 -0.0010316)
(0.123096 -0.000304618 -0.000905072)
(0.119873 -0.00037341 -0.00104511)
(0.119084 -0.000234116 -0.00102261)
(0.123383 -0.000303927 -0.000896559)
(0.119305 -0.000227005 -0.00100639)
(0.123666 -0.000301904 -0.000881119)
(0.117587 -0.000126447 -0.00102174)
(0.115659 5.23986e-05 -0.000959404)
(0.120989 -1.64129e-05 -0.000889739)
(0.117827 -0.000116763 -0.00101242)
(0.115877 6.29188e-05 -0.000955356)
(0.121282 -9.1354e-06 -0.000883883)
(0.118063 -0.000106867 -0.00100371)
(0.116096 7.23729e-05 -0.00095053)
(0.121575 -1.73953e-06 -0.000878983)
(0.118295 -9.63803e-05 -0.000995881)
(0.116305 8.15402e-05 -0.000945606)
(0.121865 5.762e-06 -0.000874813)
(0.118523 -8.54247e-05 -0.000985502)
(0.116513 9.17308e-05 -0.00094567)
(0.122154 1.26628e-05 -0.000869636)
(0.116708 0.000101636 -0.000940557)
(0.114023 0.000231723 -0.000894925)
(0.110044 0.00039242 -0.000814683)
(0.117599 0.000357249 -0.000795116)
(0.114224 0.000240969 -0.000894814)
(0.110166 0.000396801 -0.000818216)
(0.11785 0.000363842 -0.000800316)
(0.114417 0.000249297 -0.000893462)
(0.110285 0.000401045 -0.000820831)
(0.1181 0.000369865 -0.000803034)
(0.114601 0.000257583 -0.000895995)
(0.110388 0.000403658 -0.000822406)
(0.11834 0.000375558 -0.000806486)
(0.114775 0.000264866 -0.000900342)
(0.110486 0.000404564 -0.00082661)
(0.118579 0.000380482 -0.000813568)
(0.110569 0.000404516 -0.00082961)
(0.118803 0.000381234 -0.000815486)
(0.106467 0.000555628 -0.000747745)
(0.0977021 0.00057203 -0.000570953)
(0.110422 0.000707739 -0.000679303)
(0.106515 0.000554219 -0.000753296)
(0.097594 0.000564755 -0.000574078)
(0.110527 0.000702359 -0.000688365)
(0.10655 0.000551542 -0.000757935)
(0.0974755 0.000556992 -0.000578096)
(0.110625 0.000698002 -0.000697837)
(0.106572 0.000547328 -0.00076119)
(0.0973484 0.000548591 -0.000581156)
(0.110708 0.000690031 -0.000703688)
(0.106582 0.000542441 -0.00076454)
(0.0972079 0.000540144 -0.000582937)
(0.110784 0.00068302 -0.000710148)
(0.0970628 0.000531232 -0.000583765)
(0.110849 0.000674654 -0.000715663)
(0.0897621 0.000524363 -0.00038756)
(0.0704115 0.000399719 -0.000264776)
(0.0944458 0.000694125 -0.000383734)
(0.0895067 0.00051523 -0.000391327)
(0.0700476 0.000388962 -0.000263751)
(0.0942405 0.000677644 -0.000388646)
(0.0892421 0.000507094 -0.000396321)
(0.0696774 0.000378272 -0.000263287)
(0.0940258 0.000665745 -0.000396887)
(0.0889697 0.000498391 -0.000399774)
(0.0693192 0.00036534 -0.000260886)
(0.0938026 0.000651588 -0.000401949)
(0.0886897 0.000489234 -0.000400738)
(0.0689571 0.00035121 -0.000255984)
(0.0935652 0.000635062 -0.000402851)
(0.0884042 0.000478054 -0.000396947)
(0.068608 0.000338432 -0.000250312)
(0.0933265 0.000621521 -0.000403131)
(0.0535975 0.000352822 -0.000202727)
(0.057994 0.000527258 -0.000237043)
(0.0531356 0.000336341 -0.000195375)
(0.0574856 0.000502533 -0.000228853)
(0.0526853 0.000315306 -0.000184644)
(0.0569854 0.000463893 -0.000213884)
(0.0522514 0.000292098 -0.000171449)
(0.0565157 0.000422454 -0.000194761)
(0.0518334 0.000270601 -0.000158087)
(0.0560563 0.000388818 -0.000178639)
(0.055621 0.000362791 -0.000166005)
(0.0582747 -0.000362924 2.45188e-05)
(0.0764722 -0.000543255 2.98119e-05)
(0.0615927 -0.000539888 6.07708e-05)
(0.0578629 -0.000344795 2.60803e-05)
(0.076214 -0.000527286 2.63278e-05)
(0.0611469 -0.000514144 5.5313e-05)
(0.0574593 -0.000327561 2.88359e-05)
(0.0759537 -0.000512239 2.42107e-05)
(0.0607077 -0.000490719 5.27911e-05)
(0.0570647 -0.00031126 3.28457e-05)
(0.0756963 -0.000496512 2.30167e-05)
(0.0602801 -0.000469197 5.15496e-05)
(0.0566789 -0.000296211 3.83804e-05)
(0.0754333 -0.000487304 2.20895e-05)
(0.0598548 -0.000437529 5.23041e-05)
(0.056303 -0.000281705 4.35448e-05)
(0.0751785 -0.000480467 2.13208e-05)
(0.0594527 -0.000395747 5.30941e-05)
(0.0749178 -0.000468404 1.96113e-05)
(0.0968605 -0.00075242 3.27681e-05)
(0.105018 -0.000846611 -8.88487e-05)
(0.0992662 -0.000844772 0.000160239)
(0.0967737 -0.000742195 2.5086e-05)
(0.105071 -0.00084156 -9.81977e-05)
(0.0991981 -0.000830323 0.000150201)
(0.0966774 -0.000730018 1.84562e-05)
(0.10512 -0.000835952 -0.000106327)
(0.099126 -0.000815866 0.000140053)
(0.0965721 -0.000721465 1.16246e-05)
(0.105158 -0.000826728 -0.000113029)
(0.0990464 -0.000799571 0.00013015)
(0.0964562 -0.000719967 3.48412e-06)
(0.105191 -0.00082647 -0.000121132)
(0.0989621 -0.000789455 0.000118688)
(0.0963302 -0.000715399 -5.05285e-06)
(0.10521 -0.000825136 -0.00012907)
(0.0988686 -0.000780946 0.000105012)
(0.114018 -0.00089406 -0.0002366)
(0.117595 -0.00079312 -0.000361913)
(0.115653 -0.000958129 -5.55293e-05)
(0.114222 -0.000894741 -0.00024644)
(0.11785 -0.000797697 -0.000368868)
(0.115876 -0.000953626 -6.581e-05)
(0.11442 -0.000893002 -0.000254676)
(0.118102 -0.000801543 -0.000374991)
(0.116097 -0.000949683 -7.55321e-05)
(0.114608 -0.000894175 -0.000262547)
(0.118345 -0.000803711 -0.000380137)
(0.11631 -0.000944002 -8.40872e-05)
(0.114788 -0.000897783 -0.000270106)
(0.118588 -0.000811072 -0.000385881)
(0.116523 -0.000942084 -9.43894e-05)
(0.118816 -0.000812148 -0.000388151)
(0.121667 -0.000707125 -0.000500182)
(0.123182 -0.000605294 -0.000588709)
(0.123085 -0.000731945 -0.000306575)
(0.121973 -0.000713332 -0.000503453)
(0.123507 -0.000610456 -0.000588836)
(0.123415 -0.000733277 -0.00031106)
(0.122277 -0.0007203 -0.000506471)
(0.123829 -0.000616343 -0.000589289)
(0.123742 -0.000736109 -0.000314969)
(0.122574 -0.000727919 -0.00050947)
(0.124148 -0.000622854 -0.000590327)
(0.124066 -0.000739298 -0.000318667)
(0.122868 -0.000730865 -0.000509964)
(0.124467 -0.000630472 -0.000591421)
(0.124389 -0.000739472 -0.000323876)
(0.124776 -0.000629756 -0.000585935)
(0.125084 -0.000500664 -0.000681457)
(0.12535 -0.000361941 -0.000724072)
(0.126481 -0.000479488 -0.000485227)
(0.125426 -0.000505917 -0.000678574)
(0.125698 -0.000365009 -0.000719368)
(0.126847 -0.000481863 -0.000484196)
(0.125766 -0.000511775 -0.000676878)
(0.126045 -0.000368302 -0.000715632)
(0.127212 -0.000485106 -0.00048377)
(0.126104 -0.000518085 -0.000675972)
(0.126391 -0.000372152 -0.000713638)
(0.127576 -0.000488941 -0.000484547)
(0.126441 -0.000521347 -0.000671117)
(0.126737 -0.00037591 -0.000710546)
(0.127938 -0.0004914 -0.00048585)
(0.127077 -0.000375185 -0.000698543)
(0.125968 -0.000229428 -0.000761385)
(0.12525 -6.52301e-05 -0.00076225)
(0.12741 -0.000169246 -0.000582105)
(0.126322 -0.00023003 -0.000755921)
(0.125603 -6.29085e-05 -0.000758073)
(0.127787 -0.000169379 -0.000578231)
(0.126676 -0.000230874 -0.000751966)
(0.125954 -6.07065e-05 -0.000755034)
(0.128164 -0.000169761 -0.000575492)
(0.127029 -0.00023185 -0.000747832)
(0.126306 -5.87976e-05 -0.000753928)
(0.128541 -0.000170454 -0.000574232)
(0.127381 -0.000231838 -0.000737505)
(0.126656 -5.79367e-05 -0.000748047)
(0.128916 -0.000170884 -0.000570721)
(0.124891 0.000104376 -0.000760305)
(0.123085 0.000303057 -0.00073381)
(0.126379 0.000188562 -0.000614784)
(0.125241 0.000109345 -0.000758499)
(0.123413 0.000307714 -0.000736148)
(0.126749 0.000191363 -0.000613344)
(0.12559 0.000114223 -0.000758275)
(0.123739 0.000311987 -0.000739203)
(0.127118 0.000194328 -0.000613426)
(0.125938 0.000118229 -0.000755491)
(0.124061 0.000316177 -0.000743548)
(0.127487 0.000197342 -0.000614909)
(0.124383 0.000319624 -0.000744378)
(0.127854 0.000198189 -0.00061125)
(0.121665 0.000495584 -0.000709456)
(0.118003 0.00068137 -0.000664215)
(0.123178 0.000584487 -0.000606784)
(0.12197 0.000498966 -0.000716309)
(0.118236 0.00067826 -0.000672003)
(0.123501 0.000584705 -0.000612733)
(0.122271 0.000502254 -0.000723692)
(0.118464 0.000677202 -0.000681769)
(0.123823 0.000585439 -0.000619292)
(0.122566 0.000504509 -0.00073103)
(0.118682 0.000672782 -0.000689094)
(0.12414 0.000586463 -0.000626468)
(0.122858 0.00050295 -0.000733298)
(0.118899 0.000668168 -0.000696964)
(0.124456 0.000583159 -0.000631815)
(0.119102 0.000660795 -0.000699294)
(0.114791 0.000864453 -0.000633444)
(0.106731 0.0009067 -0.000521668)
(0.116411 0.000958181 -0.000582655)
(0.11495 0.000856123 -0.00064363)
(0.106727 0.00088801 -0.000525895)
(0.116595 0.000948147 -0.000590566)
(0.115102 0.000846354 -0.000652776)
(0.106718 0.000873386 -0.000534119)
(0.116774 0.000938955 -0.000600284)
(0.115244 0.000835457 -0.000660609)
(0.106693 0.000854556 -0.000537761)
(0.116943 0.000926863 -0.000606949)
(0.115376 0.000824855 -0.000668209)
(0.106662 0.000835569 -0.000540184)
(0.11711 0.000915323 -0.000613921)
(0.106621 0.000818633 -0.0005429)
(0.0993781 0.000863093 -0.000397157)
(0.0799312 0.000750442 -0.000314689)
(0.101416 0.000968938 -0.000417869)
(0.0992205 0.000843488 -0.000401696)
(0.079559 0.000722554 -0.000310732)
(0.101278 0.000946742 -0.000418951)
(0.0990497 0.000825181 -0.000406672)
(0.0791939 0.000685531 -0.000301647)
(0.101135 0.000927883 -0.000420939)
(0.0988664 0.000802606 -0.000406834)
(0.0788416 0.000645361 -0.000287843)
(0.10098 0.000904594 -0.000419573)
(0.0986742 0.000781137 -0.000406144)
(0.0784915 0.000612117 -0.000277095)
(0.100818 0.000880608 -0.000415976)
(0.0781531 0.000586839 -0.000270659)
(0.0624538 0.000699603 -0.000274571)
(0.0650759 0.000806613 -0.000263854)
(0.0619019 0.000650534 -0.000255737)
(0.064496 0.00077106 -0.000256714)
(0.0613752 0.000588716 -0.000227232)
(0.0639353 0.000721576 -0.000240174)
(0.0608764 0.000534769 -0.000201674)
(0.0634065 0.000672266 -0.0002209)
(0.0603992 0.000495395 -0.000184544)
(0.0628912 0.000632808 -0.00020634)
(0.0624006 0.00060158 -0.000194313)
(0.0646918 -0.000698207 0.00010527)
(0.0823253 -0.000794394 0.000187673)
(0.0665416 -0.000796449 0.000173114)
(0.0642143 -0.000666697 9.53299e-05)
(0.0820465 -0.000767695 0.000176779)
(0.066025 -0.000761932 0.000158681)
(0.0637467 -0.000638522 8.86658e-05)
(0.0817732 -0.000743746 0.000167502)
(0.0655243 -0.000731515 0.000146028)
(0.0632882 -0.000600739 8.4207e-05)
(0.0815023 -0.000722163 0.000159734)
(0.0650316 -0.000704511 0.000135854)
(0.0628438 -0.000540846 7.9683e-05)
(0.0812352 -0.000690547 0.000152862)
(0.0645483 -0.000666333 0.000126034)
(0.0809758 -0.000647819 0.000144674)
(0.0640795 -0.000616439 0.000114567)
(0.101733 -0.000930509 0.000276052)
(0.109289 -0.00101505 0.000214117)
(0.102846 -0.00101666 0.000356338)
(0.101681 -0.000910753 0.000265619)
(0.109379 -0.00099882 0.000204481)
(0.102777 -0.000994783 0.000348424)
(0.101626 -0.000891013 0.000254604)
(0.109467 -0.000983627 0.000194125)
(0.102706 -0.000973308 0.000339286)
(0.101569 -0.000871565 0.000243351)
(0.109551 -0.000967986 0.000183418)
(0.102633 -0.000948748 0.000328943)
(0.101509 -0.000851992 0.000231389)
(0.109635 -0.000949749 0.000171782)
(0.102559 -0.000922999 0.000318436)
(0.102483 -0.000899897 0.000308849)
(0.117586 -0.0010197 0.000125019)
(0.120988 -0.00088762 1.4216e-05)
(0.118159 -0.00106385 0.000257699)
(0.117828 -0.00101004 0.000115776)
(0.121283 -0.000880776 7.45457e-06)
(0.118394 -0.00105103 0.000252921)
(0.118067 -0.00100185 0.000106195)
(0.121577 -0.00087623 3.12846e-07)
(0.118627 -0.00104032 0.000247727)
(0.118302 -0.00099258 9.59449e-05)
(0.121869 -0.000871851 -6.93304e-06)
(0.118859 -0.0010282 0.000241746)
(0.12216 -0.000863587 -1.49033e-05)
(0.124892 -0.000757929 -0.000106692)
(0.12638 -0.000612869 -0.000190744)
(0.12525 -0.00076039 6.3238e-05)
(0.125243 -0.000755586 -0.000111383)
(0.126751 -0.000610781 -0.000193411)
(0.125603 -0.000755514 6.15237e-05)
(0.125593 -0.000754538 -0.000116153)
(0.127121 -0.000610744 -0.000196358)
(0.125955 -0.00075262 5.97479e-05)
(0.125942 -0.000749796 -0.000121262)
(0.127491 -0.000611228 -0.000199855)
(0.126307 -0.000746605 5.63574e-05)
(0.127858 -0.000606136 -0.000203323)
(0.128296 -0.000459804 -0.000280563)
(0.128588 -0.0002832 -0.000336699)
(0.128588 -0.000425339 -8.69601e-05)
(0.128687 -0.000459918 -0.000281454)
(0.128985 -0.000282796 -0.000336128)
(0.128984 -0.000423952 -8.70449e-05)
(0.129076 -0.000460953 -0.000283184)
(0.12938 -0.000283197 -0.000336302)
(0.12938 -0.000423638 -8.75211e-05)
(0.129466 -0.000460522 -0.000285124)
(0.129775 -0.000283844 -0.000337357)
(0.129775 -0.000421965 -8.96744e-05)
(0.130167 -0.000282238 -0.000336743)
(0.129282 -0.000107031 -0.000392221)
(0.128587 8.52014e-05 -0.000427343)
(0.129572 -5.34513e-05 -0.000197582)
(0.129683 -0.000106881 -0.000390929)
(0.128983 8.5523e-05 -0.000426366)
(0.12998 -5.31864e-05 -0.000196743)
(0.130083 -0.000106967 -0.000390396)
(0.129378 8.59745e-05 -0.00042636)
(0.130386 -5.30448e-05 -0.000196318)
(0.130484 -0.000106845 -0.000388782)
(0.129773 8.6402e-05 -0.000427118)
(0.130793 -5.26076e-05 -0.000196539)
(0.130166 8.54369e-05 -0.000424539)
(0.131196 -5.14914e-05 -0.000195064)
(0.128293 0.00027866 -0.000461881)
(0.126475 0.000482462 -0.000481068)
(0.128585 0.000334941 -0.000284965)
(0.128683 0.00027942 -0.000462217)
(0.126841 0.00048147 -0.000483998)
(0.128981 0.000334326 -0.000284893)
(0.129073 0.000280564 -0.000463538)
(0.127205 0.000481225 -0.000487695)
(0.129376 0.000334424 -0.000285426)
(0.129463 0.000280506 -0.000463477)
(0.127569 0.000481653 -0.000492069)
(0.129771 0.000334964 -0.000286435)
(0.12793 0.000477568 -0.000492424)
(0.130163 0.000332417 -0.000284841)
(0.125076 0.000677686 -0.000502251)
(0.121452 0.000863088 -0.000512979)
(0.125342 0.000720482 -0.000362994)
(0.125417 0.000675078 -0.000508262)
(0.121724 0.000856427 -0.000520071)
(0.125689 0.000715843 -0.000366749)
(0.125756 0.000673434 -0.000514724)
(0.121992 0.000850076 -0.000527263)
(0.126035 0.000712503 -0.000370649)
(0.126094 0.000668903 -0.00051916)
(0.122257 0.000843528 -0.000534169)
(0.126381 0.000710108 -0.000374718)
(0.122519 0.000833401 -0.000538164)
(0.126724 0.000700453 -0.000375331)
(0.118291 0.00104628 -0.000534365)
(0.110534 0.00109754 -0.00049722)
(0.11852 0.00107712 -0.000452951)
(0.118494 0.00103524 -0.00054232)
(0.11057 0.00108025 -0.0005012)
(0.118735 0.00106386 -0.000457177)
(0.118693 0.00102365 -0.000549744)
(0.110602 0.00106213 -0.000503727)
(0.118948 0.00105146 -0.000461203)
(0.118886 0.00101082 -0.000555883)
(0.110628 0.00104188 -0.000504453)
(0.119157 0.0010387 -0.000464615)
(0.110652 0.00102111 -0.000504129)
(0.119364 0.00102369 -0.000466659)
(0.103424 0.00105743 -0.000443665)
(0.0845401 0.000941907 -0.000341615)
(0.103721 0.00107701 -0.000436307)
(0.103302 0.00103578 -0.000443304)
(0.0841678 0.00091479 -0.000337154)
(0.103618 0.00105497 -0.000433592)
(0.103175 0.0010116 -0.000440248)
(0.0838046 0.000885351 -0.000329893)
(0.103511 0.00103222 -0.000429572)
(0.103043 0.000986738 -0.00043587)
(0.0834505 0.000855323 -0.000321074)
(0.1034 0.0010041 -0.00042298)
(0.083103 0.000828177 -0.000312811)
(0.103289 0.000977027 -0.000416215)
(0.0672874 0.000882425 -0.000271161)
(0.0679073 0.000884516 -0.000263753)
(0.0666996 0.000847474 -0.000260109)
(0.0673356 0.000849328 -0.00024827)
(0.0661322 0.000811905 -0.000247297)
(0.0667832 0.000815607 -0.000229453)
(0.0655848 0.000778202 -0.000234388)
(0.0662489 0.000785342 -0.000209977)
(0.0650564 0.000747385 -0.000222698)
(0.0657243 0.00075617 -0.000193315)
(0.067912 -0.000863548 0.000222781)
(0.0851223 -0.000947723 0.000315907)
(0.0678635 -0.000893756 0.000253801)
(0.0673709 -0.00083032 0.000204836)
(0.0847914 -0.000918354 0.000304039)
(0.0672853 -0.000860186 0.000236831)
(0.0668422 -0.000801638 0.000186664)
(0.0844689 -0.000892576 0.000290989)
(0.0667307 -0.000828067 0.000217937)
(0.0663243 -0.000774896 0.000169225)
(0.0841508 -0.000867125 0.000277191)
(0.0661867 -0.00079869 0.000198861)
(0.0658173 -0.000746668 0.000153662)
(0.0838384 -0.000840192 0.000263775)
(0.0656604 -0.000769689 0.000181983)
(0.0835305 -0.000814702 0.000252849)
(0.103909 -0.0010837 0.000425004)
(0.111113 -0.00113704 0.000414388)
(0.10371 -0.00108664 0.000432519)
(0.103821 -0.00106016 0.000418091)
(0.111178 -0.00111692 0.00041103)
(0.103607 -0.0010642 0.000429428)
(0.10373 -0.00103401 0.000408972)
(0.111239 -0.00109756 0.00040623)
(0.103499 -0.00104063 0.000423616)
(0.10364 -0.00100334 0.000398373)
(0.111301 -0.00107281 0.000399385)
(0.103389 -0.0010137 0.000415782)
(0.103551 -0.000974422 0.000388752)
(0.103277 -0.000986443 0.000408524)
(0.118976 -0.00109761 0.000380624)
(0.122231 -0.000930821 0.000304501)
(0.118527 -0.00108271 0.000452117)
(0.119204 -0.00108368 0.000380034)
(0.122521 -0.000920492 0.00030513)
(0.118744 -0.00106937 0.000456269)
(0.11943 -0.001069 0.000378501)
(0.12281 -0.000911563 0.000305337)
(0.118957 -0.00105657 0.000459197)
(0.123098 -0.000898122 0.000303961)
(0.11917 -0.00104255 0.000461662)
(0.125967 -0.000759309 0.000228505)
(0.127408 -0.000580001 0.000167901)
(0.125348 -0.000722726 0.000361008)
(0.126321 -0.000753824 0.000229891)
(0.127786 -0.00057577 0.000168841)
(0.125697 -0.000717968 0.000365138)
(0.126676 -0.00074575 0.000230165)
(0.128164 -0.000572994 0.000169826)
(0.126044 -0.000714454 0.000369341)
(0.128541 -0.000565254 0.000169173)
(0.126391 -0.000706956 0.000372665)
(0.129281 -0.000389769 0.000106083)
(0.129571 -0.000195369 5.21971e-05)
(0.128587 -0.000334911 0.000282156)
(0.129683 -0.000387921 0.000106511)
(0.129979 -0.00019412 5.24527e-05)
(0.128983 -0.000334067 0.000282902)
(0.130085 -0.000384688 0.000106348)
(0.130387 -0.000193161 5.27584e-05)
(0.129379 -0.00033376 0.00028426)
(0.130793 -0.000189617 5.21833e-05)
(0.129774 -0.000331313 0.000285904)
(0.130275 5.8568e-07 -1.56968e-06)
(0.12957 0.000196132 -5.52755e-05)
(0.129571 5.4127e-05 0.000193987)
(0.130688 8.86999e-07 -1.42562e-06)
(0.129978 0.000195401 -5.51989e-05)
(0.129979 5.41492e-05 0.000193467)
(0.131101 1.64186e-06 -1.40723e-06)
(0.130384 0.000195174 -5.51492e-05)
(0.130385 5.43658e-05 0.00019358)
(0.131513 3.0767e-06 -1.79227e-06)
(0.130791 0.000195593 -5.52998e-05)
(0.130792 5.52225e-05 0.0001939)
(0.131193 0.000194169 -5.52296e-05)
(0.131194 5.5919e-05 0.000191575)
(0.129278 0.000390579 -0.000108755)
(0.127404 0.000579677 -0.000170484)
(0.128585 0.000425789 8.37235e-05)
(0.129679 0.000389317 -0.000108769)
(0.127781 0.000575798 -0.000170985)
(0.128981 0.000424769 8.39292e-05)
(0.130079 0.000388821 -0.000108902)
(0.128157 0.000573346 -0.000171632)
(0.129375 0.000424794 8.4485e-05)
(0.130479 0.000386787 -0.000108696)
(0.128533 0.000571782 -0.00017229)
(0.12977 0.000425568 8.51588e-05)
(0.128906 0.000564308 -0.000171585)
(0.130161 0.00042227 8.45663e-05)
(0.125959 0.000758067 -0.000230529)
(0.122224 0.000928462 -0.000305885)
(0.125244 0.000759099 -6.60059e-05)
(0.126312 0.000752807 -0.000231583)
(0.122512 0.000917906 -0.000306121)
(0.125595 0.000754808 -6.40597e-05)
(0.126665 0.000748804 -0.000232607)
(0.122799 0.000908932 -0.000306457)
(0.125945 0.000752 -6.21206e-05)
(0.127018 0.000741313 -0.00023262)
(0.123085 0.000900297 -0.000306268)
(0.126296 0.000750752 -5.99025e-05)
(0.12337 0.000887276 -0.000304571)
(0.126644 0.000741339 -5.77605e-05)
(0.118968 0.00109369 -0.000380951)
(0.111115 0.00112987 -0.000415584)
(0.118153 0.00106043 -0.000258287)
(0.119193 0.00107921 -0.0003804)
(0.111179 0.00110976 -0.000412346)
(0.118385 0.00104717 -0.000253288)
(0.119418 0.0010658 -0.000379559)
(0.11124 0.00109023 -0.000408317)
(0.118616 0.00103576 -0.000248556)
(0.119639 0.00105113 -0.000377541)
(0.111299 0.00106663 -0.000402447)
(0.118844 0.00102553 -0.000242528)
(0.11136 0.00104119 -0.000395456)
(0.11907 0.0010137 -0.000235266)
(0.10392 0.00107444 -0.000427342)
(0.0851534 0.000937877 -0.000322153)
(0.102858 0.00100913 -0.000357971)
(0.103832 0.00105122 -0.000421239)
(0.0848258 0.000907374 -0.000311177)
(0.102787 0.000989831 -0.000350631)
(0.103741 0.00102462 -0.00041311)
(0.0845063 0.000880938 -0.000298459)
(0.102714 0.000965419 -0.000342573)
(0.10365 0.000994377 -0.000403434)
(0.084192 0.000855224 -0.000284769)
(0.102639 0.000937645 -0.000332804)
(0.0838823 0.000829023 -0.000271995)
(0.102565 0.000913887 -0.00032293)
(0.0679648 0.000852417 -0.000233468)
(0.0665864 0.000785045 -0.000182314)
(0.0674292 0.000817341 -0.000215991)
(0.0660802 0.000747885 -0.000168843)
(0.066907 0.000787695 -0.000197226)
(0.0655865 0.000716548 -0.000155209)
(0.0663965 0.000760949 -0.000179651)
(0.0651034 0.000690009 -0.000144136)
(0.0646259 0.00065596 -0.000135564)
(0.0678575 -0.000922913 0.000271156)
(0.0848993 -0.000979352 0.000340323)
(0.0656414 -0.000840303 0.000262227)
(0.0672458 -0.000891402 0.000260524)
(0.0845149 -0.000951096 0.000334819)
(0.0650378 -0.000814219 0.000255307)
(0.0666543 -0.000857838 0.000248337)
(0.0841388 -0.000924513 0.000328562)
(0.0644573 -0.000778324 0.000244579)
(0.0660829 -0.000823739 0.000235521)
(0.0837747 -0.000895178 0.000320264)
(0.0638963 -0.000729436 0.000227028)
(0.0655306 -0.000791164 0.000222218)
(0.0834162 -0.000866467 0.000310775)
(0.0633611 -0.000681918 0.000207823)
(0.0830684 -0.000840386 0.000302013)
(0.0628469 -0.000643811 0.000192721)
(0.103531 -0.00109162 0.000440318)
(0.110491 -0.00112806 0.000492957)
(0.101544 -0.00100108 0.000410884)
(0.103412 -0.00106683 0.000439048)
(0.110532 -0.00110616 0.000494777)
(0.10141 -0.000976619 0.000412074)
(0.10329 -0.00104436 0.000436975)
(0.110568 -0.00108858 0.000498032)
(0.10127 -0.000957559 0.00041425)
(0.103162 -0.00102005 0.000432118)
(0.110599 -0.00106918 0.000498843)
(0.101126 -0.000935722 0.000413147)
(0.103031 -0.000996588 0.000426992)
(0.110627 -0.00104949 0.000498465)
(0.100969 -0.000914596 0.000410897)
(0.11065 -0.0010294 0.000498325)
(0.10081 -0.000893166 0.000408583)
(0.118091 -0.00106579 0.000526131)
(0.121183 -0.00087695 0.000505509)
(0.116226 -0.00097448 0.000570327)
(0.118299 -0.00105334 0.000533396)
(0.121459 -0.000868408 0.000511354)
(0.116419 -0.000964783 0.00057895)
(0.118503 -0.00104121 0.000540553)
(0.121731 -0.000861157 0.000518642)
(0.116603 -0.00095661 0.000589893)
(0.118702 -0.00102914 0.00054703)
(0.122 -0.000853981 0.000525422)
(0.11678 -0.000944588 0.000596593)
(0.118897 -0.00101643 0.000553137)
(0.122267 -0.000846745 0.000532102)
(0.116953 -0.000934996 0.000605322)
(0.122529 -0.000835666 0.000536149)
(0.117116 -0.000923473 0.000612359)
(0.12474 -0.000684354 0.000494524)
(0.126111 -0.000486058 0.000476076)
(0.122856 -0.000588069 0.000597867)
(0.125083 -0.0006809 0.000500237)
(0.126479 -0.000484322 0.000478271)
(0.123184 -0.000588337 0.000602888)
(0.125425 -0.00067815 0.00050692)
(0.126845 -0.000483232 0.00048207)
(0.123508 -0.000588951 0.000610156)
(0.125765 -0.000675284 0.000513675)
(0.12721 -0.000482789 0.000486639)
(0.123828 -0.000589494 0.000617313)
(0.126103 -0.000668303 0.000517774)
(0.127574 -0.000481627 0.000491622)
(0.124149 -0.000589659 0.000625984)
(0.127935 -0.000475143 0.000492048)
(0.124462 -0.000583222 0.000627517)
(0.127903 -0.000278985 0.000459152)
(0.126008 -0.000187461 0.000613843)
(0.128294 -0.000279295 0.000459234)
(0.128587 -8.54563e-05 0.000423795)
(0.12638 -0.000189827 0.000610921)
(0.128684 -0.000280031 0.000460683)
(0.128982 -8.58535e-05 0.00042356)
(0.126749 -0.000192864 0.000610301)
(0.129074 -0.000280636 0.000463211)
(0.129378 -8.6188e-05 0.000424501)
(0.127118 -0.000195893 0.000611335)
(0.129463 -0.000279356 0.000464273)
(0.129773 -8.59387e-05 0.000426166)
(0.127487 -0.00019869 0.000614064)
(0.130164 -8.41982e-05 0.000423862)
(0.127853 -0.000198824 0.000610767)
(0.12928 0.000107481 0.000388406)
(0.128586 0.000283709 0.000332922)
(0.127408 0.000169157 0.000577173)
(0.129681 0.000107376 0.000387681)
(0.128982 0.000283389 0.000332484)
(0.127785 0.000169306 0.000573816)
(0.130081 0.000107629 0.000387815)
(0.129376 0.000283818 0.000333027)
(0.128162 0.000169701 0.000571993)
(0.130481 0.000107764 0.000386245)
(0.129771 0.00028485 0.000334033)
(0.128538 0.000170277 0.000571048)
(0.130162 0.00028313 0.000331712)
(0.128911 0.000169464 0.000564025)
(0.128293 0.00046029 0.000276995)
(0.126376 0.000612483 0.000187259)
(0.126478 0.000479595 0.000480916)
(0.128682 0.000460559 0.000277803)
(0.126745 0.000610938 0.000189833)
(0.126843 0.000482185 0.000479689)
(0.129071 0.000461852 0.00027919)
(0.127114 0.000611037 0.000192867)
(0.127207 0.00048565 0.00047948)
(0.12946 0.000461424 0.000279342)
(0.127482 0.000612664 0.000196243)
(0.127571 0.000489979 0.000480037)
(0.127847 0.000607835 0.000197169)
(0.127931 0.000489171 0.00047566)
(0.124885 0.000757119 0.000103221)
(0.120984 0.000885638 -1.68047e-05)
(0.123083 0.000730506 0.000302)
(0.125234 0.000755226 0.000108001)
(0.121275 0.000879333 -1.00815e-05)
(0.123409 0.000732519 0.00030633)
(0.125582 0.000755132 0.00011308)
(0.121566 0.00087398 -2.97093e-06)
(0.123734 0.000735368 0.00031053)
(0.125929 0.000751895 0.000117272)
(0.121855 0.000870981 4.81186e-06)
(0.124056 0.000740443 0.000315335)
(0.122141 0.000864619 1.16418e-05)
(0.124375 0.000736811 0.000315805)
(0.117579 0.00101606 -0.000126603)
(0.109295 0.00100967 -0.000215917)
(0.115652 0.000953871 5.21874e-05)
(0.117818 0.00100582 -0.000117533)
(0.109379 0.00099582 -0.000206608)
(0.115869 0.000948565 6.19015e-05)
(0.118052 0.000997528 -0.000107799)
(0.109464 0.000976875 -0.000196786)
(0.116087 0.000943104 7.1097e-05)
(0.118282 0.000989913 -9.72466e-05)
(0.109545 0.000958497 -0.000186209)
(0.116295 0.00094246 8.14201e-05)
(0.109624 0.000943178 -0.000174991)
(0.1165 0.000938052 9.03237e-05)
(0.101744 0.000926951 -0.000278556)
(0.0823534 0.000784304 -0.000192602)
(0.0992793 0.000838941 -0.00016321)
(0.101689 0.000906566 -0.000268819)
(0.0820794 0.000757618 -0.00018227)
(0.0992081 0.000830271 -0.000153295)
(0.101631 0.000881113 -0.000258654)
(0.0818093 0.000731641 -0.000173257)
(0.099132 0.000809621 -0.00014439)
(0.101571 0.000859907 -0.000248136)
(0.0815427 0.000708467 -0.000165913)
(0.0990523 0.000789066 -0.00013563)
(0.0812787 0.000680864 -0.000159487)
(0.0989687 0.000779518 -0.000124752)
(0.0647403 0.000684167 -0.000113162)
(0.0616275 0.000530039 -6.6219e-05)
(0.0642721 0.000650769 -0.000103307)
(0.0611963 0.000502953 -6.08396e-05)
(0.0638149 0.000622795 -9.63301e-05)
(0.0607664 0.000479627 -5.80352e-05)
(0.0633668 0.000589624 -9.21389e-05)
(0.0603474 0.000458803 -5.76109e-05)
(0.0599316 0.000431163 -5.82989e-05)
(0.0629901 -0.000735928 0.000273816)
(0.0802916 -0.000776565 0.000305892)
(0.0584921 -0.000550165 0.00023214)
(0.0624201 -0.000705634 0.000264092)
(0.0799104 -0.000756927 0.000306002)
(0.0579666 -0.000532654 0.000227541)
(0.0618668 -0.000655454 0.000242663)
(0.0795398 -0.000731084 0.000302493)
(0.0574579 -0.000507456 0.000217981)
(0.0613408 -0.000594552 0.000213497)
(0.0791739 -0.000692089 0.00029025)
(0.0569621 -0.000468998 0.000201574)
(0.0608416 -0.000542546 0.000188399)
(0.0788178 -0.00065464 0.000277141)
(0.0564867 -0.000429214 0.000183577)
(0.0784705 -0.000623517 0.000266818)
(0.0560317 -0.000397312 0.000168098)
(0.0995293 -0.000891204 0.000385884)
(0.106729 -0.000927694 0.000508042)
(0.0946489 -0.000718031 0.000374784)
(0.099376 -0.000872236 0.000390963)
(0.106734 -0.000913094 0.000514757)
(0.0944472 -0.000700969 0.000377326)
(0.0992159 -0.000853547 0.00039535)
(0.106729 -0.000899135 0.000523085)
(0.0942401 -0.000688979 0.000384457)
(0.0990438 -0.000834564 0.000398235)
(0.106718 -0.00088061 0.000526916)
(0.0940263 -0.000675068 0.0003893)
(0.0988586 -0.000815286 0.000399229)
(0.106693 -0.000865058 0.000532462)
(0.0937975 -0.000662522 0.000393724)
(0.106661 -0.000847876 0.000535078)
(0.0935645 -0.000649814 0.000395613)
(0.11463 -0.000877958 0.0006182)
(0.117768 -0.000688145 0.000651511)
(0.110304 -0.000718576 0.000669861)
(0.114797 -0.000872465 0.00062991)
(0.11801 -0.000686287 0.000658796)
(0.110424 -0.000713959 0.000673578)
(0.114957 -0.000864342 0.000640098)
(0.118243 -0.000686473 0.00066954)
(0.110532 -0.000713249 0.000686463)
(0.115108 -0.000854752 0.000648966)
(0.118468 -0.000682671 0.000677017)
(0.110626 -0.000706184 0.000692539)
(0.115249 -0.000846287 0.000658383)
(0.11869 -0.000680993 0.000687617)
(0.110713 -0.000701034 0.000699934)
(0.118902 -0.000675639 0.000692462)
(0.110788 -0.000694535 0.000706068)
(0.121361 -0.000496176 0.000698827)
(0.122756 -0.000300722 0.000728317)
(0.117338 -0.000354787 0.00078734)
(0.12167 -0.00050044 0.000705022)
(0.123087 -0.000305832 0.000728869)
(0.117599 -0.000362316 0.000788444)
(0.121976 -0.000504257 0.000712591)
(0.123415 -0.000311398 0.000731902)
(0.117855 -0.000370291 0.000794818)
(0.122275 -0.00050775 0.000721432)
(0.12374 -0.000315751 0.000735681)
(0.118101 -0.000376566 0.000798239)
(0.122572 -0.00050842 0.000726962)
(0.124065 -0.000320701 0.000741958)
(0.118347 -0.000383382 0.000806335)
(0.124383 -0.000321481 0.000739478)
(0.11858 -0.000385887 0.000809121)
(0.12454 -0.000101608 0.000758985)
(0.120693 2.02189e-05 0.000895399)
(0.124891 -0.000106553 0.000755744)
(0.12525 6.36119e-05 0.000756928)
(0.120989 1.37783e-05 0.000884475)
(0.125241 -0.000111847 0.000754567)
(0.125602 6.11947e-05 0.000753158)
(0.121283 6.09643e-06 0.000877846)
(0.125589 -0.000117074 0.000755446)
(0.125952 5.88849e-05 0.000751072)
(0.121575 -1.70891e-06 0.000873304)
(0.125937 -0.000121316 0.000753299)
(0.126304 5.64813e-05 0.000750717)
(0.121866 -9.82451e-06 0.000871732)
(0.126652 5.42216e-05 0.000742099)
(0.122153 -1.69526e-05 0.000866423)
(0.125966 0.000228759 0.000755575)
(0.125348 0.00036167 0.000718309)
(0.122233 0.000304447 0.000925543)
(0.12632 0.000229323 0.000750885)
(0.125695 0.000364713 0.000713798)
(0.122522 0.000304197 0.000915637)
(0.126673 0.000229911 0.000747528)
(0.126041 0.000368029 0.000710786)
(0.12281 0.000303919 0.000907284)
(0.127025 0.000229421 0.000740698)
(0.126387 0.000371737 0.000708881)
(0.123096 0.000303188 0.00089949)
(0.12673 0.000371315 0.000699515)
(0.123382 0.000300926 0.000887256)
(0.125082 0.000500546 0.000675982)
(0.123181 0.000604289 0.000583249)
(0.12146 0.00051157 0.000861899)
(0.125422 0.000506076 0.00067319)
(0.123503 0.000609877 0.000583042)
(0.121731 0.000517884 0.000854674)
(0.125761 0.000512342 0.000671649)
(0.123824 0.000616169 0.000583534)
(0.121999 0.000524529 0.000848275)
(0.126098 0.000516068 0.000667199)
(0.124141 0.000624235 0.000584879)
(0.122264 0.0005314 0.000842143)
(0.124455 0.000624499 0.000579744)
(0.122526 0.000534819 0.000832417)
(0.121665 0.000705749 0.000494397)
(0.117596 0.000790519 0.000356593)
(0.118006 0.000660446 0.000680865)
(0.121969 0.0007121 0.000497365)
(0.117846 0.00079458 0.00036256)
(0.118238 0.000667914 0.000677371)
(0.122268 0.000719789 0.000500723)
(0.118095 0.000796835 0.000368146)
(0.118465 0.000676978 0.000675727)
(0.122563 0.000724163 0.00050133)
(0.118335 0.000804196 0.000374764)
(0.118682 0.000686402 0.000673191)
(0.11857 0.000804914 0.000376381)
(0.118896 0.000689533 0.000666114)
(0.114017 0.000888401 0.000230957)
(0.105025 0.000840564 8.45344e-05)
(0.11004 0.000808843 0.000392234)
(0.114218 0.000887245 0.000239555)
(0.105075 0.00083823 9.34748e-05)
(0.110163 0.000811413 0.000396209)
(0.114409 0.000888859 0.000248303)
(0.105121 0.000828055 0.000100213)
(0.110281 0.000812906 0.000399375)
(0.114591 0.000890845 0.000255962)
(0.105157 0.000820833 0.000107661)
(0.110386 0.00081929 0.000403017)
(0.105187 0.00081681 0.000114352)
(0.110482 0.000818547 0.00040228)
(0.0968721 0.000750028 -3.63892e-05)
(0.0764935 0.000535442 -3.34288e-05)
(0.0918446 0.000667766 7.96228e-05)
(0.0967827 0.000740018 -2.93238e-05)
(0.076243 0.000522931 -2.90456e-05)
(0.0916829 0.000667401 8.38962e-05)
(0.0966859 0.000723211 -2.38574e-05)
(0.0759855 0.000506272 -2.76527e-05)
(0.0915077 0.000654512 8.39388e-05)
(0.0965817 0.000712914 -1.75299e-05)
(0.0757328 0.000490683 -2.74859e-05)
(0.091331 0.000643998 8.47312e-05)
(0.0754774 0.000479925 -2.64074e-05)
(0.0911434 0.000636156 8.37373e-05)
(0.0583129 0.00035586 -2.7357e-05)
(0.0534533 0.000296805 -9.63364e-06)
(0.0579104 0.000338484 -2.81863e-05)
(0.0530685 0.000282004 -1.18419e-05)
(0.057517 0.000321939 -3.15021e-05)
(0.0526827 0.000267008 -1.62963e-05)
(0.0571322 0.000305944 -3.58947e-05)
(0.0523101 0.000252802 -2.21779e-05)
(0.0519451 0.000240577 -2.65451e-05)
(0.0540458 -0.000370777 0.000199299)
(0.0707734 -0.00041804 0.000261302)
(0.0458709 -0.000231827 0.000185604)
(0.0535775 -0.000357203 0.000192413)
(0.0704035 -0.0004044 0.000255955)
(0.0454638 -0.000222474 0.000176104)
(0.053116 -0.000341407 0.000184172)
(0.0700362 -0.000396393 0.000255747)
(0.0450651 -0.000214755 0.000167225)
(0.0526673 -0.000321281 0.000173414)
(0.0696721 -0.000386357 0.000254216)
(0.0446783 -0.000205344 0.000155395)
(0.0522335 -0.000299559 0.000161733)
(0.0693066 -0.000374591 0.000251421)
(0.0442975 -0.000193992 0.000142318)
(0.0689504 -0.000363184 0.000249126)
(0.0439365 -0.000183316 0.000133309)
(0.0900148 -0.000543797 0.000381729)
(0.0978016 -0.000587901 0.000567821)
(0.0787824 -0.000330672 0.000344875)
(0.0897674 -0.000533433 0.000382038)
(0.0977029 -0.000579754 0.000564773)
(0.0784465 -0.00032341 0.00034165)
(0.0895093 -0.000525809 0.000385708)
(0.0975968 -0.000575714 0.000571139)
(0.0781087 -0.000319812 0.00034087)
(0.0892442 -0.000517906 0.000388718)
(0.0974775 -0.000567484 0.000572777)
(0.0777752 -0.000315786 0.000338984)
(0.0889716 -0.000511364 0.000392596)
(0.097349 -0.000560029 0.00057497)
(0.0774316 -0.000313635 0.000338809)
(0.0972115 -0.000553155 0.00057786)
(0.0770962 -0.000310974 0.000336419)
(0.106406 -0.000564592 0.000740074)
(0.109902 -0.000396425 0.000811108)
(0.0963894 -0.000367444 0.000691945)
(0.106467 -0.000564663 0.000743951)
(0.110041 -0.000399359 0.000807873)
(0.0962996 -0.000365545 0.000687439)
(0.106516 -0.000564883 0.000750718)
(0.11017 -0.000406288 0.000814902)
(0.0962005 -0.000367233 0.000690263)
(0.106551 -0.000562137 0.000753976)
(0.110284 -0.00041008 0.000816021)
(0.0960911 -0.000364863 0.000686799)
(0.106575 -0.000558843 0.000757353)
(0.110393 -0.000413231 0.000820505)
(0.0959688 -0.000362929 0.00068604)
(0.110488 -0.000414933 0.000823525)
(0.0958409 -0.000359872 0.000682204)
(0.113814 -0.000227006 0.000887945)
(0.115428 -4.59563e-05 0.000962922)
(0.104962 -7.88014e-05 0.000848135)
(0.114023 -0.000238207 0.000888143)
(0.115656 -5.6334e-05 0.000952739)
(0.105025 -8.95275e-05 0.000839612)
(0.114226 -0.000248638 0.000889118)
(0.11588 -6.83066e-05 0.000949185)
(0.105079 -0.000100289 0.000836993)
(0.114419 -0.000258166 0.000891158)
(0.116096 -7.84204e-05 0.000944017)
(0.105125 -0.000108778 0.00082844)
(0.114604 -0.000266743 0.000895308)
(0.11631 -8.92221e-05 0.000944252)
(0.105164 -0.000118065 0.000827228)
(0.116515 -9.91194e-05 0.000942353)
(0.105192 -0.00012637 0.000824498)
(0.117346 0.000132382 0.00103079)
(0.109203 0.000222749 0.00103249)
(0.117588 0.000123148 0.00101589)
(0.118162 0.000256334 0.00105927)
(0.109295 0.000213312 0.00101043)
(0.117828 0.000112955 0.00100544)
(0.118396 0.000250843 0.00104598)
(0.109385 0.000202683 0.000992669)
(0.118065 0.000102285 0.000998013)
(0.118628 0.000244935 0.00103499)
(0.109472 0.000191418 0.00097644)
(0.118298 9.11345e-05 0.00099162)
(0.118858 0.000238064 0.00102583)
(0.109556 0.000179506 0.000961958)
(0.119086 0.000230436 0.00101474)
(0.109638 0.000166999 0.000946567)
(0.118979 0.000379513 0.00109165)
(0.11853 0.000451779 0.00107569)
(0.111121 0.000413795 0.00112882)
(0.119206 0.000378339 0.0010778)
(0.118746 0.000455091 0.00106245)
(0.111186 0.000410211 0.00110941)
(0.119432 0.000376717 0.00106492)
(0.11896 0.000458398 0.00105006)
(0.111249 0.000405115 0.00108999)
(0.119654 0.000374009 0.00105084)
(0.119169 0.000461278 0.00103761)
(0.11131 0.000398187 0.00106754)
(0.119377 0.000462681 0.00102318)
(0.111373 0.000390501 0.00104293)
(0.118301 0.000532609 0.00104545)
(0.116419 0.000580032 0.000958042)
(0.11054 0.000495113 0.00109886)
(0.118504 0.000539671 0.00103379)
(0.116603 0.000587455 0.000947436)
(0.110577 0.000497992 0.00108016)
(0.118703 0.000546575 0.00102201)
(0.116781 0.000596496 0.000937557)
(0.11061 0.000499688 0.00106155)
(0.118896 0.000552638 0.00100939)
(0.116949 0.000604919 0.000926745)
(0.110636 0.000499593 0.00104116)
(0.117114 0.000610393 0.000913793)
(0.110661 0.000499118 0.00102033)
(0.114796 0.000629381 0.000864428)
(0.110423 0.000674217 0.000707885)
(0.106733 0.000518387 0.0009083)
(0.114955 0.000639031 0.000855498)
(0.110529 0.000683051 0.000702233)
(0.106731 0.000521978 0.000888828)
(0.115105 0.000649128 0.000846595)
(0.110626 0.000690906 0.00069701)
(0.106721 0.000529011 0.000872901)
(0.115245 0.000656743 0.000835447)
(0.110711 0.000699439 0.000691195)
(0.106697 0.000533249 0.000854538)
(0.110786 0.000703314 0.000681521)
(0.106666 0.000534403 0.000834653)
(0.106465 0.000741639 0.000555658)
(0.0962983 0.000686538 0.000359805)
(0.097702 0.000565616 0.000572605)
(0.106515 0.000746258 0.000553678)
(0.0962015 0.000688205 0.000359473)
(0.0975971 0.000570085 0.000566331)
(0.106552 0.000752033 0.000551357)
(0.0960907 0.000684786 0.00035587)
(0.0974775 0.000572729 0.000557426)
(0.106575 0.000755561 0.000546889)
(0.0959746 0.000684821 0.000353167)
(0.0973552 0.000576282 0.000548652)
(0.0958451 0.000677235 0.000346959)
(0.0972178 0.000577368 0.000539567)
(0.0871163 0.000590485 0.000184941)
(0.0665888 0.000389916 9.45064e-05)
(0.077214 0.000426119 0.000184171)
(0.086876 0.000587093 0.000182957)
(0.06628 0.00038353 9.26001e-05)
(0.0768915 0.00042744 0.000181887)
(0.0866289 0.000580164 0.000179045)
(0.0659644 0.000372019 8.71585e-05)
(0.0765623 0.000421937 0.000176748)
(0.0863755 0.000572724 0.000174568)
(0.0656569 0.000363446 8.18961e-05)
(0.0762343 0.000419607 0.000173328)
(0.0653498 0.000354524 7.6404e-05)
(0.0759038 0.000412184 0.0001684)
(0.0488273 0.00023892 1.77341e-05)
(0.0419638 0.000160992 1.26354e-05)
(0.0484487 0.00022649 1.27175e-05)
(0.0416266 0.00015444 9.76338e-06)
(0.0480836 0.000213719 6.1339e-06)
(0.0412954 0.000146414 5.23158e-06)
(0.0477307 0.000202679 -1.01703e-07)
(0.0409738 0.000139434 7.31579e-07)
(0.0406671 0.000133919 -2.68474e-06)
(0.0389376 -0.000109808 0.000154119)
(0.0523389 -8.33137e-05 0.000168892)
(0.029551 -4.10697e-05 9.30621e-05)
(0.0385877 -0.000105946 0.000146883)
(0.0519596 -8.09876e-05 0.000166609)
(0.029273 -3.9417e-05 9.00606e-05)
(0.0382462 -0.000103839 0.000138781)
(0.0515849 -8.18694e-05 0.000164611)
(0.0290013 -3.91602e-05 8.61015e-05)
(0.037916 -0.000102027 0.000129471)
(0.0512232 -8.38106e-05 0.000161147)
(0.0287385 -3.95074e-05 8.07786e-05)
(0.0375967 -9.99433e-05 0.000120939)
(0.0508604 -8.68956e-05 0.000158458)
(0.0284812 -3.98333e-05 7.50134e-05)
(0.0505165 -8.87623e-05 0.000154534)
(0.028237 -3.95374e-05 6.99714e-05)
(0.0687837 -0.000136215 0.000255804)
(0.0775441 -0.000192546 0.000432751)
(0.0509394 -4.23471e-05 0.000143795)
(0.0683743 -0.000135406 0.000256856)
(0.077216 -0.000189656 0.000429483)
(0.0505817 -4.06014e-05 0.000141684)
(0.0679678 -0.000135237 0.000256095)
(0.0768843 -0.000187544 0.000427881)
(0.0502288 -4.10742e-05 0.00014173)
(0.0675673 -0.000136591 0.000255598)
(0.0765595 -0.000184074 0.000422119)
(0.0498895 -4.21651e-05 0.00014052)
(0.067171 -0.000138011 0.000253451)
(0.0762213 -0.000182485 0.000419393)
(0.0495472 -4.49478e-05 0.000140992)
(0.0758943 -0.000179319 0.000412303)
(0.0492227 -4.67752e-05 0.000140284)
(0.0873488 -0.000189961 0.00059421)
(0.0920013 -7.98334e-05 0.00067785)
(0.0669075 -9.91012e-05 0.000401061)
(0.0871167 -0.000189684 0.000590331)
(0.0918448 -8.52641e-05 0.000668784)
(0.0665887 -9.57319e-05 0.000388323)
(0.0868737 -0.000188812 0.000586343)
(0.0916796 -8.95897e-05 0.000665062)
(0.0662698 -9.38363e-05 0.000381002)
(0.0866239 -0.000187172 0.000581103)
(0.0915095 -9.18549e-05 0.000654371)
(0.0659606 -9.08589e-05 0.000370929)
(0.0863668 -0.000185364 0.000576082)
(0.0913259 -9.5119e-05 0.00064945)
(0.0911389 -9.65836e-05 0.000643063)
(0.0969501 4.18747e-05 0.000757174)
(0.0993364 0.000170232 0.000858085)
(0.0767486 3.7593e-05 0.00055491)
(0.0968707 3.16831e-05 0.000747843)
(0.0992751 0.000159805 0.000839353)
(0.0764896 3.07977e-05 0.00053626)
(0.096783 2.29075e-05 0.000737539)
(0.099208 0.000148639 0.000825748)
(0.0762326 2.57256e-05 0.000522458)
(0.0966873 1.46823e-05 0.000727215)
(0.0991356 0.000137979 0.000808667)
(0.075979 2.21513e-05 0.000506553)
(0.0965823 5.87801e-06 0.000721771)
(0.0990572 0.000126527 0.000796324)
(0.0757191 1.86266e-05 0.000495236)
(0.0989731 0.000113563 0.00078675)
(0.10179 0.000286116 0.000948625)
(0.0826275 0.000201549 0.000822844)
(0.101742 0.000275487 0.000924938)
(0.102856 0.00035605 0.00100973)
(0.0823434 0.000188945 0.000789708)
(0.101691 0.000264128 0.000903588)
(0.102789 0.000347815 0.000987568)
(0.0820675 0.000177831 0.000761038)
(0.101637 0.00025212 0.000883471)
(0.102719 0.000337974 0.000965546)
(0.0817967 0.000167352 0.000736192)
(0.101581 0.000239731 0.000865392)
(0.102647 0.000326439 0.000941733)
(0.0815294 0.000158308 0.000715056)
(0.102575 0.000315842 0.000918665)
(0.103921 0.000424906 0.00107503)
(0.103722 0.000433547 0.00107854)
(0.0851367 0.000317691 0.000942174)
(0.103835 0.000418074 0.00105223)
(0.10362 0.00043023 0.00105612)
(0.0848098 0.0003063 0.000912567)
(0.103747 0.000408655 0.00102648)
(0.103516 0.0004253 0.00103318)
(0.0844897 0.000292528 0.000885877)
(0.103659 0.000397997 0.000997861)
(0.103406 0.000417663 0.00100607)
(0.0841758 0.00027778 0.000860119)
(0.103298 0.000409996 0.000979461)
(0.0838664 0.000263962 0.000834875)
(0.103427 0.00044021 0.00105946)
(0.101417 0.000415138 0.000971844)
(0.0845256 0.000336859 0.000946092)
(0.103306 0.00043892 0.00103688)
(0.101281 0.000415196 0.000948302)
(0.084154 0.0003316 0.00091845)
(0.10318 0.000434901 0.00101272)
(0.101138 0.00041608 0.000928944)
(0.0837913 0.000323608 0.000888563)
(0.10305 0.000429733 0.000987689)
(0.100985 0.000413488 0.000905763)
(0.0834385 0.000313892 0.000858359)
(0.100826 0.000410642 0.000881821)
(0.083092 0.000304955 0.000830605)
(0.0993793 0.00039402 0.000865525)
(0.094447 0.000379821 0.00069605)
(0.0799205 0.000311475 0.0007536)
(0.0992229 0.000397516 0.000844993)
(0.0942448 0.00038589 0.000680213)
(0.0795501 0.000306104 0.000724746)
(0.0990537 0.00040153 0.000826238)
(0.0940291 0.000392901 0.000667264)
(0.0791864 0.000295878 0.000687116)
(0.0988717 0.000401477 0.000804031)
(0.0938101 0.000396243 0.000652192)
(0.0788366 0.000282164 0.000647774)
(0.0935771 0.000397744 0.0006369)
(0.0784904 0.000270789 0.000613862)
(0.0897659 0.000384216 0.000526437)
(0.0784449 0.000340264 0.000316265)
(0.0704093 0.000261926 0.000401656)
(0.0895119 0.000388828 0.000517761)
(0.0781153 0.000340537 0.000312359)
(0.0700449 0.000261596 0.000391569)
(0.0892502 0.000392114 0.00050815)
(0.0777784 0.000340466 0.000307298)
(0.0696795 0.000260458 0.000380615)
(0.0889821 0.000395479 0.000499395)
(0.0774449 0.000341581 0.000303254)
(0.0693207 0.00025741 0.00036772)
(0.0771075 0.000339466 0.000299244)
(0.0689652 0.000253461 0.000353973)
(0.068379 0.000252342 0.000127771)
(0.0505893 0.00014015 3.71489e-05)
(0.0519677 0.000166819 7.6849e-05)
(0.0679756 0.000254325 0.000127322)
(0.0502406 0.00014205 3.75014e-05)
(0.0515962 0.00016669 7.73729e-05)
(0.0675775 0.000255896 0.000127379)
(0.049898 0.000141243 3.69855e-05)
(0.0512319 0.000164092 7.80208e-05)
(0.0671834 0.000255862 0.000127705)
(0.0495594 0.000142173 3.77523e-05)
(0.0508721 0.00016208 7.97664e-05)
(0.0492334 0.000142128 3.83907e-05)
(0.0505262 0.000158444 8.07083e-05)
(0.0361516 6.35273e-05 -3.24384e-05)
(0.028297 3.29888e-05 -3.51988e-05)
(0.0358452 6.24524e-05 -3.23207e-05)
(0.0280402 3.32215e-05 -3.33912e-05)
(0.0355515 6.14961e-05 -3.21065e-05)
(0.0277907 3.26035e-05 -3.14411e-05)
(0.035268 6.13138e-05 -3.12975e-05)
(0.0275475 3.2381e-05 -2.90331e-05)
(0.0273178 3.23755e-05 -2.66967e-05)
(0.0230655 9.70122e-06 3.85958e-05)
(0.0285468 3.43832e-05 3.37107e-05)
(0.0228401 8.88722e-06 3.70866e-05)
(0.0282843 3.36755e-05 3.26007e-05)
(0.0226204 7.32315e-06 3.50203e-05)
(0.0280283 3.1395e-05 3.22914e-05)
(0.0224082 5.36489e-06 3.25818e-05)
(0.0277815 2.835e-05 3.16954e-05)
(0.0222027 3.57732e-06 3.04391e-05)
(0.0275389 2.47048e-05 3.16235e-05)
(0.0273087 2.17683e-05 3.17611e-05)
(0.036446 3.15674e-05 6.44105e-05)
(0.0423044 -1.59549e-05 0.000168143)
(0.0361351 3.20364e-05 6.18826e-05)
(0.0419545 -1.05871e-05 0.000158013)
(0.0358333 3.05937e-05 6.09496e-05)
(0.0416125 -8.18784e-06 0.000150879)
(0.0355419 2.81873e-05 6.0719e-05)
(0.0412861 -6.19974e-06 0.000144106)
(0.0352578 2.53619e-05 6.1264e-05)
(0.0492059 -2.05158e-05 0.000249265)
(0.0538561 8.78878e-06 0.000314814)
(0.048817 -1.60156e-05 0.000235776)
(0.0534495 9.57602e-06 0.000296306)
(0.0484378 -1.22875e-05 0.000223585)
(0.0530522 1.13224e-05 0.000280676)
(0.0526715 1.34758e-05 0.000266601)
(0.0587141 2.80198e-05 0.000378158)
(0.0620757 7.12065e-05 0.000566208)
(0.0583002 2.58671e-05 0.000356868)
(0.0616183 6.26324e-05 0.000534692)
(0.0578945 2.55005e-05 0.000339153)
(0.0611754 5.76605e-05 0.000507335)
(0.057498 2.60899e-05 0.000323328)
(0.0607452 5.31959e-05 0.000484013)
(0.0603176 5.06919e-05 0.0004636)
(0.0652068 0.000120962 0.000729989)
(0.0647201 0.000107965 0.000692357)
(0.0665635 0.000176919 0.000792232)
(0.0642471 9.74731e-05 0.00065931)
(0.0660521 0.00016215 0.000756253)
(0.0637852 8.93537e-05 0.000631075)
(0.0655546 0.000147983 0.000724679)
(0.0650683 0.000135988 0.000697504)
(0.0679326 0.000226515 0.000859786)
(0.0678765 0.000256657 0.000890529)
(0.0673949 0.00020835 0.000825152)
(0.0673048 0.000241115 0.000855757)
(0.0668707 0.000188878 0.000795011)
(0.0667506 0.000221446 0.000821899)
(0.0663584 0.000170268 0.000767991)
(0.0662163 0.000201436 0.000790824)
(0.0656909 0.000184318 0.000761662)
(0.0672582 0.000264271 0.000887446)
(0.0650514 0.000258664 0.000810595)
(0.0666705 0.000252603 0.000852413)
(0.0644722 0.000250367 0.000774669)
(0.0661035 0.000239165 0.000816382)
(0.063913 0.00023272 0.000724391)
(0.0655569 0.000225549 0.000782297)
(0.063386 0.00021311 0.000675326)
(0.062873 0.00019776 0.00063556)
(0.0624343 0.000269845 0.000702256)
(0.0579815 0.000234806 0.000530007)
(0.0618845 0.00024934 0.00065214)
(0.0574715 0.000224806 0.000504645)
(0.0613609 0.00022034 0.000590198)
(0.0569781 0.000209063 0.000465451)
(0.0608654 0.000194682 0.00053652)
(0.0565063 0.000190573 0.000424656)
(0.0560529 0.000173626 0.000390906)
(0.0535904 0.000200807 0.00035505)
(0.045478 0.000183557 0.000220931)
(0.0531302 0.000192644 0.000338377)
(0.0450781 0.000175042 0.000212395)
(0.0526822 0.000181595 0.000317514)
(0.0446905 0.000162887 0.000202025)
(0.0522501 0.000168658 0.00029458)
(0.04431 0.000149256 0.000189888)
(0.0439491 0.000138336 0.000177855)
(0.0386037 0.000152215 0.000103877)
(0.0292861 9.1671e-05 3.75797e-05)
(0.0382582 0.000144764 0.000100985)
(0.0290129 8.87817e-05 3.69582e-05)
(0.0379255 0.000135564 9.83027e-05)
(0.0287478 8.40972e-05 3.66469e-05)
(0.0376056 0.000126468 9.53696e-05)
(0.0284894 7.87039e-05 3.64351e-05)
(0.0282454 7.34934e-05 3.57932e-05)
(0.0228522 3.80898e-05 -1.05624e-05)
(0.0226299 3.64731e-05 -9.49886e-06)
(0.0224159 3.42689e-05 -8.12727e-06)
(0.0222104 3.22464e-05 -6.64504e-06)
)
;

boundaryField
{
    inlet
    {
        type            calculated;
        value           nonuniform List<vector> 0();
    }
    ami1
    {
        type            cyclicAMI;
        value           nonuniform List<vector> 0();
    }
    walls
    {
        type            calculated;
        value           uniform (0 0 0);
    }
    ami2
    {
        type            cyclicAMI;
        value           nonuniform List<vector> 0();
    }
    outlet
    {
        type            calculated;
        value           nonuniform List<vector> 0();
    }
    procBoundary5to6
    {
        type            processor;
        value           nonuniform List<vector> 
177
(
(0.0219912 -3.03673e-05 4.72544e-06)
(0.027061 -3.2564e-05 2.36775e-05)
(0.0372711 -0.000118659 -9.36571e-05)
(0.0518016 -0.000157882 -0.000275878)
(0.0555814 -0.000164447 -0.000368967)
(0.0685842 -0.000251259 -0.00034594)
(0.0598902 -0.000169434 -0.000473192)
(0.0644827 -0.000209008 -0.000729397)
(0.0646615 -0.000167603 -0.0007065)
(0.0648675 -0.000135738 -0.000677199)
(0.0832428 -0.000245834 -0.000781761)
(0.0620552 -7.28634e-05 -0.000420454)
(0.0807335 -0.00014036 -0.000607615)
(0.0559775 -4.92394e-05 -0.000265135)
(0.0467082 -1.84153e-05 -0.000173019)
(0.0400571 -9.97205e-06 -0.000122084)
(0.0347119 -2.91509e-05 -6.04289e-05)
(0.048582 3.93922e-05 -0.000139336)
(0.0218149 -4.46687e-06 -2.90276e-05)
(0.0346868 -6.03248e-05 2.81269e-05)
(0.0488684 -0.000142841 -4.13104e-05)
(0.040024 -0.000121847 9.39802e-06)
(0.0667508 -0.000255363 -0.000130625)
(0.0767351 -0.00033904 -0.000300175)
(0.0755371 -0.000413329 -0.000169316)
(0.0883901 -0.000399831 -0.000488873)
(0.0984607 -0.000403018 -0.000770697)
(0.102759 -0.00042402 -0.000948214)
(0.103458 -0.00038161 -0.000946965)
(0.101421 -0.00022339 -0.000834362)
(0.0987513 -9.94348e-05 -0.00076667)
(0.0961878 4.84693e-06 -0.000702603)
(0.105208 0.000126929 -0.000812293)
(0.0855518 0.000158718 -0.000549478)
(0.095548 0.000333071 -0.000668013)
(0.066018 0.000125827 -0.000243685)
(0.0498458 7.9828e-05 -0.000150234)
(0.0369959 8.65326e-05 -0.000109622)
(0.046674 -0.00017286 1.7343e-05)
(0.0646956 -0.000339831 -6.774e-05)
(0.085812 -0.000566178 -0.000170666)
(0.0907217 -0.000630155 -9.05246e-05)
(0.106587 -0.000761423 -0.000542642)
(0.115508 -0.000671583 -0.000821519)
(0.119272 -0.000562403 -0.000988676)
(0.120093 -0.000369021 -0.00102362)
(0.118751 -7.50683e-05 -0.00096916)
(0.122437 1.89581e-05 -0.000858787)
(0.114944 0.00026816 -0.000893955)
(0.106582 0.000532435 -0.000758752)
(0.0969083 0.000516302 -0.000572148)
(0.0881162 0.000466691 -0.000391549)
(0.0682621 0.000323723 -0.000240985)
(0.0930798 0.00060187 -0.000396886)
(0.0514287 0.000252146 -0.000145841)
(0.0559386 -0.000267266 4.67779e-05)
(0.0590584 -0.000358544 5.2154e-05)
(0.0961958 -0.000705921 -1.3638e-05)
(0.105223 -0.000813299 -0.000134603)
(0.0987681 -0.000767927 9.11411e-05)
(0.114961 -0.000891525 -0.000274637)
(0.116722 -0.000937128 -0.000105426)
(0.12316 -0.000724815 -0.000505125)
(0.124706 -0.000733128 -0.000325879)
(0.126774 -0.00051844 -0.000658791)
(0.128297 -0.000488991 -0.000480844)
(0.127731 -0.000229575 -0.000720297)
(0.127004 -5.68856e-05 -0.000734704)
(0.129288 -0.000169838 -0.000560023)
(0.126287 0.000120835 -0.000746776)
(0.124699 0.000318778 -0.000737809)
(0.123149 0.000496657 -0.000727244)
(0.124766 0.000574907 -0.00062999)
(0.115503 0.000808919 -0.000669321)
(0.117264 0.000900912 -0.000619241)
(0.0984754 0.00075858 -0.000404341)
(0.100653 0.00085893 -0.000415085)
(0.0599383 0.000466258 -0.000173166)
(0.0624197 -0.000474655 7.37578e-05)
(0.101442 -0.00083253 0.00021775)
(0.109711 -0.000929666 0.000158388)
(0.118535 -0.000981094 8.40458e-05)
(0.119089 -0.00101454 0.000233838)
(0.126291 -0.000739889 -0.000126268)
(0.126659 -0.000735166 5.20894e-05)
(0.129854 -0.000456824 -0.000285018)
(0.130169 -0.000417283 -9.12352e-05)
(0.130881 -0.000106047 -0.000384258)
(0.12985 0.000278306 -0.000460009)
(0.12643 0.000658909 -0.000519534)
(0.119074 0.000995441 -0.000559993)
(0.102908 0.000962513 -0.000431615)
(0.0827657 0.000802353 -0.000305597)
(0.064544 0.00072006 -0.000214387)
(0.0652191 0.000727159 -0.000181556)
(0.0653228 -0.000715648 0.000141123)
(0.0651449 -0.000740968 0.000171553)
(0.111361 -0.00104577 0.00039165)
(0.103462 -0.000948697 0.000380279)
(0.111422 -0.00102383 0.000384802)
(0.103165 -0.000959464 0.000401632)
(0.119654 -0.0010522 0.000375763)
(0.119377 -0.00102682 0.000463881)
(0.127032 -0.000732768 0.000228462)
(0.126737 -0.000694388 0.00037239)
(0.130487 -0.000378644 0.000104926)
(0.131198 -0.000184967 5.07749e-05)
(0.130168 -0.000326405 0.000284157)
(0.131919 3.80149e-06 -2.00682e-06)
(0.130875 0.000381419 -0.000107664)
(0.127369 0.000727407 -0.000230929)
(0.119859 0.0010337 -0.000374034)
(0.10356 0.000964275 -0.00039386)
(0.0658963 0.000733248 -0.000164821)
(0.0649965 -0.000761648 0.000210616)
(0.102897 -0.000971322 0.000422048)
(0.119088 -0.00100114 0.000557276)
(0.126441 -0.000656741 0.000516875)
(0.12985 -0.000275811 0.000460718)
(0.130877 0.000107132 0.000381127)
(0.129846 0.000457137 0.000276984)
(0.126275 0.000741582 0.000119415)
(0.118509 0.000979431 -8.66426e-05)
(0.101508 0.00084403 -0.000236938)
(0.0629312 0.000537034 -8.86728e-05)
(0.0603635 -0.000504437 0.000171043)
(0.0986647 -0.000795085 0.000398501)
(0.115382 -0.000833172 0.000661879)
(0.122866 -0.00050343 0.000723032)
(0.126283 -0.000123234 0.000743428)
(0.127376 0.000227313 0.000727237)
(0.126434 0.000514548 0.000657074)
(0.122855 0.000720401 0.000496667)
(0.114764 0.000886439 0.000260162)
(0.0964667 0.0007116 -1.00082e-05)
(0.0567568 0.000290608 -4.04418e-05)
(0.0518151 -0.000279183 0.000150257)
(0.0886915 -0.000504156 0.000394412)
(0.106587 -0.00055197 0.000754584)
(0.114782 -0.000271143 0.000889976)
(0.118528 8.05997e-05 0.000981033)
(0.119876 0.000370125 0.00103371)
(0.119085 0.000556395 0.000994268)
(0.115376 0.000660543 0.000821787)
(0.106586 0.000752817 0.000538634)
(0.0861186 0.000564202 0.000169174)
(0.0473897 0.000193142 -5.33254e-06)
(0.0372859 -9.70441e-05 0.000113548)
(0.0667818 -0.000137532 0.000247187)
(0.0656418 -8.87199e-05 0.000363486)
(0.0861047 -0.00018146 0.00056611)
(0.0653378 -8.61623e-05 0.000357449)
(0.0964679 -2.64162e-06 0.000713954)
(0.0754671 1.53936e-05 0.000486968)
(0.101522 0.000226977 0.00084826)
(0.0812651 0.000149525 0.000686405)
(0.103571 0.000387949 0.000968846)
(0.102916 0.000425475 0.00096324)
(0.0986811 0.000400524 0.00078222)
(0.088707 0.000397137 0.000490716)
(0.0667975 0.000251594 0.000127057)
(0.0349939 6.12481e-05 -2.99331e-05)
(0.0220036 2.35386e-06 2.84688e-05)
(0.0409598 -4.89863e-06 0.00013847)
(0.03498 2.33496e-05 6.08346e-05)
(0.0406544 -4.28729e-06 0.000134884)
(0.0480708 -9.00003e-06 0.000212508)
(0.0522876 1.53909e-05 0.000254071)
(0.0571085 2.74761e-05 0.000309282)
(0.0633321 8.29376e-05 0.00059563)
(0.064589 0.000124652 0.000661647)
(0.0658573 0.00015314 0.000739579)
(0.0650296 0.000213007 0.000750853)
(0.0603921 0.000176761 0.000496696)
(0.0518354 0.000155609 0.000272689)
(0.0372972 0.000118177 9.19997e-05)
(0.0220132 3.04385e-05 -5.3106e-06)
)
;
    }
    procBoundary5to7
    {
        type            processor;
        value           nonuniform List<vector> 
131
(
(0.023065 -3.95558e-05 1.09007e-05)
(0.0389493 -0.000159036 -0.000108648)
(0.054057 -0.000207657 -0.000371004)
(0.0630001 -0.000283927 -0.000736934)
(0.0678625 -0.000281801 -0.000922482)
(0.0684841 -0.00025065 -0.000896698)
(0.0651937 -0.000128108 -0.000725992)
(0.0586957 -3.25617e-05 -0.000376731)
(0.049189 1.80742e-05 -0.000250555)
(0.0364477 -3.41638e-05 -6.59859e-05)
(0.0230713 -1.14862e-05 -3.98631e-05)
(0.0364409 -6.57037e-05 3.23115e-05)
(0.0687725 -0.000258337 -0.000133907)
(0.0900001 -0.000388795 -0.000543201)
(0.0995143 -0.000393252 -0.000891588)
(0.10353 -0.000444571 -0.00109092)
(0.103997 -0.000432653 -0.00110621)
(0.101791 -0.000289415 -0.000952663)
(0.0969511 -4.70498e-05 -0.000763366)
(0.0873385 0.000183428 -0.000598249)
(0.0687723 0.00012951 -0.000258016)
(0.0389544 0.000106531 -0.000157966)
(0.0491818 -0.000253788 -2.21813e-05)
(0.0873384 -0.000599582 -0.000189938)
(0.106396 -0.000747207 -0.000565134)
(0.114617 -0.000623406 -0.000880218)
(0.118087 -0.000527569 -0.00106626)
(0.118749 -0.000382333 -0.00111929)
(0.117347 -0.000135221 -0.0010379)
(0.113816 0.000221427 -0.000894321)
(0.106406 0.000557511 -0.000745506)
(0.0900095 0.000535634 -0.000386648)
(0.0540678 0.000365897 -0.000206156)
(0.0586935 -0.000382513 2.58656e-05)
(0.0969406 -0.000764968 4.10163e-05)
(0.113807 -0.000894242 -0.00022604)
(0.121356 -0.000703066 -0.000496774)
(0.124741 -0.000496725 -0.000685683)
(0.125614 -0.000228955 -0.00076846)
(0.12454 9.98255e-05 -0.000764781)
(0.121356 0.000492329 -0.000704544)
(0.114623 0.000872132 -0.000623384)
(0.0995307 0.00088402 -0.00039339)
(0.0630223 0.000729456 -0.000282151)
(0.0651823 -0.000733674 0.000119148)
(0.101781 -0.000953968 0.000285755)
(0.117343 -0.00103698 0.0001332)
(0.12454 -0.000763423 -0.000102303)
(0.127905 -0.00046138 -0.000280473)
(0.128879 -0.00010748 -0.000394523)
(0.127902 0.000278679 -0.000463005)
(0.124734 0.000681941 -0.000497619)
(0.118084 0.00105954 -0.000527455)
(0.103541 0.00108238 -0.000443736)
(0.0678965 0.000915267 -0.000280067)
(0.0684694 -0.000900701 0.00023969)
(0.0684592 -0.000928437 0.000266124)
(0.103994 -0.00110828 0.000429823)
(0.103811 -0.0011134 0.000436349)
(0.118748 -0.00111658 0.000381169)
(0.118307 -0.00110083 0.00044911)
(0.125612 -0.000766922 0.000227339)
(0.124998 -0.000729148 0.000357624)
(0.128878 -0.000392699 0.000105994)
(0.128188 -0.000336763 0.000282332)
(0.129859 2.93487e-07 -1.54468e-06)
(0.128876 0.000392914 -0.000108891)
(0.125606 0.00076522 -0.000229621)
(0.118742 0.00111323 -0.000381791)
(0.104004 0.0010992 -0.000431404)
(0.0685173 0.000891242 -0.000248853)
(0.0684891 -0.000954235 0.000280234)
(0.103648 -0.00111917 0.000439836)
(0.117878 -0.00108077 0.000520582)
(0.124394 -0.000688418 0.000491177)
(0.127509 -0.000279625 0.000461127)
(0.128188 -8.51372e-05 0.000425703)
(0.128878 0.000107807 0.000390665)
(0.127902 0.000461492 0.000277228)
(0.124536 0.000761819 9.90648e-05)
(0.11734 0.00103294 -0.000134703)
(0.101795 0.000947623 -0.000287717)
(0.0652222 0.000722364 -0.000126432)
(0.063573 -0.000758901 0.0002793)
(0.0996784 -0.00091213 0.000381676)
(0.114452 -0.000883955 0.000607767)
(0.121047 -0.000492294 0.000695981)
(0.124188 -9.8199e-05 0.000765215)
(0.124896 6.58562e-05 0.000763324)
(0.125613 0.000228287 0.000762564)
(0.12474 0.000496372 0.000680705)
(0.121357 0.000701239 0.000491564)
(0.11381 0.000889135 0.000221456)
(0.0969542 0.000759635 -4.46644e-05)
(0.0587223 0.000375552 -2.9732e-05)
(0.0545222 -0.000384865 0.000204651)
(0.0902538 -0.000557266 0.000384391)
(0.106332 -0.000566472 0.000742242)
(0.113597 -0.000216006 0.000893716)
(0.117103 0.00013981 0.00105233)
(0.117926 0.000261487 0.00108002)
(0.118752 0.000380827 0.00111082)
(0.118093 0.000526655 0.00105968)
(0.114628 0.00061988 0.000872594)
(0.106404 0.000740128 0.000558014)
(0.0873473 0.000593712 0.000185807)
(0.0492147 0.000249987 2.12985e-05)
(0.0393009 -0.000114765 0.000159474)
(0.0691955 -0.000140182 0.000257726)
(0.0875716 -0.000190032 0.000599781)
(0.0970228 5.30636e-05 0.000771487)
(0.101835 0.000296638 0.000973831)
(0.102919 0.000362821 0.00103616)
(0.104004 0.00042937 0.00109991)
(0.103543 0.000441322 0.00108563)
(0.0995316 0.000391062 0.000887125)
(0.0900117 0.000382925 0.000537673)
(0.0687854 0.000254426 0.000131812)
(0.036465 6.51914e-05 -3.16529e-05)
(0.0232994 9.58998e-06 3.97923e-05)
(0.0367724 2.85285e-05 6.79387e-05)
(0.0496062 -2.54995e-05 0.000262787)
(0.0591383 3.28271e-05 0.000405426)
(0.0657116 0.000137344 0.000771415)
(0.0670958 0.000192334 0.000831693)
(0.0684877 0.000242437 0.000897993)
(0.067867 0.000273977 0.000919881)
(0.0630013 0.000278571 0.000732414)
(0.0540598 0.000204727 0.000368127)
(0.0389573 0.000156717 0.000107671)
(0.0230781 3.91524e-05 -1.073e-05)
)
;
    }
}


// ************************************************************************* //
