/*--------------------------------*- C++ -*----------------------------------*\
| =========                 |                                                 |
| \\      /  F ield         | OpenFOAM: The Open Source CFD Toolbox           |
|  \\    /   O peration     | Version:  2212                                  |
|   \\  /    A nd           | Website:  www.openfoam.com                      |
|    \\/     M anipulation  |                                                 |
\*---------------------------------------------------------------------------*/
FoamFile
{
    version     2.0;
    format      ascii;
    arch        "LSB;label=32;scalar=64";
    class       vectorField;
    location    "0.6/polyMesh";
    object      points;
}
// * * * * * * * * * * * * * * * * * * * * * * * * * * * * * * * * * * * * * //


974
(
(0.048 -0.00368676 -0.0196573)
(0.05 -0.00368676 -0.0196573)
(0.052 -0.00368676 -0.0196573)
(0.054 -0.00368676 -0.0196573)
(0.056 -0.00368676 -0.0196573)
(0.058 -0.00368676 -0.0196573)
(0.06 -0.00368676 -0.0196573)
(0.062 -0.00368676 -0.0196573)
(0.064 -0.00368676 -0.0196573)
(0.048 -0.000851712 -0.0199819)
(0.05 -0.000851712 -0.0199819)
(0.052 -0.000851712 -0.0199819)
(0.054 -0.000851712 -0.0199819)
(0.056 -0.000851712 -0.0199819)
(0.058 -0.000851712 -0.0199819)
(0.06 -0.000851712 -0.0199819)
(0.062 -0.000851712 -0.0199819)
(0.064 -0.000851712 -0.0199819)
(0.046 0.00200067 -0.0198997)
(0.048 0.00200067 -0.0198997)
(0.05 0.00200067 -0.0198997)
(0.052 0.00200067 -0.0198997)
(0.054 0.00200067 -0.0198997)
(0.056 0.00200067 -0.0198997)
(0.058 0.00200067 -0.0198997)
(0.06 0.00200067 -0.0198997)
(0.062 0.00200067 -0.0198997)
(0.064 0.00200067 -0.0198997)
(0.04 0.00481233 -0.0194124)
(0.042 0.00481233 -0.0194124)
(0.044 0.00481233 -0.0194124)
(0.046 0.00481233 -0.0194124)
(0.048 0.00481233 -0.0194124)
(0.05 0.00481233 -0.0194124)
(0.052 0.00481233 -0.0194124)
(0.054 0.00481233 -0.0194124)
(0.056 0.00481233 -0.0194124)
(0.058 0.00481233 -0.0194124)
(0.06 0.00481233 -0.0194124)
(0.062 0.00481233 -0.0194124)
(0.064 0.00481233 -0.0194124)
(0.04 0.00752602 -0.0185299)
(0.042 0.00752602 -0.0185299)
(0.044 0.00752602 -0.0185299)
(0.046 0.00752602 -0.0185299)
(0.048 0.00752602 -0.0185299)
(0.05 0.00752602 -0.0185299)
(0.052 0.00752602 -0.0185299)
(0.054 0.00752602 -0.0185299)
(0.056 0.00752602 -0.0185299)
(0.058 0.00752602 -0.0185299)
(0.06 0.00752602 -0.0185299)
(0.062 0.00752602 -0.0185299)
(0.064 0.00752602 -0.0185299)
(0.04 0.0100865 -0.0172703)
(0.042 0.0100865 -0.0172703)
(0.044 0.0100865 -0.0172703)
(0.046 0.0100865 -0.0172703)
(0.048 0.0100865 -0.0172703)
(0.05 0.0100865 -0.0172703)
(0.052 0.0100865 -0.0172703)
(0.054 0.0100865 -0.0172703)
(0.056 0.0100865 -0.0172703)
(0.058 0.0100865 -0.0172703)
(0.06 0.0100865 -0.0172703)
(0.062 0.0100865 -0.0172703)
(0.064 0.0100865 -0.0172703)
(0.04 0.0124417 -0.015659)
(0.042 0.0124417 -0.015659)
(0.044 0.0124417 -0.015659)
(0.046 0.0124417 -0.015659)
(0.048 0.0124417 -0.015659)
(0.05 0.0124417 -0.015659)
(0.052 0.0124417 -0.015659)
(0.054 0.0124417 -0.015659)
(0.056 0.0124417 -0.015659)
(0.058 0.0124417 -0.015659)
(0.06 0.0124417 -0.015659)
(0.062 0.0124417 -0.015659)
(0.064 0.0124417 -0.015659)
(0.04 0.0145435 -0.013729)
(0.042 0.0145435 -0.013729)
(0.044 0.0145435 -0.013729)
(0.046 0.0145435 -0.013729)
(0.048 0.0145435 -0.013729)
(0.05 0.0145435 -0.013729)
(0.052 0.0145435 -0.013729)
(0.054 0.0145435 -0.013729)
(0.056 0.0145435 -0.013729)
(0.058 0.0145435 -0.013729)
(0.06 0.0145435 -0.013729)
(0.062 0.0145435 -0.013729)
(0.064 0.0145435 -0.013729)
(0.04 0.0163493 -0.0115195)
(0.042 0.0163493 -0.0115195)
(0.044 0.0163493 -0.0115195)
(0.046 0.0163493 -0.0115195)
(0.048 0.0163493 -0.0115195)
(0.05 0.0163493 -0.0115195)
(0.052 0.0163493 -0.0115195)
(0.054 0.0163493 -0.0115195)
(0.056 0.0163493 -0.0115195)
(0.058 0.0163493 -0.0115195)
(0.06 0.0163493 -0.0115195)
(0.062 0.0163493 -0.0115195)
(0.064 0.0163493 -0.0115195)
(0.04 0.0178223 -0.00907551)
(0.042 0.0178223 -0.00907551)
(0.044 0.0178223 -0.00907551)
(0.046 0.0178223 -0.00907551)
(0.048 0.0178223 -0.00907551)
(0.05 0.0178223 -0.00907551)
(0.052 0.0178223 -0.00907551)
(0.054 0.0178223 -0.00907551)
(0.056 0.0178223 -0.00907551)
(0.058 0.0178223 -0.00907551)
(0.06 0.0178223 -0.00907551)
(0.062 0.0178223 -0.00907551)
(0.04 0.0189325 -0.00644675)
(0.042 0.0189325 -0.00644675)
(0.044 0.0189325 -0.00644675)
(0.046 0.0189325 -0.00644675)
(0.048 0.0189325 -0.00644675)
(0.05 0.0189325 -0.00644675)
(0.052 0.0189325 -0.00644675)
(0.054 0.0189325 -0.00644675)
(0.056 0.0189325 -0.00644675)
(0.058 0.0189325 -0.00644675)
(0.06 0.0189325 -0.00644675)
(0.062 0.0189325 -0.00644675)
(0.04 0.0196573 -0.00368676)
(0.042 0.0196573 -0.00368676)
(0.044 0.0196573 -0.00368676)
(0.046 0.0196573 -0.00368676)
(0.048 0.0196573 -0.00368676)
(0.05 0.0196573 -0.00368676)
(0.052 0.0196573 -0.00368676)
(0.054 0.0196573 -0.00368676)
(0.056 0.0196573 -0.00368676)
(0.058 0.0196573 -0.00368676)
(0.06 0.0196573 -0.00368676)
(0.062 0.0196573 -0.00368676)
(0.048 -0.00644675 -0.0189325)
(0.05 -0.00644675 -0.0189325)
(0.052 -0.00644675 -0.0189325)
(0.054 -0.00644675 -0.0189325)
(0.056 -0.00644675 -0.0189325)
(0.058 -0.00644675 -0.0189325)
(0.06 -0.00644675 -0.0189325)
(0.062 -0.00644675 -0.0189325)
(0.064 -0.00644675 -0.0189325)
(0.048 -0.00352313 -0.0187848)
(0.05 -0.00352313 -0.0187848)
(0.052 -0.00352313 -0.0187848)
(0.054 -0.00352313 -0.0187848)
(0.056 -0.00352313 -0.0187848)
(0.058 -0.00352313 -0.0187848)
(0.06 -0.00352313 -0.0187848)
(0.062 -0.00352313 -0.0187848)
(0.064 -0.00352313 -0.0187848)
(0.046 -0.000548714 -0.0182793)
(0.048 -0.000548714 -0.0182793)
(0.05 -0.000548714 -0.0182793)
(0.052 -0.000548714 -0.0182793)
(0.054 -0.000548714 -0.0182793)
(0.056 -0.000548714 -0.0182793)
(0.058 -0.000548714 -0.0182793)
(0.06 -0.000548714 -0.0182793)
(0.062 -0.000548714 -0.0182793)
(0.064 -0.000548714 -0.0182793)
(0.04 0.00242166 -0.0174223)
(0.042 0.00242166 -0.0174223)
(0.044 0.00242166 -0.0174223)
(0.046 0.00242166 -0.0174223)
(0.048 0.00242166 -0.0174223)
(0.05 0.00242166 -0.0174223)
(0.052 0.00242166 -0.0174223)
(0.054 0.00242166 -0.0174223)
(0.056 0.00242166 -0.0174223)
(0.058 0.00242166 -0.0174223)
(0.06 0.00242166 -0.0174223)
(0.062 0.00242166 -0.0174223)
(0.064 0.00242166 -0.0174223)
(0.04 0.00533324 -0.0162274)
(0.042 0.00533324 -0.0162274)
(0.044 0.00533324 -0.0162274)
(0.046 0.00533324 -0.0162274)
(0.048 0.00533324 -0.0162274)
(0.05 0.00533324 -0.0162274)
(0.052 0.00533324 -0.0162274)
(0.054 0.00533324 -0.0162274)
(0.056 0.00533324 -0.0162274)
(0.058 0.00533324 -0.0162274)
(0.06 0.00533324 -0.0162274)
(0.062 0.00533324 -0.0162274)
(0.064 0.00533324 -0.0162274)
(0.04 0.00813244 -0.0147149)
(0.042 0.00813244 -0.0147149)
(0.044 0.00813244 -0.0147149)
(0.046 0.00813244 -0.0147149)
(0.048 0.00813244 -0.0147149)
(0.05 0.00813244 -0.0147149)
(0.052 0.00813244 -0.0147149)
(0.054 0.00813244 -0.0147149)
(0.056 0.00813244 -0.0147149)
(0.058 0.00813244 -0.0147149)
(0.06 0.00813244 -0.0147149)
(0.062 0.00813244 -0.0147149)
(0.064 0.00813244 -0.0147149)
(0.04 0.010768 -0.0129118)
(0.042 0.010768 -0.0129118)
(0.044 0.010768 -0.0129118)
(0.046 0.010768 -0.0129118)
(0.048 0.010768 -0.0129118)
(0.05 0.010768 -0.0129118)
(0.052 0.010768 -0.0129118)
(0.054 0.010768 -0.0129118)
(0.056 0.010768 -0.0129118)
(0.058 0.010768 -0.0129118)
(0.06 0.010768 -0.0129118)
(0.062 0.010768 -0.0129118)
(0.064 0.010768 -0.0129118)
(0.04 0.013192 -0.0108509)
(0.042 0.013192 -0.0108509)
(0.044 0.013192 -0.0108509)
(0.046 0.013192 -0.0108509)
(0.048 0.013192 -0.0108509)
(0.05 0.013192 -0.0108509)
(0.052 0.013192 -0.0108509)
(0.054 0.013192 -0.0108509)
(0.056 0.013192 -0.0108509)
(0.058 0.013192 -0.0108509)
(0.06 0.013192 -0.0108509)
(0.062 0.013192 -0.0108509)
(0.064 0.013192 -0.0108509)
(0.04 0.0153608 -0.00857019)
(0.042 0.0153608 -0.00857019)
(0.044 0.0153608 -0.00857019)
(0.046 0.0153608 -0.00857019)
(0.048 0.0153608 -0.00857019)
(0.05 0.0153608 -0.00857019)
(0.052 0.0153608 -0.00857019)
(0.054 0.0153608 -0.00857019)
(0.056 0.0153608 -0.00857019)
(0.058 0.0153608 -0.00857019)
(0.06 0.0153608 -0.00857019)
(0.062 0.0153608 -0.00857019)
(0.064 0.0153608 -0.00857019)
(0.04 0.0172359 -0.00611223)
(0.042 0.0172359 -0.00611223)
(0.044 0.0172359 -0.00611223)
(0.046 0.0172359 -0.00611223)
(0.048 0.0172359 -0.00611223)
(0.05 0.0172359 -0.00611223)
(0.052 0.0172359 -0.00611223)
(0.054 0.0172359 -0.00611223)
(0.056 0.0172359 -0.00611223)
(0.058 0.0172359 -0.00611223)
(0.06 0.0172359 -0.00611223)
(0.062 0.0172359 -0.00611223)
(0.04 0.0187848 -0.00352313)
(0.042 0.0187848 -0.00352313)
(0.044 0.0187848 -0.00352313)
(0.046 0.0187848 -0.00352313)
(0.048 0.0187848 -0.00352313)
(0.05 0.0187848 -0.00352313)
(0.052 0.0187848 -0.00352313)
(0.054 0.0187848 -0.00352313)
(0.056 0.0187848 -0.00352313)
(0.058 0.0187848 -0.00352313)
(0.06 0.0187848 -0.00352313)
(0.062 0.0187848 -0.00352313)
(0.04 0.0199819 -0.000851712)
(0.042 0.0199819 -0.000851712)
(0.044 0.0199819 -0.000851712)
(0.046 0.0199819 -0.000851712)
(0.048 0.0199819 -0.000851712)
(0.05 0.0199819 -0.000851712)
(0.052 0.0199819 -0.000851712)
(0.054 0.0199819 -0.000851712)
(0.056 0.0199819 -0.000851712)
(0.058 0.0199819 -0.000851712)
(0.06 0.0199819 -0.000851712)
(0.062 0.0199819 -0.000851712)
(0.046 -0.00907551 -0.0178223)
(0.048 -0.00907551 -0.0178223)
(0.05 -0.00907551 -0.0178223)
(0.052 -0.00907551 -0.0178223)
(0.054 -0.00907551 -0.0178223)
(0.056 -0.00907551 -0.0178223)
(0.058 -0.00907551 -0.0178223)
(0.06 -0.00907551 -0.0178223)
(0.062 -0.00907551 -0.0178223)
(0.064 -0.00907551 -0.0178223)
(0.046 -0.00611223 -0.0172359)
(0.048 -0.00611223 -0.0172359)
(0.05 -0.00611223 -0.0172359)
(0.052 -0.00611223 -0.0172359)
(0.054 -0.00611223 -0.0172359)
(0.056 -0.00611223 -0.0172359)
(0.058 -0.00611223 -0.0172359)
(0.06 -0.00611223 -0.0172359)
(0.062 -0.00611223 -0.0172359)
(0.064 -0.00611223 -0.0172359)
(0.046 -0.00306468 -0.0163404)
(0.048 -0.00306468 -0.0163404)
(0.05 -0.00306468 -0.0163404)
(0.052 -0.00306468 -0.0163404)
(0.054 -0.00306468 -0.0163404)
(0.056 -0.00306468 -0.0163404)
(0.058 -0.00306468 -0.0163404)
(0.06 -0.00306468 -0.0163404)
(0.062 -0.00306468 -0.0163404)
(0.064 -0.00306468 -0.0163404)
(0.04 1.55039e-05 -0.0151472)
(0.042 1.55039e-05 -0.0151472)
(0.044 1.55039e-05 -0.0151472)
(0.046 1.55039e-05 -0.0151472)
(0.048 1.55039e-05 -0.0151472)
(0.05 1.55039e-05 -0.0151472)
(0.052 1.55039e-05 -0.0151472)
(0.054 1.55039e-05 -0.0151472)
(0.056 1.55039e-05 -0.0151472)
(0.058 1.55039e-05 -0.0151472)
(0.06 1.55039e-05 -0.0151472)
(0.062 1.55039e-05 -0.0151472)
(0.064 1.55039e-05 -0.0151472)
(0.04 0.00307605 -0.0136732)
(0.042 0.00307605 -0.0136732)
(0.044 0.00307605 -0.0136732)
(0.046 0.00307605 -0.0136732)
(0.048 0.00307605 -0.0136732)
(0.05 0.00307605 -0.0136732)
(0.052 0.00307605 -0.0136732)
(0.054 0.00307605 -0.0136732)
(0.056 0.00307605 -0.0136732)
(0.058 0.00307605 -0.0136732)
(0.06 0.00307605 -0.0136732)
(0.062 0.00307605 -0.0136732)
(0.064 0.00307605 -0.0136732)
(0.04 0.00606507 -0.0119414)
(0.042 0.00606507 -0.0119414)
(0.044 0.00606507 -0.0119414)
(0.046 0.00606507 -0.0119414)
(0.048 0.00606507 -0.0119414)
(0.05 0.00606507 -0.0119414)
(0.052 0.00606507 -0.0119414)
(0.054 0.00606507 -0.0119414)
(0.056 0.00606507 -0.0119414)
(0.058 0.00606507 -0.0119414)
(0.06 0.00606507 -0.0119414)
(0.062 0.00606507 -0.0119414)
(0.064 0.00606507 -0.0119414)
(0.04 0.00893215 -0.00997996)
(0.042 0.00893215 -0.00997996)
(0.044 0.00893215 -0.00997996)
(0.046 0.00893215 -0.00997996)
(0.048 0.00893215 -0.00997996)
(0.05 0.00893215 -0.00997996)
(0.052 0.00893215 -0.00997996)
(0.054 0.00893215 -0.00997996)
(0.056 0.00893215 -0.00997996)
(0.058 0.00893215 -0.00997996)
(0.06 0.00893215 -0.00997996)
(0.062 0.00893215 -0.00997996)
(0.064 0.00893215 -0.00997996)
(0.04 0.0116293 -0.00782159)
(0.042 0.0116293 -0.00782159)
(0.044 0.0116293 -0.00782159)
(0.046 0.0116293 -0.00782159)
(0.048 0.0116293 -0.00782159)
(0.05 0.0116293 -0.00782159)
(0.052 0.0116293 -0.00782159)
(0.054 0.0116293 -0.00782159)
(0.056 0.0116293 -0.00782159)
(0.058 0.0116293 -0.00782159)
(0.06 0.0116293 -0.00782159)
(0.062 0.0116293 -0.00782159)
(0.064 0.0116293 -0.00782159)
(0.04 0.0141121 -0.00550315)
(0.042 0.0141121 -0.00550315)
(0.044 0.0141121 -0.00550315)
(0.046 0.0141121 -0.00550315)
(0.048 0.0141121 -0.00550315)
(0.05 0.0141121 -0.00550315)
(0.052 0.0141121 -0.00550315)
(0.054 0.0141121 -0.00550315)
(0.056 0.0141121 -0.00550315)
(0.058 0.0141121 -0.00550315)
(0.06 0.0141121 -0.00550315)
(0.062 0.0141121 -0.00550315)
(0.064 0.0141121 -0.00550315)
(0.04 0.0163404 -0.00306468)
(0.042 0.0163404 -0.00306468)
(0.044 0.0163404 -0.00306468)
(0.046 0.0163404 -0.00306468)
(0.048 0.0163404 -0.00306468)
(0.05 0.0163404 -0.00306468)
(0.052 0.0163404 -0.00306468)
(0.054 0.0163404 -0.00306468)
(0.056 0.0163404 -0.00306468)
(0.058 0.0163404 -0.00306468)
(0.06 0.0163404 -0.00306468)
(0.062 0.0163404 -0.00306468)
(0.04 0.0182793 -0.000548714)
(0.042 0.0182793 -0.000548714)
(0.044 0.0182793 -0.000548714)
(0.046 0.0182793 -0.000548714)
(0.048 0.0182793 -0.000548714)
(0.05 0.0182793 -0.000548714)
(0.052 0.0182793 -0.000548714)
(0.054 0.0182793 -0.000548714)
(0.056 0.0182793 -0.000548714)
(0.058 0.0182793 -0.000548714)
(0.06 0.0182793 -0.000548714)
(0.062 0.0182793 -0.000548714)
(0.04 0.0198997 0.00200067)
(0.042 0.0198997 0.00200067)
(0.044 0.0198997 0.00200067)
(0.046 0.0198997 0.00200067)
(0.048 0.0198997 0.00200067)
(0.05 0.0198997 0.00200067)
(0.052 0.0198997 0.00200067)
(0.054 0.0198997 0.00200067)
(0.056 0.0198997 0.00200067)
(0.058 0.0198997 0.00200067)
(0.06 0.0198997 0.00200067)
(0.062 0.0198997 0.00200067)
(0.046 -0.0115195 -0.0163493)
(0.048 -0.0115195 -0.0163493)
(0.05 -0.0115195 -0.0163493)
(0.052 -0.0115195 -0.0163493)
(0.054 -0.0115195 -0.0163493)
(0.056 -0.0115195 -0.0163493)
(0.058 -0.0115195 -0.0163493)
(0.06 -0.0115195 -0.0163493)
(0.062 -0.0115195 -0.0163493)
(0.064 -0.0115195 -0.0163493)
(0.046 -0.00857019 -0.0153608)
(0.048 -0.00857019 -0.0153608)
(0.05 -0.00857019 -0.0153608)
(0.052 -0.00857019 -0.0153608)
(0.054 -0.00857019 -0.0153608)
(0.056 -0.00857019 -0.0153608)
(0.058 -0.00857019 -0.0153608)
(0.06 -0.00857019 -0.0153608)
(0.062 -0.00857019 -0.0153608)
(0.064 -0.00857019 -0.0153608)
(0.046 -0.00550315 -0.0141121)
(0.048 -0.00550315 -0.0141121)
(0.05 -0.00550315 -0.0141121)
(0.052 -0.00550315 -0.0141121)
(0.054 -0.00550315 -0.0141121)
(0.056 -0.00550315 -0.0141121)
(0.058 -0.00550315 -0.0141121)
(0.06 -0.00550315 -0.0141121)
(0.062 -0.00550315 -0.0141121)
(0.064 -0.00550315 -0.0141121)
(0.04 -0.00236677 -0.0126193)
(0.042 -0.00236677 -0.0126193)
(0.044 -0.00236677 -0.0126193)
(0.046 -0.00236677 -0.0126193)
(0.048 -0.00236677 -0.0126193)
(0.05 -0.00236677 -0.0126193)
(0.052 -0.00236677 -0.0126193)
(0.054 -0.00236677 -0.0126193)
(0.056 -0.00236677 -0.0126193)
(0.058 -0.00236677 -0.0126193)
(0.06 -0.00236677 -0.0126193)
(0.062 -0.00236677 -0.0126193)
(0.064 -0.00236677 -0.0126193)
(0.04 0.000789125 -0.010903)
(0.042 0.000789125 -0.010903)
(0.044 0.000789125 -0.010903)
(0.046 0.000789125 -0.010903)
(0.048 0.000789125 -0.010903)
(0.05 0.000789125 -0.010903)
(0.052 0.000789125 -0.010903)
(0.054 0.000789125 -0.010903)
(0.056 0.000789125 -0.010903)
(0.058 0.000789125 -0.010903)
(0.06 0.000789125 -0.010903)
(0.062 0.000789125 -0.010903)
(0.064 0.000789125 -0.010903)
(0.04 0.00391434 -0.00898857)
(0.042 0.00391434 -0.00898857)
(0.044 0.00391434 -0.00898857)
(0.046 0.00391434 -0.00898857)
(0.048 0.00391434 -0.00898857)
(0.05 0.00391434 -0.00898857)
(0.052 0.00391434 -0.00898857)
(0.054 0.00391434 -0.00898857)
(0.056 0.00391434 -0.00898857)
(0.058 0.00391434 -0.00898857)
(0.06 0.00391434 -0.00898857)
(0.062 0.00391434 -0.00898857)
(0.064 0.00391434 -0.00898857)
(0.04 0.0069593 -0.0069054)
(0.042 0.0069593 -0.0069054)
(0.044 0.0069593 -0.0069054)
(0.046 0.0069593 -0.0069054)
(0.048 0.0069593 -0.0069054)
(0.05 0.0069593 -0.0069054)
(0.052 0.0069593 -0.0069054)
(0.054 0.0069593 -0.0069054)
(0.056 0.0069593 -0.0069054)
(0.058 0.0069593 -0.0069054)
(0.06 0.0069593 -0.0069054)
(0.062 0.0069593 -0.0069054)
(0.064 0.0069593 -0.0069054)
(0.04 0.00987606 -0.00468628)
(0.042 0.00987606 -0.00468628)
(0.044 0.00987606 -0.00468628)
(0.046 0.00987606 -0.00468628)
(0.048 0.00987606 -0.00468628)
(0.05 0.00987606 -0.00468628)
(0.052 0.00987606 -0.00468628)
(0.054 0.00987606 -0.00468628)
(0.056 0.00987606 -0.00468628)
(0.058 0.00987606 -0.00468628)
(0.06 0.00987606 -0.00468628)
(0.062 0.00987606 -0.00468628)
(0.064 0.00987606 -0.00468628)
(0.04 0.0126193 -0.00236677)
(0.042 0.0126193 -0.00236677)
(0.044 0.0126193 -0.00236677)
(0.046 0.0126193 -0.00236677)
(0.048 0.0126193 -0.00236677)
(0.05 0.0126193 -0.00236677)
(0.052 0.0126193 -0.00236677)
(0.054 0.0126193 -0.00236677)
(0.056 0.0126193 -0.00236677)
(0.058 0.0126193 -0.00236677)
(0.06 0.0126193 -0.00236677)
(0.062 0.0126193 -0.00236677)
(0.064 0.0126193 -0.00236677)
(0.04 0.0151472 1.55039e-05)
(0.042 0.0151472 1.55039e-05)
(0.044 0.0151472 1.55039e-05)
(0.046 0.0151472 1.55039e-05)
(0.048 0.0151472 1.55039e-05)
(0.05 0.0151472 1.55039e-05)
(0.052 0.0151472 1.55039e-05)
(0.054 0.0151472 1.55039e-05)
(0.056 0.0151472 1.55039e-05)
(0.058 0.0151472 1.55039e-05)
(0.06 0.0151472 1.55039e-05)
(0.062 0.0151472 1.55039e-05)
(0.04 0.0174223 0.00242166)
(0.042 0.0174223 0.00242166)
(0.044 0.0174223 0.00242166)
(0.046 0.0174223 0.00242166)
(0.048 0.0174223 0.00242166)
(0.05 0.0174223 0.00242166)
(0.052 0.0174223 0.00242166)
(0.054 0.0174223 0.00242166)
(0.056 0.0174223 0.00242166)
(0.058 0.0174223 0.00242166)
(0.06 0.0174223 0.00242166)
(0.062 0.0174223 0.00242166)
(0.04 0.0194124 0.00481233)
(0.042 0.0194124 0.00481233)
(0.044 0.0194124 0.00481233)
(0.046 0.0194124 0.00481233)
(0.048 0.0194124 0.00481233)
(0.05 0.0194124 0.00481233)
(0.052 0.0194124 0.00481233)
(0.054 0.0194124 0.00481233)
(0.056 0.0194124 0.00481233)
(0.058 0.0194124 0.00481233)
(0.06 0.0194124 0.00481233)
(0.062 0.0194124 0.00481233)
(0.046 -0.013729 -0.0145435)
(0.048 -0.013729 -0.0145435)
(0.05 -0.013729 -0.0145435)
(0.052 -0.013729 -0.0145435)
(0.054 -0.013729 -0.0145435)
(0.056 -0.013729 -0.0145435)
(0.058 -0.013729 -0.0145435)
(0.06 -0.013729 -0.0145435)
(0.062 -0.013729 -0.0145435)
(0.064 -0.013729 -0.0145435)
(0.046 -0.0108509 -0.013192)
(0.048 -0.0108509 -0.013192)
(0.05 -0.0108509 -0.013192)
(0.052 -0.0108509 -0.013192)
(0.054 -0.0108509 -0.013192)
(0.056 -0.0108509 -0.013192)
(0.058 -0.0108509 -0.013192)
(0.06 -0.0108509 -0.013192)
(0.062 -0.0108509 -0.013192)
(0.064 -0.0108509 -0.013192)
(0.046 -0.00782159 -0.0116293)
(0.048 -0.00782159 -0.0116293)
(0.05 -0.00782159 -0.0116293)
(0.052 -0.00782159 -0.0116293)
(0.054 -0.00782159 -0.0116293)
(0.056 -0.00782159 -0.0116293)
(0.058 -0.00782159 -0.0116293)
(0.06 -0.00782159 -0.0116293)
(0.062 -0.00782159 -0.0116293)
(0.064 -0.00782159 -0.0116293)
(0.04 -0.00468628 -0.00987606)
(0.042 -0.00468628 -0.00987606)
(0.044 -0.00468628 -0.00987606)
(0.046 -0.00468628 -0.00987606)
(0.048 -0.00468628 -0.00987606)
(0.05 -0.00468628 -0.00987606)
(0.052 -0.00468628 -0.00987606)
(0.054 -0.00468628 -0.00987606)
(0.056 -0.00468628 -0.00987606)
(0.058 -0.00468628 -0.00987606)
(0.06 -0.00468628 -0.00987606)
(0.062 -0.00468628 -0.00987606)
(0.064 -0.00468628 -0.00987606)
(0.04 -0.00149227 -0.00795658)
(0.042 -0.00149227 -0.00795658)
(0.044 -0.00149227 -0.00795658)
(0.046 -0.00149227 -0.00795658)
(0.048 -0.00149227 -0.00795658)
(0.05 -0.00149227 -0.00795658)
(0.052 -0.00149227 -0.00795658)
(0.054 -0.00149227 -0.00795658)
(0.056 -0.00149227 -0.00795658)
(0.058 -0.00149227 -0.00795658)
(0.06 -0.00149227 -0.00795658)
(0.062 -0.00149227 -0.00795658)
(0.064 -0.00149227 -0.00795658)
(0.04 0.00171189 -0.00589869)
(0.042 0.00171189 -0.00589869)
(0.044 0.00171189 -0.00589869)
(0.046 0.00171189 -0.00589869)
(0.048 0.00171189 -0.00589869)
(0.05 0.00171189 -0.00589869)
(0.052 0.00171189 -0.00589869)
(0.054 0.00171189 -0.00589869)
(0.056 0.00171189 -0.00589869)
(0.058 0.00171189 -0.00589869)
(0.06 0.00171189 -0.00589869)
(0.062 0.00171189 -0.00589869)
(0.064 0.00171189 -0.00589869)
(0.04 0.00487749 -0.00373299)
(0.042 0.00487749 -0.00373299)
(0.044 0.00487749 -0.00373299)
(0.046 0.00487749 -0.00373299)
(0.048 0.00487749 -0.00373299)
(0.05 0.00487749 -0.00373299)
(0.052 0.00487749 -0.00373299)
(0.054 0.00487749 -0.00373299)
(0.056 0.00487749 -0.00373299)
(0.058 0.00487749 -0.00373299)
(0.06 0.00487749 -0.00373299)
(0.062 0.00487749 -0.00373299)
(0.064 0.00487749 -0.00373299)
(0.04 0.00795658 -0.00149227)
(0.042 0.00795658 -0.00149227)
(0.044 0.00795658 -0.00149227)
(0.046 0.00795658 -0.00149227)
(0.048 0.00795658 -0.00149227)
(0.05 0.00795658 -0.00149227)
(0.052 0.00795658 -0.00149227)
(0.054 0.00795658 -0.00149227)
(0.056 0.00795658 -0.00149227)
(0.058 0.00795658 -0.00149227)
(0.06 0.00795658 -0.00149227)
(0.062 0.00795658 -0.00149227)
(0.064 0.00795658 -0.00149227)
(0.04 0.010903 0.000789125)
(0.042 0.010903 0.000789125)
(0.044 0.010903 0.000789125)
(0.046 0.010903 0.000789125)
(0.048 0.010903 0.000789125)
(0.05 0.010903 0.000789125)
(0.052 0.010903 0.000789125)
(0.054 0.010903 0.000789125)
(0.056 0.010903 0.000789125)
(0.058 0.010903 0.000789125)
(0.06 0.010903 0.000789125)
(0.062 0.010903 0.000789125)
(0.064 0.010903 0.000789125)
(0.04 0.0136732 0.00307605)
(0.042 0.0136732 0.00307605)
(0.044 0.0136732 0.00307605)
(0.046 0.0136732 0.00307605)
(0.048 0.0136732 0.00307605)
(0.05 0.0136732 0.00307605)
(0.052 0.0136732 0.00307605)
(0.054 0.0136732 0.00307605)
(0.056 0.0136732 0.00307605)
(0.058 0.0136732 0.00307605)
(0.06 0.0136732 0.00307605)
(0.062 0.0136732 0.00307605)
(0.04 0.0162274 0.00533324)
(0.042 0.0162274 0.00533324)
(0.044 0.0162274 0.00533324)
(0.046 0.0162274 0.00533324)
(0.048 0.0162274 0.00533324)
(0.05 0.0162274 0.00533324)
(0.052 0.0162274 0.00533324)
(0.054 0.0162274 0.00533324)
(0.056 0.0162274 0.00533324)
(0.058 0.0162274 0.00533324)
(0.06 0.0162274 0.00533324)
(0.062 0.0162274 0.00533324)
(0.04 0.0185299 0.00752602)
(0.042 0.0185299 0.00752602)
(0.044 0.0185299 0.00752602)
(0.046 0.0185299 0.00752602)
(0.048 0.0185299 0.00752602)
(0.05 0.0185299 0.00752602)
(0.052 0.0185299 0.00752602)
(0.054 0.0185299 0.00752602)
(0.056 0.0185299 0.00752602)
(0.058 0.0185299 0.00752602)
(0.06 0.0185299 0.00752602)
(0.062 0.0185299 0.00752602)
(0.046 -0.015659 -0.0124417)
(0.048 -0.015659 -0.0124417)
(0.05 -0.015659 -0.0124417)
(0.052 -0.015659 -0.0124417)
(0.054 -0.015659 -0.0124417)
(0.056 -0.015659 -0.0124417)
(0.058 -0.015659 -0.0124417)
(0.06 -0.015659 -0.0124417)
(0.062 -0.015659 -0.0124417)
(0.064 -0.015659 -0.0124417)
(0.046 -0.0129118 -0.010768)
(0.048 -0.0129118 -0.010768)
(0.05 -0.0129118 -0.010768)
(0.052 -0.0129118 -0.010768)
(0.054 -0.0129118 -0.010768)
(0.056 -0.0129118 -0.010768)
(0.058 -0.0129118 -0.010768)
(0.06 -0.0129118 -0.010768)
(0.062 -0.0129118 -0.010768)
(0.064 -0.0129118 -0.010768)
(0.046 -0.00997996 -0.00893215)
(0.048 -0.00997996 -0.00893215)
(0.05 -0.00997996 -0.00893215)
(0.052 -0.00997996 -0.00893215)
(0.054 -0.00997996 -0.00893215)
(0.056 -0.00997996 -0.00893215)
(0.058 -0.00997996 -0.00893215)
(0.06 -0.00997996 -0.00893215)
(0.062 -0.00997996 -0.00893215)
(0.064 -0.00997996 -0.00893215)
(0.04 -0.0069054 -0.0069593)
(0.042 -0.0069054 -0.0069593)
(0.044 -0.0069054 -0.0069593)
(0.046 -0.0069054 -0.0069593)
(0.048 -0.0069054 -0.0069593)
(0.05 -0.0069054 -0.0069593)
(0.052 -0.0069054 -0.0069593)
(0.054 -0.0069054 -0.0069593)
(0.056 -0.0069054 -0.0069593)
(0.058 -0.0069054 -0.0069593)
(0.06 -0.0069054 -0.0069593)
(0.062 -0.0069054 -0.0069593)
(0.064 -0.0069054 -0.0069593)
(0.04 -0.00373299 -0.00487749)
(0.042 -0.00373299 -0.00487749)
(0.044 -0.00373299 -0.00487749)
(0.046 -0.00373299 -0.00487749)
(0.048 -0.00373299 -0.00487749)
(0.05 -0.00373299 -0.00487749)
(0.052 -0.00373299 -0.00487749)
(0.054 -0.00373299 -0.00487749)
(0.056 -0.00373299 -0.00487749)
(0.058 -0.00373299 -0.00487749)
(0.06 -0.00373299 -0.00487749)
(0.062 -0.00373299 -0.00487749)
(0.064 -0.00373299 -0.00487749)
(0.04 -0.000509573 -0.00271697)
(0.042 -0.000509573 -0.00271697)
(0.044 -0.000509573 -0.00271697)
(0.046 -0.000509573 -0.00271697)
(0.048 -0.000509573 -0.00271697)
(0.05 -0.000509573 -0.00271697)
(0.052 -0.000509573 -0.00271697)
(0.054 -0.000509573 -0.00271697)
(0.056 -0.000509573 -0.00271697)
(0.058 -0.000509573 -0.00271697)
(0.06 -0.000509573 -0.00271697)
(0.062 -0.000509573 -0.00271697)
(0.064 -0.000509573 -0.00271697)
(0.04 0.00271697 -0.000509573)
(0.042 0.00271697 -0.000509573)
(0.044 0.00271697 -0.000509573)
(0.046 0.00271697 -0.000509573)
(0.048 0.00271697 -0.000509573)
(0.05 0.00271697 -0.000509573)
(0.052 0.00271697 -0.000509573)
(0.054 0.00271697 -0.000509573)
(0.056 0.00271697 -0.000509573)
(0.058 0.00271697 -0.000509573)
(0.06 0.00271697 -0.000509573)
(0.062 0.00271697 -0.000509573)
(0.064 0.00271697 -0.000509573)
(0.04 0.00589869 0.00171189)
(0.042 0.00589869 0.00171189)
(0.044 0.00589869 0.00171189)
(0.046 0.00589869 0.00171189)
(0.048 0.00589869 0.00171189)
(0.05 0.00589869 0.00171189)
(0.052 0.00589869 0.00171189)
(0.054 0.00589869 0.00171189)
(0.056 0.00589869 0.00171189)
(0.058 0.00589869 0.00171189)
(0.06 0.00589869 0.00171189)
(0.062 0.00589869 0.00171189)
(0.064 0.00589869 0.00171189)
(0.04 0.00898857 0.00391434)
(0.042 0.00898857 0.00391434)
(0.044 0.00898857 0.00391434)
(0.046 0.00898857 0.00391434)
(0.048 0.00898857 0.00391434)
(0.05 0.00898857 0.00391434)
(0.052 0.00898857 0.00391434)
(0.054 0.00898857 0.00391434)
(0.056 0.00898857 0.00391434)
(0.058 0.00898857 0.00391434)
(0.06 0.00898857 0.00391434)
(0.062 0.00898857 0.00391434)
(0.064 0.00898857 0.00391434)
(0.04 0.0119414 0.00606507)
(0.042 0.0119414 0.00606507)
(0.044 0.0119414 0.00606507)
(0.046 0.0119414 0.00606507)
(0.048 0.0119414 0.00606507)
(0.05 0.0119414 0.00606507)
(0.052 0.0119414 0.00606507)
(0.054 0.0119414 0.00606507)
(0.056 0.0119414 0.00606507)
(0.058 0.0119414 0.00606507)
(0.06 0.0119414 0.00606507)
(0.062 0.0119414 0.00606507)
(0.04 0.0147149 0.00813244)
(0.042 0.0147149 0.00813244)
(0.044 0.0147149 0.00813244)
(0.046 0.0147149 0.00813244)
(0.048 0.0147149 0.00813244)
(0.05 0.0147149 0.00813244)
(0.052 0.0147149 0.00813244)
(0.054 0.0147149 0.00813244)
(0.056 0.0147149 0.00813244)
(0.058 0.0147149 0.00813244)
(0.06 0.0147149 0.00813244)
(0.062 0.0147149 0.00813244)
(0.04 0.0172703 0.0100865)
(0.042 0.0172703 0.0100865)
(0.044 0.0172703 0.0100865)
(0.046 0.0172703 0.0100865)
(0.048 0.0172703 0.0100865)
(0.05 0.0172703 0.0100865)
(0.052 0.0172703 0.0100865)
(0.054 0.0172703 0.0100865)
(0.056 0.0172703 0.0100865)
(0.058 0.0172703 0.0100865)
(0.06 0.0172703 0.0100865)
(0.062 0.0172703 0.0100865)
(0.04 -0.00898857 -0.00391434)
(0.042 -0.00898857 -0.00391434)
(0.044 -0.00898857 -0.00391434)
(0.046 -0.00898857 -0.00391434)
(0.048 -0.00898857 -0.00391434)
(0.05 -0.00898857 -0.00391434)
(0.052 -0.00898857 -0.00391434)
(0.054 -0.00898857 -0.00391434)
(0.056 -0.00898857 -0.00391434)
(0.058 -0.00898857 -0.00391434)
(0.06 -0.00898857 -0.00391434)
(0.062 -0.00898857 -0.00391434)
(0.064 -0.00898857 -0.00391434)
(0.04 -0.00589869 -0.00171189)
(0.042 -0.00589869 -0.00171189)
(0.044 -0.00589869 -0.00171189)
(0.046 -0.00589869 -0.00171189)
(0.048 -0.00589869 -0.00171189)
(0.05 -0.00589869 -0.00171189)
(0.052 -0.00589869 -0.00171189)
(0.054 -0.00589869 -0.00171189)
(0.056 -0.00589869 -0.00171189)
(0.058 -0.00589869 -0.00171189)
(0.06 -0.00589869 -0.00171189)
(0.062 -0.00589869 -0.00171189)
(0.064 -0.00589869 -0.00171189)
(0.04 -0.00271697 0.000509573)
(0.042 -0.00271697 0.000509573)
(0.044 -0.00271697 0.000509573)
(0.046 -0.00271697 0.000509573)
(0.048 -0.00271697 0.000509573)
(0.05 -0.00271697 0.000509573)
(0.052 -0.00271697 0.000509573)
(0.054 -0.00271697 0.000509573)
(0.056 -0.00271697 0.000509573)
(0.058 -0.00271697 0.000509573)
(0.06 -0.00271697 0.000509573)
(0.062 -0.00271697 0.000509573)
(0.064 -0.00271697 0.000509573)
(0.04 0.000509573 0.00271697)
(0.042 0.000509573 0.00271697)
(0.044 0.000509573 0.00271697)
(0.046 0.000509573 0.00271697)
(0.048 0.000509573 0.00271697)
(0.05 0.000509573 0.00271697)
(0.052 0.000509573 0.00271697)
(0.054 0.000509573 0.00271697)
(0.056 0.000509573 0.00271697)
(0.058 0.000509573 0.00271697)
(0.06 0.000509573 0.00271697)
(0.062 0.000509573 0.00271697)
(0.064 0.000509573 0.00271697)
(0.04 0.00373299 0.00487749)
(0.042 0.00373299 0.00487749)
(0.044 0.00373299 0.00487749)
(0.046 0.00373299 0.00487749)
(0.048 0.00373299 0.00487749)
(0.05 0.00373299 0.00487749)
(0.052 0.00373299 0.00487749)
(0.054 0.00373299 0.00487749)
(0.056 0.00373299 0.00487749)
(0.058 0.00373299 0.00487749)
(0.06 0.00373299 0.00487749)
(0.062 0.00373299 0.00487749)
(0.064 0.00373299 0.00487749)
(0.04 0.0069054 0.0069593)
(0.042 0.0069054 0.0069593)
(0.044 0.0069054 0.0069593)
(0.046 0.0069054 0.0069593)
(0.048 0.0069054 0.0069593)
(0.05 0.0069054 0.0069593)
(0.052 0.0069054 0.0069593)
(0.054 0.0069054 0.0069593)
(0.056 0.0069054 0.0069593)
(0.058 0.0069054 0.0069593)
(0.06 0.0069054 0.0069593)
(0.062 0.0069054 0.0069593)
(0.064 0.0069054 0.0069593)
(0.04 0.00997996 0.00893215)
(0.042 0.00997996 0.00893215)
(0.044 0.00997996 0.00893215)
(0.046 0.00997996 0.00893215)
(0.048 0.00997996 0.00893215)
(0.05 0.00997996 0.00893215)
(0.052 0.00997996 0.00893215)
(0.054 0.00997996 0.00893215)
(0.056 0.00997996 0.00893215)
(0.058 0.00997996 0.00893215)
(0.06 0.00997996 0.00893215)
(0.062 0.00997996 0.00893215)
(0.04 0.0129118 0.010768)
(0.042 0.0129118 0.010768)
(0.044 0.0129118 0.010768)
(0.046 0.0129118 0.010768)
(0.048 0.0129118 0.010768)
(0.05 0.0129118 0.010768)
(0.052 0.0129118 0.010768)
(0.054 0.0129118 0.010768)
(0.056 0.0129118 0.010768)
(0.058 0.0129118 0.010768)
(0.06 0.0129118 0.010768)
(0.062 0.0129118 0.010768)
(0.04 0.015659 0.0124417)
(0.042 0.015659 0.0124417)
(0.044 0.015659 0.0124417)
(0.046 0.015659 0.0124417)
(0.048 0.015659 0.0124417)
(0.05 0.015659 0.0124417)
(0.052 0.015659 0.0124417)
(0.054 0.015659 0.0124417)
(0.056 0.015659 0.0124417)
(0.058 0.015659 0.0124417)
(0.06 0.015659 0.0124417)
(0.062 0.015659 0.0124417)
)


// ************************************************************************* //
