/*--------------------------------*- C++ -*----------------------------------*\
| =========                 |                                                 |
| \\      /  F ield         | OpenFOAM: The Open Source CFD Toolbox           |
|  \\    /   O peration     | Version:  2212                                  |
|   \\  /    A nd           | Website:  www.openfoam.com                      |
|    \\/     M anipulation  |                                                 |
\*---------------------------------------------------------------------------*/
FoamFile
{
    version     2.0;
    format      ascii;
    arch        "LSB;label=32;scalar=64";
    class       vectorField;
    location    "2.15/polyMesh";
    object      points;
}
// * * * * * * * * * * * * * * * * * * * * * * * * * * * * * * * * * * * * * //


972
(
(0.064 0.0174763 0.00972519)
(0.066 0.0174763 0.00972519)
(0.068 0.0174763 0.00972519)
(0.07 0.0174763 0.00972519)
(0.072 0.0174763 0.00972519)
(0.074 0.0174763 0.00972519)
(0.076 0.0174763 0.00972519)
(0.078 0.0174763 0.00972519)
(0.08 0.0174763 0.00972519)
(0.082 0.0174763 0.00972519)
(0.084 0.0174763 0.00972519)
(0.086 0.0174763 0.00972519)
(0.064 0.0159144 0.0121133)
(0.066 0.0159144 0.0121133)
(0.068 0.0159144 0.0121133)
(0.07 0.0159144 0.0121133)
(0.072 0.0159144 0.0121133)
(0.074 0.0159144 0.0121133)
(0.076 0.0159144 0.0121133)
(0.078 0.0159144 0.0121133)
(0.08 0.0159144 0.0121133)
(0.082 0.0159144 0.0121133)
(0.084 0.0159144 0.0121133)
(0.086 0.0159144 0.0121133)
(0.064 0.0140285 0.0142549)
(0.066 0.0140285 0.0142549)
(0.068 0.0140285 0.0142549)
(0.07 0.0140285 0.0142549)
(0.072 0.0140285 0.0142549)
(0.074 0.0140285 0.0142549)
(0.076 0.0140285 0.0142549)
(0.078 0.0140285 0.0142549)
(0.08 0.0140285 0.0142549)
(0.082 0.0140285 0.0142549)
(0.084 0.0140285 0.0142549)
(0.086 0.0140285 0.0142549)
(0.062 0.011857 0.0161063)
(0.064 0.011857 0.0161063)
(0.066 0.011857 0.0161063)
(0.068 0.011857 0.0161063)
(0.07 0.011857 0.0161063)
(0.072 0.011857 0.0161063)
(0.074 0.011857 0.0161063)
(0.076 0.011857 0.0161063)
(0.078 0.011857 0.0161063)
(0.08 0.011857 0.0161063)
(0.082 0.011857 0.0161063)
(0.084 0.011857 0.0161063)
(0.086 0.011857 0.0161063)
(0.062 0.00944416 0.0176297)
(0.064 0.00944416 0.0176297)
(0.066 0.00944416 0.0176297)
(0.068 0.00944416 0.0176297)
(0.07 0.00944416 0.0176297)
(0.072 0.00944416 0.0176297)
(0.074 0.00944416 0.0176297)
(0.076 0.00944416 0.0176297)
(0.078 0.00944416 0.0176297)
(0.08 0.00944416 0.0176297)
(0.082 0.00944416 0.0176297)
(0.084 0.00944416 0.0176297)
(0.086 0.00944416 0.0176297)
(0.062 0.00683906 0.0187943)
(0.064 0.00683906 0.0187943)
(0.066 0.00683906 0.0187943)
(0.068 0.00683906 0.0187943)
(0.07 0.00683906 0.0187943)
(0.072 0.00683906 0.0187943)
(0.074 0.00683906 0.0187943)
(0.076 0.00683906 0.0187943)
(0.078 0.00683906 0.0187943)
(0.08 0.00683906 0.0187943)
(0.082 0.00683906 0.0187943)
(0.084 0.00683906 0.0187943)
(0.086 0.00683906 0.0187943)
(0.062 0.00409473 0.0195763)
(0.064 0.00409473 0.0195763)
(0.066 0.00409473 0.0195763)
(0.068 0.00409473 0.0195763)
(0.07 0.00409473 0.0195763)
(0.072 0.00409473 0.0195763)
(0.074 0.00409473 0.0195763)
(0.076 0.00409473 0.0195763)
(0.078 0.00409473 0.0195763)
(0.08 0.00409473 0.0195763)
(0.082 0.00409473 0.0195763)
(0.084 0.00409473 0.0195763)
(0.086 0.00409473 0.0195763)
(0.064 0.0148808 0.00782469)
(0.066 0.0148808 0.00782469)
(0.068 0.0148808 0.00782469)
(0.07 0.0148808 0.00782469)
(0.072 0.0148808 0.00782469)
(0.074 0.0148808 0.00782469)
(0.076 0.0148808 0.00782469)
(0.078 0.0148808 0.00782469)
(0.08 0.0148808 0.00782469)
(0.082 0.0148808 0.00782469)
(0.084 0.0148808 0.00782469)
(0.086 0.0148808 0.00782469)
(0.064 0.0131329 0.0104972)
(0.066 0.0131329 0.0104972)
(0.068 0.0131329 0.0104972)
(0.07 0.0131329 0.0104972)
(0.072 0.0131329 0.0104972)
(0.074 0.0131329 0.0104972)
(0.076 0.0131329 0.0104972)
(0.078 0.0131329 0.0104972)
(0.08 0.0131329 0.0104972)
(0.082 0.0131329 0.0104972)
(0.084 0.0131329 0.0104972)
(0.086 0.0131329 0.0104972)
(0.064 0.0111229 0.0129635)
(0.066 0.0111229 0.0129635)
(0.068 0.0111229 0.0129635)
(0.07 0.0111229 0.0129635)
(0.072 0.0111229 0.0129635)
(0.074 0.0111229 0.0129635)
(0.076 0.0111229 0.0129635)
(0.078 0.0111229 0.0129635)
(0.08 0.0111229 0.0129635)
(0.082 0.0111229 0.0129635)
(0.084 0.0111229 0.0129635)
(0.086 0.0111229 0.0129635)
(0.062 0.00888776 0.0151792)
(0.064 0.00888776 0.0151792)
(0.066 0.00888776 0.0151792)
(0.068 0.00888776 0.0151792)
(0.07 0.00888776 0.0151792)
(0.072 0.00888776 0.0151792)
(0.074 0.00888776 0.0151792)
(0.076 0.00888776 0.0151792)
(0.078 0.00888776 0.0151792)
(0.08 0.00888776 0.0151792)
(0.082 0.00888776 0.0151792)
(0.084 0.00888776 0.0151792)
(0.086 0.00888776 0.0151792)
(0.062 0.00646932 0.017105)
(0.064 0.00646932 0.017105)
(0.066 0.00646932 0.017105)
(0.068 0.00646932 0.017105)
(0.07 0.00646932 0.017105)
(0.072 0.00646932 0.017105)
(0.074 0.00646932 0.017105)
(0.076 0.00646932 0.017105)
(0.078 0.00646932 0.017105)
(0.08 0.00646932 0.017105)
(0.082 0.00646932 0.017105)
(0.084 0.00646932 0.017105)
(0.086 0.00646932 0.017105)
(0.062 0.003913 0.0187075)
(0.064 0.003913 0.0187075)
(0.066 0.003913 0.0187075)
(0.068 0.003913 0.0187075)
(0.07 0.003913 0.0187075)
(0.072 0.003913 0.0187075)
(0.074 0.003913 0.0187075)
(0.076 0.003913 0.0187075)
(0.078 0.003913 0.0187075)
(0.08 0.003913 0.0187075)
(0.082 0.003913 0.0187075)
(0.084 0.003913 0.0187075)
(0.086 0.003913 0.0187075)
(0.062 0.00126705 0.0199598)
(0.064 0.00126705 0.0199598)
(0.066 0.00126705 0.0199598)
(0.068 0.00126705 0.0199598)
(0.07 0.00126705 0.0199598)
(0.072 0.00126705 0.0199598)
(0.074 0.00126705 0.0199598)
(0.076 0.00126705 0.0199598)
(0.078 0.00126705 0.0199598)
(0.08 0.00126705 0.0199598)
(0.082 0.00126705 0.0199598)
(0.084 0.00126705 0.0199598)
(0.086 0.00126705 0.0199598)
(0.064 0.012065 0.00581544)
(0.066 0.012065 0.00581544)
(0.068 0.012065 0.00581544)
(0.07 0.012065 0.00581544)
(0.072 0.012065 0.00581544)
(0.074 0.012065 0.00581544)
(0.076 0.012065 0.00581544)
(0.078 0.012065 0.00581544)
(0.08 0.012065 0.00581544)
(0.082 0.012065 0.00581544)
(0.084 0.012065 0.00581544)
(0.086 0.012065 0.00581544)
(0.064 0.0101635 0.00872269)
(0.066 0.0101635 0.00872269)
(0.068 0.0101635 0.00872269)
(0.07 0.0101635 0.00872269)
(0.072 0.0101635 0.00872269)
(0.074 0.0101635 0.00872269)
(0.076 0.0101635 0.00872269)
(0.078 0.0101635 0.00872269)
(0.08 0.0101635 0.00872269)
(0.082 0.0101635 0.00872269)
(0.084 0.0101635 0.00872269)
(0.086 0.0101635 0.00872269)
(0.064 0.00806173 0.0114642)
(0.066 0.00806173 0.0114642)
(0.068 0.00806173 0.0114642)
(0.07 0.00806173 0.0114642)
(0.072 0.00806173 0.0114642)
(0.074 0.00806173 0.0114642)
(0.076 0.00806173 0.0114642)
(0.078 0.00806173 0.0114642)
(0.08 0.00806173 0.0114642)
(0.082 0.00806173 0.0114642)
(0.084 0.00806173 0.0114642)
(0.086 0.00806173 0.0114642)
(0.062 0.00579541 0.0139946)
(0.064 0.00579541 0.0139946)
(0.066 0.00579541 0.0139946)
(0.068 0.00579541 0.0139946)
(0.07 0.00579541 0.0139946)
(0.072 0.00579541 0.0139946)
(0.074 0.00579541 0.0139946)
(0.076 0.00579541 0.0139946)
(0.078 0.00579541 0.0139946)
(0.08 0.00579541 0.0139946)
(0.082 0.00579541 0.0139946)
(0.084 0.00579541 0.0139946)
(0.086 0.00579541 0.0139946)
(0.062 0.00340382 0.0162732)
(0.064 0.00340382 0.0162732)
(0.066 0.00340382 0.0162732)
(0.068 0.00340382 0.0162732)
(0.07 0.00340382 0.0162732)
(0.072 0.00340382 0.0162732)
(0.074 0.00340382 0.0162732)
(0.076 0.00340382 0.0162732)
(0.078 0.00340382 0.0162732)
(0.08 0.00340382 0.0162732)
(0.082 0.00340382 0.0162732)
(0.084 0.00340382 0.0162732)
(0.086 0.00340382 0.0162732)
(0.062 0.00092871 0.0182639)
(0.064 0.00092871 0.0182639)
(0.066 0.00092871 0.0182639)
(0.068 0.00092871 0.0182639)
(0.07 0.00092871 0.0182639)
(0.072 0.00092871 0.0182639)
(0.074 0.00092871 0.0182639)
(0.076 0.00092871 0.0182639)
(0.078 0.00092871 0.0182639)
(0.08 0.00092871 0.0182639)
(0.082 0.00092871 0.0182639)
(0.084 0.00092871 0.0182639)
(0.086 0.00092871 0.0182639)
(0.062 -0.00158643 0.019937)
(0.064 -0.00158643 0.019937)
(0.066 -0.00158643 0.019937)
(0.068 -0.00158643 0.019937)
(0.07 -0.00158643 0.019937)
(0.072 -0.00158643 0.019937)
(0.074 -0.00158643 0.019937)
(0.076 -0.00158643 0.019937)
(0.078 -0.00158643 0.019937)
(0.08 -0.00158643 0.019937)
(0.082 -0.00158643 0.019937)
(0.084 -0.00158643 0.019937)
(0.086 -0.00158643 0.019937)
(0.064 0.00906802 0.00372658)
(0.066 0.00906802 0.00372658)
(0.068 0.00906802 0.00372658)
(0.07 0.00906802 0.00372658)
(0.072 0.00906802 0.00372658)
(0.074 0.00906802 0.00372658)
(0.076 0.00906802 0.00372658)
(0.078 0.00906802 0.00372658)
(0.08 0.00906802 0.00372658)
(0.082 0.00906802 0.00372658)
(0.084 0.00906802 0.00372658)
(0.086 0.00906802 0.00372658)
(0.064 0.00704862 0.0068142)
(0.066 0.00704862 0.0068142)
(0.068 0.00704862 0.0068142)
(0.07 0.00704862 0.0068142)
(0.072 0.00704862 0.0068142)
(0.074 0.00704862 0.0068142)
(0.076 0.00704862 0.0068142)
(0.078 0.00704862 0.0068142)
(0.08 0.00704862 0.0068142)
(0.082 0.00704862 0.0068142)
(0.084 0.00704862 0.0068142)
(0.086 0.00704862 0.0068142)
(0.064 0.00489063 0.00977648)
(0.066 0.00489063 0.00977648)
(0.068 0.00489063 0.00977648)
(0.07 0.00489063 0.00977648)
(0.072 0.00489063 0.00977648)
(0.074 0.00489063 0.00977648)
(0.076 0.00489063 0.00977648)
(0.078 0.00489063 0.00977648)
(0.08 0.00489063 0.00977648)
(0.082 0.00489063 0.00977648)
(0.084 0.00489063 0.00977648)
(0.086 0.00489063 0.00977648)
(0.062 0.00262868 0.0125673)
(0.064 0.00262868 0.0125673)
(0.066 0.00262868 0.0125673)
(0.068 0.00262868 0.0125673)
(0.07 0.00262868 0.0125673)
(0.072 0.00262868 0.0125673)
(0.074 0.00262868 0.0125673)
(0.076 0.00262868 0.0125673)
(0.078 0.00262868 0.0125673)
(0.08 0.00262868 0.0125673)
(0.082 0.00262868 0.0125673)
(0.084 0.00262868 0.0125673)
(0.086 0.00262868 0.0125673)
(0.062 0.000299482 0.0151442)
(0.064 0.000299482 0.0151442)
(0.066 0.000299482 0.0151442)
(0.068 0.000299482 0.0151442)
(0.07 0.000299482 0.0151442)
(0.072 0.000299482 0.0151442)
(0.074 0.000299482 0.0151442)
(0.076 0.000299482 0.0151442)
(0.078 0.000299482 0.0151442)
(0.08 0.000299482 0.0151442)
(0.082 0.000299482 0.0151442)
(0.084 0.000299482 0.0151442)
(0.086 0.000299482 0.0151442)
(0.062 -0.00205884 0.0174689)
(0.064 -0.00205884 0.0174689)
(0.066 -0.00205884 0.0174689)
(0.068 -0.00205884 0.0174689)
(0.07 -0.00205884 0.0174689)
(0.072 -0.00205884 0.0174689)
(0.074 -0.00205884 0.0174689)
(0.076 -0.00205884 0.0174689)
(0.078 -0.00205884 0.0174689)
(0.08 -0.00205884 0.0174689)
(0.082 -0.00205884 0.0174689)
(0.084 -0.00205884 0.0174689)
(0.086 -0.00205884 0.0174689)
(0.062 -0.00440761 0.0195083)
(0.064 -0.00440761 0.0195083)
(0.066 -0.00440761 0.0195083)
(0.068 -0.00440761 0.0195083)
(0.07 -0.00440761 0.0195083)
(0.072 -0.00440761 0.0195083)
(0.074 -0.00440761 0.0195083)
(0.076 -0.00440761 0.0195083)
(0.078 -0.00440761 0.0195083)
(0.08 -0.00440761 0.0195083)
(0.082 -0.00440761 0.0195083)
(0.084 -0.00440761 0.0195083)
(0.086 -0.00440761 0.0195083)
(0.064 0.00593301 0.00158886)
(0.066 0.00593301 0.00158886)
(0.068 0.00593301 0.00158886)
(0.07 0.00593301 0.00158886)
(0.072 0.00593301 0.00158886)
(0.074 0.00593301 0.00158886)
(0.076 0.00593301 0.00158886)
(0.078 0.00593301 0.00158886)
(0.08 0.00593301 0.00158886)
(0.082 0.00593301 0.00158886)
(0.084 0.00593301 0.00158886)
(0.086 0.00593301 0.00158886)
(0.064 0.00383361 0.00479881)
(0.066 0.00383361 0.00479881)
(0.068 0.00383361 0.00479881)
(0.07 0.00383361 0.00479881)
(0.072 0.00383361 0.00479881)
(0.074 0.00383361 0.00479881)
(0.076 0.00383361 0.00479881)
(0.078 0.00383361 0.00479881)
(0.08 0.00383361 0.00479881)
(0.082 0.00383361 0.00479881)
(0.084 0.00383361 0.00479881)
(0.086 0.00383361 0.00479881)
(0.064 0.00165741 0.00792383)
(0.066 0.00165741 0.00792383)
(0.068 0.00165741 0.00792383)
(0.07 0.00165741 0.00792383)
(0.072 0.00165741 0.00792383)
(0.074 0.00165741 0.00792383)
(0.076 0.00165741 0.00792383)
(0.078 0.00165741 0.00792383)
(0.08 0.00165741 0.00792383)
(0.082 0.00165741 0.00792383)
(0.084 0.00165741 0.00792383)
(0.086 0.00165741 0.00792383)
(0.062 -0.000562228 0.010917)
(0.064 -0.000562228 0.010917)
(0.066 -0.000562228 0.010917)
(0.068 -0.000562228 0.010917)
(0.07 -0.000562228 0.010917)
(0.072 -0.000562228 0.010917)
(0.074 -0.000562228 0.010917)
(0.076 -0.000562228 0.010917)
(0.078 -0.000562228 0.010917)
(0.08 -0.000562228 0.010917)
(0.082 -0.000562228 0.010917)
(0.084 -0.000562228 0.010917)
(0.086 -0.000562228 0.010917)
(0.062 -0.00279105 0.0137342)
(0.064 -0.00279105 0.0137342)
(0.066 -0.00279105 0.0137342)
(0.068 -0.00279105 0.0137342)
(0.07 -0.00279105 0.0137342)
(0.072 -0.00279105 0.0137342)
(0.074 -0.00279105 0.0137342)
(0.076 -0.00279105 0.0137342)
(0.078 -0.00279105 0.0137342)
(0.08 -0.00279105 0.0137342)
(0.082 -0.00279105 0.0137342)
(0.084 -0.00279105 0.0137342)
(0.086 -0.00279105 0.0137342)
(0.062 -0.00499464 0.0163348)
(0.064 -0.00499464 0.0163348)
(0.066 -0.00499464 0.0163348)
(0.068 -0.00499464 0.0163348)
(0.07 -0.00499464 0.0163348)
(0.072 -0.00499464 0.0163348)
(0.074 -0.00499464 0.0163348)
(0.076 -0.00499464 0.0163348)
(0.078 -0.00499464 0.0163348)
(0.08 -0.00499464 0.0163348)
(0.082 -0.00499464 0.0163348)
(0.084 -0.00499464 0.0163348)
(0.086 -0.00499464 0.0163348)
(0.062 -0.00713906 0.0186824)
(0.064 -0.00713906 0.0186824)
(0.066 -0.00713906 0.0186824)
(0.068 -0.00713906 0.0186824)
(0.07 -0.00713906 0.0186824)
(0.072 -0.00713906 0.0186824)
(0.074 -0.00713906 0.0186824)
(0.076 -0.00713906 0.0186824)
(0.078 -0.00713906 0.0186824)
(0.08 -0.00713906 0.0186824)
(0.082 -0.00713906 0.0186824)
(0.084 -0.00713906 0.0186824)
(0.086 -0.00713906 0.0186824)
(0.064 0.000565962 0.00270578)
(0.066 0.000565962 0.00270578)
(0.068 0.000565962 0.00270578)
(0.07 0.000565962 0.00270578)
(0.072 0.000565962 0.00270578)
(0.074 0.000565962 0.00270578)
(0.076 0.000565962 0.00270578)
(0.078 0.000565962 0.00270578)
(0.08 0.000565962 0.00270578)
(0.082 0.000565962 0.00270578)
(0.084 0.000565962 0.00270578)
(0.086 0.000565962 0.00270578)
(0.064 -0.00158886 0.00593301)
(0.066 -0.00158886 0.00593301)
(0.068 -0.00158886 0.00593301)
(0.07 -0.00158886 0.00593301)
(0.072 -0.00158886 0.00593301)
(0.074 -0.00158886 0.00593301)
(0.076 -0.00158886 0.00593301)
(0.078 -0.00158886 0.00593301)
(0.08 -0.00158886 0.00593301)
(0.082 -0.00158886 0.00593301)
(0.084 -0.00158886 0.00593301)
(0.086 -0.00158886 0.00593301)
(0.062 -0.00372658 0.00906802)
(0.064 -0.00372658 0.00906802)
(0.066 -0.00372658 0.00906802)
(0.068 -0.00372658 0.00906802)
(0.07 -0.00372658 0.00906802)
(0.072 -0.00372658 0.00906802)
(0.074 -0.00372658 0.00906802)
(0.076 -0.00372658 0.00906802)
(0.078 -0.00372658 0.00906802)
(0.08 -0.00372658 0.00906802)
(0.082 -0.00372658 0.00906802)
(0.084 -0.00372658 0.00906802)
(0.086 -0.00372658 0.00906802)
(0.062 -0.00581544 0.012065)
(0.064 -0.00581544 0.012065)
(0.066 -0.00581544 0.012065)
(0.068 -0.00581544 0.012065)
(0.07 -0.00581544 0.012065)
(0.072 -0.00581544 0.012065)
(0.074 -0.00581544 0.012065)
(0.076 -0.00581544 0.012065)
(0.078 -0.00581544 0.012065)
(0.08 -0.00581544 0.012065)
(0.082 -0.00581544 0.012065)
(0.084 -0.00581544 0.012065)
(0.086 -0.00581544 0.012065)
(0.062 -0.00782469 0.0148808)
(0.064 -0.00782469 0.0148808)
(0.066 -0.00782469 0.0148808)
(0.068 -0.00782469 0.0148808)
(0.07 -0.00782469 0.0148808)
(0.072 -0.00782469 0.0148808)
(0.074 -0.00782469 0.0148808)
(0.076 -0.00782469 0.0148808)
(0.078 -0.00782469 0.0148808)
(0.08 -0.00782469 0.0148808)
(0.082 -0.00782469 0.0148808)
(0.084 -0.00782469 0.0148808)
(0.086 -0.00782469 0.0148808)
(0.062 -0.00972519 0.0174763)
(0.064 -0.00972519 0.0174763)
(0.066 -0.00972519 0.0174763)
(0.068 -0.00972519 0.0174763)
(0.07 -0.00972519 0.0174763)
(0.072 -0.00972519 0.0174763)
(0.074 -0.00972519 0.0174763)
(0.076 -0.00972519 0.0174763)
(0.078 -0.00972519 0.0174763)
(0.08 -0.00972519 0.0174763)
(0.082 -0.00972519 0.0174763)
(0.084 -0.00972519 0.0174763)
(0.086 -0.00972519 0.0174763)
(0.064 -0.00270578 0.000565962)
(0.066 -0.00270578 0.000565962)
(0.068 -0.00270578 0.000565962)
(0.07 -0.00270578 0.000565962)
(0.072 -0.00270578 0.000565962)
(0.074 -0.00270578 0.000565962)
(0.076 -0.00270578 0.000565962)
(0.078 -0.00270578 0.000565962)
(0.08 -0.00270578 0.000565962)
(0.082 -0.00270578 0.000565962)
(0.084 -0.00270578 0.000565962)
(0.086 -0.00270578 0.000565962)
(0.064 -0.00479881 0.00383361)
(0.066 -0.00479881 0.00383361)
(0.068 -0.00479881 0.00383361)
(0.07 -0.00479881 0.00383361)
(0.072 -0.00479881 0.00383361)
(0.074 -0.00479881 0.00383361)
(0.076 -0.00479881 0.00383361)
(0.078 -0.00479881 0.00383361)
(0.08 -0.00479881 0.00383361)
(0.082 -0.00479881 0.00383361)
(0.084 -0.00479881 0.00383361)
(0.086 -0.00479881 0.00383361)
(0.062 -0.0068142 0.00704862)
(0.064 -0.0068142 0.00704862)
(0.066 -0.0068142 0.00704862)
(0.068 -0.0068142 0.00704862)
(0.07 -0.0068142 0.00704862)
(0.072 -0.0068142 0.00704862)
(0.074 -0.0068142 0.00704862)
(0.076 -0.0068142 0.00704862)
(0.078 -0.0068142 0.00704862)
(0.08 -0.0068142 0.00704862)
(0.082 -0.0068142 0.00704862)
(0.084 -0.0068142 0.00704862)
(0.086 -0.0068142 0.00704862)
(0.062 -0.00872269 0.0101635)
(0.064 -0.00872269 0.0101635)
(0.066 -0.00872269 0.0101635)
(0.068 -0.00872269 0.0101635)
(0.07 -0.00872269 0.0101635)
(0.072 -0.00872269 0.0101635)
(0.074 -0.00872269 0.0101635)
(0.076 -0.00872269 0.0101635)
(0.078 -0.00872269 0.0101635)
(0.08 -0.00872269 0.0101635)
(0.082 -0.00872269 0.0101635)
(0.084 -0.00872269 0.0101635)
(0.086 -0.00872269 0.0101635)
(0.062 -0.0104972 0.0131329)
(0.064 -0.0104972 0.0131329)
(0.066 -0.0104972 0.0131329)
(0.068 -0.0104972 0.0131329)
(0.07 -0.0104972 0.0131329)
(0.072 -0.0104972 0.0131329)
(0.074 -0.0104972 0.0131329)
(0.076 -0.0104972 0.0131329)
(0.078 -0.0104972 0.0131329)
(0.08 -0.0104972 0.0131329)
(0.082 -0.0104972 0.0131329)
(0.084 -0.0104972 0.0131329)
(0.086 -0.0104972 0.0131329)
(0.062 -0.0121133 0.0159144)
(0.064 -0.0121133 0.0159144)
(0.066 -0.0121133 0.0159144)
(0.068 -0.0121133 0.0159144)
(0.07 -0.0121133 0.0159144)
(0.072 -0.0121133 0.0159144)
(0.074 -0.0121133 0.0159144)
(0.076 -0.0121133 0.0159144)
(0.078 -0.0121133 0.0159144)
(0.08 -0.0121133 0.0159144)
(0.082 -0.0121133 0.0159144)
(0.084 -0.0121133 0.0159144)
(0.086 -0.0121133 0.0159144)
(0.064 -0.00593301 -0.00158886)
(0.066 -0.00593301 -0.00158886)
(0.068 -0.00593301 -0.00158886)
(0.07 -0.00593301 -0.00158886)
(0.072 -0.00593301 -0.00158886)
(0.074 -0.00593301 -0.00158886)
(0.076 -0.00593301 -0.00158886)
(0.078 -0.00593301 -0.00158886)
(0.08 -0.00593301 -0.00158886)
(0.082 -0.00593301 -0.00158886)
(0.084 -0.00593301 -0.00158886)
(0.086 -0.00593301 -0.00158886)
(0.064 -0.00792383 0.00165741)
(0.066 -0.00792383 0.00165741)
(0.068 -0.00792383 0.00165741)
(0.07 -0.00792383 0.00165741)
(0.072 -0.00792383 0.00165741)
(0.074 -0.00792383 0.00165741)
(0.076 -0.00792383 0.00165741)
(0.078 -0.00792383 0.00165741)
(0.08 -0.00792383 0.00165741)
(0.082 -0.00792383 0.00165741)
(0.084 -0.00792383 0.00165741)
(0.086 -0.00792383 0.00165741)
(0.062 -0.00977648 0.00489063)
(0.064 -0.00977648 0.00489063)
(0.066 -0.00977648 0.00489063)
(0.068 -0.00977648 0.00489063)
(0.07 -0.00977648 0.00489063)
(0.072 -0.00977648 0.00489063)
(0.074 -0.00977648 0.00489063)
(0.076 -0.00977648 0.00489063)
(0.078 -0.00977648 0.00489063)
(0.08 -0.00977648 0.00489063)
(0.082 -0.00977648 0.00489063)
(0.084 -0.00977648 0.00489063)
(0.086 -0.00977648 0.00489063)
(0.062 -0.0114642 0.00806173)
(0.064 -0.0114642 0.00806173)
(0.066 -0.0114642 0.00806173)
(0.068 -0.0114642 0.00806173)
(0.07 -0.0114642 0.00806173)
(0.072 -0.0114642 0.00806173)
(0.074 -0.0114642 0.00806173)
(0.076 -0.0114642 0.00806173)
(0.078 -0.0114642 0.00806173)
(0.08 -0.0114642 0.00806173)
(0.082 -0.0114642 0.00806173)
(0.084 -0.0114642 0.00806173)
(0.086 -0.0114642 0.00806173)
(0.062 -0.0129635 0.0111229)
(0.064 -0.0129635 0.0111229)
(0.066 -0.0129635 0.0111229)
(0.068 -0.0129635 0.0111229)
(0.07 -0.0129635 0.0111229)
(0.072 -0.0129635 0.0111229)
(0.074 -0.0129635 0.0111229)
(0.076 -0.0129635 0.0111229)
(0.078 -0.0129635 0.0111229)
(0.08 -0.0129635 0.0111229)
(0.082 -0.0129635 0.0111229)
(0.084 -0.0129635 0.0111229)
(0.086 -0.0129635 0.0111229)
(0.062 -0.0142549 0.0140285)
(0.064 -0.0142549 0.0140285)
(0.066 -0.0142549 0.0140285)
(0.068 -0.0142549 0.0140285)
(0.07 -0.0142549 0.0140285)
(0.072 -0.0142549 0.0140285)
(0.074 -0.0142549 0.0140285)
(0.076 -0.0142549 0.0140285)
(0.078 -0.0142549 0.0140285)
(0.08 -0.0142549 0.0140285)
(0.082 -0.0142549 0.0140285)
(0.084 -0.0142549 0.0140285)
(0.086 -0.0142549 0.0140285)
(0.064 -0.00906802 -0.00372658)
(0.066 -0.00906802 -0.00372658)
(0.068 -0.00906802 -0.00372658)
(0.07 -0.00906802 -0.00372658)
(0.072 -0.00906802 -0.00372658)
(0.074 -0.00906802 -0.00372658)
(0.076 -0.00906802 -0.00372658)
(0.078 -0.00906802 -0.00372658)
(0.08 -0.00906802 -0.00372658)
(0.082 -0.00906802 -0.00372658)
(0.084 -0.00906802 -0.00372658)
(0.086 -0.00906802 -0.00372658)
(0.064 -0.010917 -0.000562228)
(0.066 -0.010917 -0.000562228)
(0.068 -0.010917 -0.000562228)
(0.07 -0.010917 -0.000562228)
(0.072 -0.010917 -0.000562228)
(0.074 -0.010917 -0.000562228)
(0.076 -0.010917 -0.000562228)
(0.078 -0.010917 -0.000562228)
(0.08 -0.010917 -0.000562228)
(0.082 -0.010917 -0.000562228)
(0.084 -0.010917 -0.000562228)
(0.086 -0.010917 -0.000562228)
(0.062 -0.0125673 0.00262868)
(0.064 -0.0125673 0.00262868)
(0.066 -0.0125673 0.00262868)
(0.068 -0.0125673 0.00262868)
(0.07 -0.0125673 0.00262868)
(0.072 -0.0125673 0.00262868)
(0.074 -0.0125673 0.00262868)
(0.076 -0.0125673 0.00262868)
(0.078 -0.0125673 0.00262868)
(0.08 -0.0125673 0.00262868)
(0.082 -0.0125673 0.00262868)
(0.084 -0.0125673 0.00262868)
(0.086 -0.0125673 0.00262868)
(0.062 -0.0139946 0.00579541)
(0.064 -0.0139946 0.00579541)
(0.066 -0.0139946 0.00579541)
(0.068 -0.0139946 0.00579541)
(0.07 -0.0139946 0.00579541)
(0.072 -0.0139946 0.00579541)
(0.074 -0.0139946 0.00579541)
(0.076 -0.0139946 0.00579541)
(0.078 -0.0139946 0.00579541)
(0.08 -0.0139946 0.00579541)
(0.082 -0.0139946 0.00579541)
(0.084 -0.0139946 0.00579541)
(0.086 -0.0139946 0.00579541)
(0.062 -0.0151792 0.00888776)
(0.064 -0.0151792 0.00888776)
(0.066 -0.0151792 0.00888776)
(0.068 -0.0151792 0.00888776)
(0.07 -0.0151792 0.00888776)
(0.072 -0.0151792 0.00888776)
(0.074 -0.0151792 0.00888776)
(0.076 -0.0151792 0.00888776)
(0.078 -0.0151792 0.00888776)
(0.08 -0.0151792 0.00888776)
(0.082 -0.0151792 0.00888776)
(0.084 -0.0151792 0.00888776)
(0.086 -0.0151792 0.00888776)
(0.062 -0.0161063 0.011857)
(0.064 -0.0161063 0.011857)
(0.066 -0.0161063 0.011857)
(0.068 -0.0161063 0.011857)
(0.07 -0.0161063 0.011857)
(0.072 -0.0161063 0.011857)
(0.074 -0.0161063 0.011857)
(0.076 -0.0161063 0.011857)
(0.078 -0.0161063 0.011857)
(0.08 -0.0161063 0.011857)
(0.082 -0.0161063 0.011857)
(0.084 -0.0161063 0.011857)
(0.086 -0.0161063 0.011857)
(0.064 -0.012065 -0.00581544)
(0.066 -0.012065 -0.00581544)
(0.068 -0.012065 -0.00581544)
(0.07 -0.012065 -0.00581544)
(0.072 -0.012065 -0.00581544)
(0.074 -0.012065 -0.00581544)
(0.076 -0.012065 -0.00581544)
(0.078 -0.012065 -0.00581544)
(0.08 -0.012065 -0.00581544)
(0.082 -0.012065 -0.00581544)
(0.084 -0.012065 -0.00581544)
(0.086 -0.012065 -0.00581544)
(0.064 -0.0137342 -0.00279105)
(0.066 -0.0137342 -0.00279105)
(0.068 -0.0137342 -0.00279105)
(0.07 -0.0137342 -0.00279105)
(0.072 -0.0137342 -0.00279105)
(0.074 -0.0137342 -0.00279105)
(0.076 -0.0137342 -0.00279105)
(0.078 -0.0137342 -0.00279105)
(0.08 -0.0137342 -0.00279105)
(0.082 -0.0137342 -0.00279105)
(0.084 -0.0137342 -0.00279105)
(0.086 -0.0137342 -0.00279105)
(0.062 -0.0151442 0.000299482)
(0.064 -0.0151442 0.000299482)
(0.066 -0.0151442 0.000299482)
(0.068 -0.0151442 0.000299482)
(0.07 -0.0151442 0.000299482)
(0.072 -0.0151442 0.000299482)
(0.074 -0.0151442 0.000299482)
(0.076 -0.0151442 0.000299482)
(0.078 -0.0151442 0.000299482)
(0.08 -0.0151442 0.000299482)
(0.082 -0.0151442 0.000299482)
(0.084 -0.0151442 0.000299482)
(0.086 -0.0151442 0.000299482)
(0.062 -0.0162732 0.00340382)
(0.064 -0.0162732 0.00340382)
(0.066 -0.0162732 0.00340382)
(0.068 -0.0162732 0.00340382)
(0.07 -0.0162732 0.00340382)
(0.072 -0.0162732 0.00340382)
(0.074 -0.0162732 0.00340382)
(0.076 -0.0162732 0.00340382)
(0.078 -0.0162732 0.00340382)
(0.08 -0.0162732 0.00340382)
(0.082 -0.0162732 0.00340382)
(0.084 -0.0162732 0.00340382)
(0.086 -0.0162732 0.00340382)
(0.062 -0.017105 0.00646932)
(0.064 -0.017105 0.00646932)
(0.066 -0.017105 0.00646932)
(0.068 -0.017105 0.00646932)
(0.07 -0.017105 0.00646932)
(0.072 -0.017105 0.00646932)
(0.074 -0.017105 0.00646932)
(0.076 -0.017105 0.00646932)
(0.078 -0.017105 0.00646932)
(0.08 -0.017105 0.00646932)
(0.082 -0.017105 0.00646932)
(0.084 -0.017105 0.00646932)
(0.086 -0.017105 0.00646932)
(0.062 -0.0176297 0.00944416)
(0.064 -0.0176297 0.00944416)
(0.066 -0.0176297 0.00944416)
(0.068 -0.0176297 0.00944416)
(0.07 -0.0176297 0.00944416)
(0.072 -0.0176297 0.00944416)
(0.074 -0.0176297 0.00944416)
(0.076 -0.0176297 0.00944416)
(0.078 -0.0176297 0.00944416)
(0.08 -0.0176297 0.00944416)
(0.082 -0.0176297 0.00944416)
(0.084 -0.0176297 0.00944416)
(0.086 -0.0176297 0.00944416)
(0.064 -0.0148808 -0.00782469)
(0.066 -0.0148808 -0.00782469)
(0.068 -0.0148808 -0.00782469)
(0.07 -0.0148808 -0.00782469)
(0.072 -0.0148808 -0.00782469)
(0.074 -0.0148808 -0.00782469)
(0.076 -0.0148808 -0.00782469)
(0.078 -0.0148808 -0.00782469)
(0.08 -0.0148808 -0.00782469)
(0.082 -0.0148808 -0.00782469)
(0.084 -0.0148808 -0.00782469)
(0.086 -0.0148808 -0.00782469)
(0.064 -0.0163348 -0.00499464)
(0.066 -0.0163348 -0.00499464)
(0.068 -0.0163348 -0.00499464)
(0.07 -0.0163348 -0.00499464)
(0.072 -0.0163348 -0.00499464)
(0.074 -0.0163348 -0.00499464)
(0.076 -0.0163348 -0.00499464)
(0.078 -0.0163348 -0.00499464)
(0.08 -0.0163348 -0.00499464)
(0.082 -0.0163348 -0.00499464)
(0.084 -0.0163348 -0.00499464)
(0.086 -0.0163348 -0.00499464)
(0.062 -0.0174689 -0.00205884)
(0.064 -0.0174689 -0.00205884)
(0.066 -0.0174689 -0.00205884)
(0.068 -0.0174689 -0.00205884)
(0.07 -0.0174689 -0.00205884)
(0.072 -0.0174689 -0.00205884)
(0.074 -0.0174689 -0.00205884)
(0.076 -0.0174689 -0.00205884)
(0.078 -0.0174689 -0.00205884)
(0.08 -0.0174689 -0.00205884)
(0.082 -0.0174689 -0.00205884)
(0.084 -0.0174689 -0.00205884)
(0.086 -0.0174689 -0.00205884)
(0.062 -0.0182639 0.00092871)
(0.064 -0.0182639 0.00092871)
(0.066 -0.0182639 0.00092871)
(0.068 -0.0182639 0.00092871)
(0.07 -0.0182639 0.00092871)
(0.072 -0.0182639 0.00092871)
(0.074 -0.0182639 0.00092871)
(0.076 -0.0182639 0.00092871)
(0.078 -0.0182639 0.00092871)
(0.08 -0.0182639 0.00092871)
(0.082 -0.0182639 0.00092871)
(0.084 -0.0182639 0.00092871)
(0.086 -0.0182639 0.00092871)
(0.062 -0.0187075 0.003913)
(0.064 -0.0187075 0.003913)
(0.066 -0.0187075 0.003913)
(0.068 -0.0187075 0.003913)
(0.07 -0.0187075 0.003913)
(0.072 -0.0187075 0.003913)
(0.074 -0.0187075 0.003913)
(0.076 -0.0187075 0.003913)
(0.078 -0.0187075 0.003913)
(0.08 -0.0187075 0.003913)
(0.082 -0.0187075 0.003913)
(0.084 -0.0187075 0.003913)
(0.086 -0.0187075 0.003913)
(0.062 -0.0187943 0.00683906)
(0.064 -0.0187943 0.00683906)
(0.066 -0.0187943 0.00683906)
(0.068 -0.0187943 0.00683906)
(0.07 -0.0187943 0.00683906)
(0.072 -0.0187943 0.00683906)
(0.074 -0.0187943 0.00683906)
(0.076 -0.0187943 0.00683906)
(0.078 -0.0187943 0.00683906)
(0.08 -0.0187943 0.00683906)
(0.082 -0.0187943 0.00683906)
(0.084 -0.0187943 0.00683906)
(0.086 -0.0187943 0.00683906)
(0.064 -0.0174763 -0.00972519)
(0.066 -0.0174763 -0.00972519)
(0.068 -0.0174763 -0.00972519)
(0.07 -0.0174763 -0.00972519)
(0.072 -0.0174763 -0.00972519)
(0.074 -0.0174763 -0.00972519)
(0.076 -0.0174763 -0.00972519)
(0.078 -0.0174763 -0.00972519)
(0.08 -0.0174763 -0.00972519)
(0.082 -0.0174763 -0.00972519)
(0.084 -0.0174763 -0.00972519)
(0.086 -0.0174763 -0.00972519)
(0.064 -0.0186824 -0.00713906)
(0.066 -0.0186824 -0.00713906)
(0.068 -0.0186824 -0.00713906)
(0.07 -0.0186824 -0.00713906)
(0.072 -0.0186824 -0.00713906)
(0.074 -0.0186824 -0.00713906)
(0.076 -0.0186824 -0.00713906)
(0.078 -0.0186824 -0.00713906)
(0.08 -0.0186824 -0.00713906)
(0.082 -0.0186824 -0.00713906)
(0.084 -0.0186824 -0.00713906)
(0.086 -0.0186824 -0.00713906)
(0.062 -0.0195083 -0.00440761)
(0.064 -0.0195083 -0.00440761)
(0.066 -0.0195083 -0.00440761)
(0.068 -0.0195083 -0.00440761)
(0.07 -0.0195083 -0.00440761)
(0.072 -0.0195083 -0.00440761)
(0.074 -0.0195083 -0.00440761)
(0.076 -0.0195083 -0.00440761)
(0.078 -0.0195083 -0.00440761)
(0.08 -0.0195083 -0.00440761)
(0.082 -0.0195083 -0.00440761)
(0.084 -0.0195083 -0.00440761)
(0.086 -0.0195083 -0.00440761)
(0.062 -0.019937 -0.00158643)
(0.064 -0.019937 -0.00158643)
(0.066 -0.019937 -0.00158643)
(0.068 -0.019937 -0.00158643)
(0.07 -0.019937 -0.00158643)
(0.072 -0.019937 -0.00158643)
(0.074 -0.019937 -0.00158643)
(0.076 -0.019937 -0.00158643)
(0.078 -0.019937 -0.00158643)
(0.08 -0.019937 -0.00158643)
(0.082 -0.019937 -0.00158643)
(0.084 -0.019937 -0.00158643)
(0.086 -0.019937 -0.00158643)
(0.062 -0.0199598 0.00126705)
(0.064 -0.0199598 0.00126705)
(0.066 -0.0199598 0.00126705)
(0.068 -0.0199598 0.00126705)
(0.07 -0.0199598 0.00126705)
(0.072 -0.0199598 0.00126705)
(0.074 -0.0199598 0.00126705)
(0.076 -0.0199598 0.00126705)
(0.078 -0.0199598 0.00126705)
(0.08 -0.0199598 0.00126705)
(0.082 -0.0199598 0.00126705)
(0.084 -0.0199598 0.00126705)
(0.086 -0.0199598 0.00126705)
(0.062 -0.0195763 0.00409473)
(0.064 -0.0195763 0.00409473)
(0.066 -0.0195763 0.00409473)
(0.068 -0.0195763 0.00409473)
(0.07 -0.0195763 0.00409473)
(0.072 -0.0195763 0.00409473)
(0.074 -0.0195763 0.00409473)
(0.076 -0.0195763 0.00409473)
(0.078 -0.0195763 0.00409473)
(0.08 -0.0195763 0.00409473)
(0.082 -0.0195763 0.00409473)
(0.084 -0.0195763 0.00409473)
(0.086 -0.0195763 0.00409473)
)


// ************************************************************************* //
