/*--------------------------------*- C++ -*----------------------------------*\
| =========                 |                                                 |
| \\      /  F ield         | OpenFOAM: The Open Source CFD Toolbox           |
|  \\    /   O peration     | Version:  2212                                  |
|   \\  /    A nd           | Website:  www.openfoam.com                      |
|    \\/     M anipulation  |                                                 |
\*---------------------------------------------------------------------------*/
FoamFile
{
    version     2.0;
    format      ascii;
    arch        "LSB;label=32;scalar=64";
    class       surfaceScalarField;
    location    "0.65";
    object      meshPhi;
}
// * * * * * * * * * * * * * * * * * * * * * * * * * * * * * * * * * * * * * //

dimensions      [0 3 -1 0 0 0 0];

oriented        oriented;

internalField   nonuniform List<scalar> 
1812
(
-2.33746e-22
3.4714e-08
-3.4714e-08
-2.33746e-22
3.4714e-08
-3.4714e-08
-2.33746e-22
3.4714e-08
-3.4714e-08
-4.67492e-22
3.4714e-08
-3.4714e-08
-2.33746e-22
3.4714e-08
-3.4714e-08
-2.33746e-22
3.4714e-08
-3.4714e-08
-2.33746e-22
3.4714e-08
-3.4714e-08
3.4714e-08
-3.4714e-08
4.55504e-37
6.5559e-08
-3.0845e-08
4.50674e-22
6.5559e-08
-3.0845e-08
4.55504e-37
6.5559e-08
-3.0845e-08
4.50674e-22
6.5559e-08
-3.0845e-08
9.01348e-22
6.5559e-08
-3.0845e-08
4.55504e-37
6.5559e-08
-3.0845e-08
4.50674e-22
6.5559e-08
-3.0845e-08
6.5559e-08
-3.0845e-08
-1.2729e-21
9.05895e-08
-2.50304e-08
-1.2729e-21
9.05895e-08
-2.50304e-08
0
9.05895e-08
-2.50304e-08
-1.2729e-21
9.05895e-08
-2.50304e-08
-6.36452e-22
9.05895e-08
-2.50304e-08
-6.36452e-22
9.05895e-08
-2.50304e-08
-1.2729e-21
9.05895e-08
-2.50304e-08
-8.81621e-38
9.05895e-08
-2.50304e-08
9.05895e-08
-2.50304e-08
0
1.08218e-07
-1.76285e-08
0
1.08218e-07
-1.76285e-08
-7.78756e-22
1.08218e-07
-1.76285e-08
-8.81621e-38
1.08218e-07
-1.76285e-08
0
1.08218e-07
-1.76285e-08
7.78756e-22
1.08218e-07
-1.76285e-08
-8.81621e-38
1.08218e-07
-1.76285e-08
-1.76324e-37
1.08218e-07
-1.76285e-08
-8.81621e-38
1.08218e-07
-1.76285e-08
-1.55751e-21
1.08218e-07
-1.76285e-08
-8.81621e-38
1.08218e-07
-1.76285e-08
1.08218e-07
-1.76285e-08
8.68119e-22
1.17323e-07
-9.10464e-09
0
1.17323e-07
-9.10464e-09
8.68119e-22
1.17323e-07
-9.10464e-09
0
1.17323e-07
-9.10464e-09
0
1.17323e-07
-9.10464e-09
8.68119e-22
1.17323e-07
-9.10464e-09
0
1.17323e-07
-9.10464e-09
8.68119e-22
1.17323e-07
-9.10464e-09
0
1.17323e-07
-9.10464e-09
0
1.17323e-07
-9.10464e-09
1.73624e-21
1.17323e-07
-9.10464e-09
1.17323e-07
-9.10464e-09
0
1.17323e-07
8.00362e-23
8.98584e-22
1.17323e-07
3.18287e-22
-1.79717e-21
1.17323e-07
7.98746e-23
-5.28972e-37
1.17323e-07
7.98746e-23
8.98584e-22
1.17323e-07
7.92607e-23
0
1.17323e-07
3.20694e-22
8.98584e-22
1.17323e-07
8.09086e-23
0
1.17323e-07
8.09086e-23
0
1.17323e-07
8.09086e-23
0
1.17323e-07
7.96161e-23
8.98584e-22
1.17323e-07
8.09086e-23
1.17323e-07
8.09086e-23
7.34684e-37
1.08218e-07
9.10464e-09
8.68119e-22
1.08218e-07
9.10464e-09
0
1.08218e-07
9.10464e-09
-7.34684e-37
1.08218e-07
9.10464e-09
-8.68119e-22
1.08218e-07
9.10464e-09
8.68119e-22
1.08218e-07
9.10464e-09
0
1.08218e-07
9.10464e-09
8.68119e-22
1.08218e-07
9.10464e-09
0
1.08218e-07
9.10464e-09
1.73624e-21
1.08218e-07
9.10464e-09
0
1.08218e-07
9.10464e-09
1.08218e-07
9.10464e-09
0
9.05895e-08
1.76285e-08
-5.87747e-38
9.05895e-08
1.76285e-08
-5.87747e-38
9.05895e-08
1.76285e-08
-5.87747e-38
9.05895e-08
1.76285e-08
-1.17549e-37
9.05895e-08
1.76285e-08
-1.55751e-21
9.05895e-08
1.76285e-08
-7.78756e-22
9.05895e-08
1.76285e-08
-1.55751e-21
9.05895e-08
1.76285e-08
-5.87747e-38
9.05895e-08
1.76285e-08
7.78756e-22
9.05895e-08
1.76285e-08
-7.78756e-22
9.05895e-08
1.76285e-08
1.76285e-08
-1.2729e-21
6.5559e-08
2.50304e-08
-1.2729e-21
6.5559e-08
2.50304e-08
-1.2729e-21
6.5559e-08
2.50304e-08
-6.36452e-22
6.5559e-08
2.50304e-08
0
6.5559e-08
2.50304e-08
-6.36452e-22
6.5559e-08
2.50304e-08
-1.2729e-21
6.5559e-08
2.50304e-08
-1.2729e-21
6.5559e-08
2.50304e-08
-1.2729e-21
6.5559e-08
2.50304e-08
-6.36452e-22
6.5559e-08
2.50304e-08
6.5559e-08
2.50304e-08
4.50674e-22
3.4714e-08
3.0845e-08
-4.50674e-22
3.4714e-08
3.0845e-08
4.50674e-22
3.4714e-08
3.0845e-08
9.11008e-37
3.4714e-08
3.0845e-08
9.11008e-37
3.4714e-08
3.0845e-08
0
3.4714e-08
3.0845e-08
9.11008e-37
3.4714e-08
3.0845e-08
9.11008e-37
3.4714e-08
3.0845e-08
-4.50674e-22
3.4714e-08
3.0845e-08
0
3.4714e-08
3.0845e-08
3.4714e-08
3.0845e-08
-2.33746e-22
3.4714e-08
-2.33746e-22
3.4714e-08
-2.33746e-22
3.4714e-08
-2.33746e-22
3.4714e-08
0
3.4714e-08
-4.67492e-22
3.4714e-08
-4.67492e-22
3.4714e-08
-2.33746e-22
3.4714e-08
-4.67492e-22
3.4714e-08
-4.67492e-22
3.4714e-08
3.4714e-08
9.12845e-37
3.0845e-08
-6.5559e-08
0
3.0845e-08
-6.5559e-08
9.12845e-37
3.0845e-08
-6.5559e-08
9.12845e-37
3.0845e-08
-6.5559e-08
-4.50674e-22
3.0845e-08
-6.5559e-08
4.50674e-22
3.0845e-08
-6.5559e-08
-4.50674e-22
3.0845e-08
-6.5559e-08
3.0845e-08
-6.5559e-08
1.30245e-21
5.80257e-08
-5.80257e-08
6.51227e-22
5.80257e-08
-5.80257e-08
0
5.80257e-08
-5.80257e-08
5.14279e-38
5.80257e-08
-5.80257e-08
6.51227e-22
5.80257e-08
-5.80257e-08
0
5.80257e-08
-5.80257e-08
1.95368e-21
5.80257e-08
-5.80257e-08
5.80257e-08
-5.80257e-08
-1.64631e-21
7.99557e-08
-4.69604e-08
8.23155e-22
7.99557e-08
-4.69604e-08
8.23155e-22
7.99557e-08
-4.69604e-08
8.23155e-22
7.99557e-08
-4.69604e-08
8.23155e-22
7.99557e-08
-4.69604e-08
8.23155e-22
7.99557e-08
-4.69604e-08
-8.23155e-22
7.99557e-08
-4.69604e-08
8.23155e-22
7.99557e-08
-4.69604e-08
7.99557e-08
-4.69604e-08
0
9.53421e-08
-3.30149e-08
-9.54956e-22
9.53421e-08
-3.30149e-08
0
9.53421e-08
-3.30149e-08
6.46522e-37
9.53421e-08
-3.30149e-08
6.46522e-37
9.53421e-08
-3.30149e-08
0
9.53421e-08
-3.30149e-08
0
9.53421e-08
-3.30149e-08
0
9.53421e-08
-3.30149e-08
-9.54956e-22
9.53421e-08
-3.30149e-08
9.54956e-22
9.53421e-08
-3.30149e-08
0
9.53421e-08
-3.30149e-08
9.53421e-08
-3.30149e-08
3.11331e-21
1.03272e-07
-1.70341e-08
2.07554e-21
1.03272e-07
-1.70341e-08
2.07554e-21
1.03272e-07
-1.70341e-08
2.07554e-21
1.03272e-07
-1.70341e-08
2.07554e-21
1.03272e-07
-1.70341e-08
3.11331e-21
1.03272e-07
-1.70341e-08
3.11331e-21
1.03272e-07
-1.70341e-08
2.07554e-21
1.03272e-07
-1.70341e-08
3.11331e-21
1.03272e-07
-1.70341e-08
3.11331e-21
1.03272e-07
-1.70341e-08
4.15107e-21
1.03272e-07
-1.70341e-08
1.03272e-07
-1.70341e-08
3.23261e-37
1.03272e-07
-1.98523e-22
1.06601e-21
1.03272e-07
-3.24846e-22
0
1.03272e-07
-1.9568e-22
-1.06601e-21
1.03272e-07
-1.99218e-22
0
1.03272e-07
-1.99218e-22
-1.06601e-21
1.03272e-07
-3.2777e-22
3.23261e-37
1.03272e-07
-1.9568e-22
-3.23261e-37
1.03272e-07
-1.9568e-22
-2.13202e-21
1.03272e-07
-1.9568e-22
0
1.03272e-07
-5.10202e-23
-2.13202e-21
1.03272e-07
-1.99396e-22
1.03272e-07
-1.95082e-22
2.07554e-21
9.53421e-08
1.70341e-08
1.03777e-21
9.53421e-08
1.70341e-08
1.03777e-21
9.53421e-08
1.70341e-08
-1.03777e-21
9.53421e-08
1.70341e-08
1.05794e-36
9.53421e-08
1.70341e-08
0
9.53421e-08
1.70341e-08
-1.03777e-21
9.53421e-08
1.70341e-08
1.03777e-21
9.53421e-08
1.70341e-08
1.03777e-21
9.53421e-08
1.70341e-08
1.03777e-21
9.53421e-08
1.70341e-08
0
9.53421e-08
1.70341e-08
9.53421e-08
1.70341e-08
-9.54956e-22
7.99557e-08
3.30149e-08
-1.90991e-21
7.99557e-08
3.30149e-08
-9.54956e-22
7.99557e-08
3.30149e-08
4.4081e-37
7.99557e-08
3.30149e-08
-9.54956e-22
7.99557e-08
3.30149e-08
-1.90991e-21
7.99557e-08
3.30149e-08
-1.90991e-21
7.99557e-08
3.30149e-08
-2.86487e-21
7.99557e-08
3.30149e-08
-9.54956e-22
7.99557e-08
3.30149e-08
-9.54956e-22
7.99557e-08
3.30149e-08
0
7.99557e-08
3.30149e-08
3.30149e-08
1.64631e-21
5.80257e-08
4.69604e-08
-6.46522e-37
5.80257e-08
4.69604e-08
-8.23155e-22
5.80257e-08
4.69604e-08
8.23155e-22
5.80257e-08
4.69604e-08
-6.46522e-37
5.80257e-08
4.69604e-08
1.64631e-21
5.80257e-08
4.69604e-08
-6.46522e-37
5.80257e-08
4.69604e-08
-6.46522e-37
5.80257e-08
4.69604e-08
8.23155e-22
5.80257e-08
4.69604e-08
-6.46522e-37
5.80257e-08
4.69604e-08
5.80257e-08
4.69604e-08
0
3.0845e-08
5.80257e-08
-6.51227e-22
3.0845e-08
5.80257e-08
7.34684e-38
3.0845e-08
5.80257e-08
-1.30245e-21
3.0845e-08
5.80257e-08
6.51227e-22
3.0845e-08
5.80257e-08
0
3.0845e-08
5.80257e-08
0
3.0845e-08
5.80257e-08
-6.51227e-22
3.0845e-08
5.80257e-08
0
3.0845e-08
5.80257e-08
-6.51227e-22
3.0845e-08
5.80257e-08
3.0845e-08
5.80257e-08
0
6.5559e-08
4.50674e-22
6.5559e-08
4.50674e-22
6.5559e-08
1.35202e-21
6.5559e-08
4.50674e-22
6.5559e-08
4.50674e-22
6.5559e-08
9.01348e-22
6.5559e-08
4.50674e-22
6.5559e-08
9.01348e-22
6.5559e-08
4.50674e-22
6.5559e-08
6.5559e-08
0
2.50304e-08
-9.05895e-08
0
2.50304e-08
-9.05895e-08
0
2.50304e-08
-9.05895e-08
6.36452e-22
2.50304e-08
-9.05895e-08
1.6163e-37
2.50304e-08
-9.05895e-08
1.2729e-21
2.50304e-08
-9.05895e-08
1.6163e-37
2.50304e-08
-9.05895e-08
1.6163e-37
2.50304e-08
-9.05895e-08
2.50304e-08
-9.05895e-08
8.23155e-22
4.69604e-08
-7.99557e-08
1.64631e-21
4.69604e-08
-7.99557e-08
1.64631e-21
4.69604e-08
-7.99557e-08
1.64631e-21
4.69604e-08
-7.99557e-08
2.46947e-21
4.69604e-08
-7.99557e-08
1.64631e-21
4.69604e-08
-7.99557e-08
1.64631e-21
4.69604e-08
-7.99557e-08
1.64631e-21
4.69604e-08
-7.99557e-08
4.69604e-08
-7.99557e-08
0
6.45823e-08
-6.45823e-08
9.83386e-22
6.45823e-08
-6.45823e-08
2.95016e-21
6.45823e-08
-6.45823e-08
1.96677e-21
6.45823e-08
-6.45823e-08
0
6.45823e-08
-6.45823e-08
1.96677e-21
6.45823e-08
-6.45823e-08
1.96677e-21
6.45823e-08
-6.45823e-08
1.96677e-21
6.45823e-08
-6.45823e-08
6.45823e-08
-6.45823e-08
0
7.69129e-08
-4.53455e-08
4.99585e-37
7.69129e-08
-4.53455e-08
4.99585e-37
7.69129e-08
-4.53455e-08
4.99585e-37
7.69129e-08
-4.53455e-08
4.99585e-37
7.69129e-08
-4.53455e-08
4.99585e-37
7.69129e-08
-4.53455e-08
2.21265e-21
7.69129e-08
-4.53455e-08
4.99585e-37
7.69129e-08
-4.53455e-08
0
7.69129e-08
-4.53455e-08
2.21265e-21
7.69129e-08
-4.53455e-08
4.99585e-37
7.69129e-08
-4.53455e-08
7.69129e-08
-4.53455e-08
0
8.32578e-08
-2.33789e-08
-1.18361e-21
8.32578e-08
-2.33789e-08
4.11423e-37
8.32578e-08
-2.33789e-08
-1.18361e-21
8.32578e-08
-2.33789e-08
1.18361e-21
8.32578e-08
-2.33789e-08
2.36722e-21
8.32578e-08
-2.33789e-08
2.36722e-21
8.32578e-08
-2.33789e-08
2.05712e-37
8.32578e-08
-2.33789e-08
-1.18361e-21
8.32578e-08
-2.33789e-08
-1.18361e-21
8.32578e-08
-2.33789e-08
2.05712e-37
8.32578e-08
-2.33789e-08
8.32578e-08
-2.33789e-08
0
8.32578e-08
2.58575e-22
-2.35099e-37
8.32578e-08
-1.68021e-23
-2.35099e-37
8.32578e-08
2.61418e-22
-2.35099e-37
8.32578e-08
2.58575e-22
-1.20998e-21
8.32578e-08
2.60045e-22
0
8.32578e-08
-1.68021e-23
0
8.32578e-08
2.59786e-22
0
8.32578e-08
2.60045e-22
1.20998e-21
8.32578e-08
2.58575e-22
-1.20998e-21
8.32578e-08
1.39409e-22
0
8.32578e-08
2.6124e-22
8.32578e-08
2.58575e-22
1.18361e-21
7.69129e-08
2.33789e-08
1.18361e-21
7.69129e-08
2.33789e-08
0
7.69129e-08
2.33789e-08
0
7.69129e-08
2.33789e-08
-3.55083e-21
7.69129e-08
2.33789e-08
-1.18361e-21
7.69129e-08
2.33789e-08
-1.18361e-21
7.69129e-08
2.33789e-08
-1.18361e-21
7.69129e-08
2.33789e-08
-2.36722e-21
7.69129e-08
2.33789e-08
0
7.69129e-08
2.33789e-08
-3.82036e-37
7.69129e-08
2.33789e-08
7.69129e-08
2.33789e-08
1.10632e-21
6.45823e-08
4.53455e-08
-4.11423e-37
6.45823e-08
4.53455e-08
1.10632e-21
6.45823e-08
4.53455e-08
-1.10632e-21
6.45823e-08
4.53455e-08
0
6.45823e-08
4.53455e-08
2.21265e-21
6.45823e-08
4.53455e-08
3.31897e-21
6.45823e-08
4.53455e-08
1.10632e-21
6.45823e-08
4.53455e-08
2.21265e-21
6.45823e-08
4.53455e-08
2.21265e-21
6.45823e-08
4.53455e-08
2.21265e-21
6.45823e-08
4.53455e-08
4.53455e-08
9.83386e-22
4.69604e-08
6.45823e-08
-2.64486e-37
4.69604e-08
6.45823e-08
0
4.69604e-08
6.45823e-08
9.83386e-22
4.69604e-08
6.45823e-08
-2.64486e-37
4.69604e-08
6.45823e-08
9.83386e-22
4.69604e-08
6.45823e-08
9.83386e-22
4.69604e-08
6.45823e-08
1.96677e-21
4.69604e-08
6.45823e-08
9.83386e-22
4.69604e-08
6.45823e-08
1.96677e-21
4.69604e-08
6.45823e-08
4.69604e-08
6.45823e-08
-1.64631e-21
2.50304e-08
7.99557e-08
-1.64631e-21
2.50304e-08
7.99557e-08
-8.23155e-22
2.50304e-08
7.99557e-08
-1.64631e-21
2.50304e-08
7.99557e-08
-8.23155e-22
2.50304e-08
7.99557e-08
-1.64631e-21
2.50304e-08
7.99557e-08
-8.23155e-22
2.50304e-08
7.99557e-08
-8.23155e-22
2.50304e-08
7.99557e-08
-8.23155e-22
2.50304e-08
7.99557e-08
-1.64631e-21
2.50304e-08
7.99557e-08
2.50304e-08
7.99557e-08
-6.36452e-22
9.05895e-08
-1.10203e-37
9.05895e-08
6.36452e-22
9.05895e-08
-6.36452e-22
9.05895e-08
-6.36452e-22
9.05895e-08
0
9.05895e-08
6.36452e-22
9.05895e-08
1.2729e-21
9.05895e-08
-1.10203e-37
9.05895e-08
-6.36452e-22
9.05895e-08
9.05895e-08
-1.55751e-21
1.76285e-08
-1.08218e-07
-3.11502e-21
1.76285e-08
-1.08218e-07
-3.11502e-21
1.76285e-08
-1.08218e-07
-3.11502e-21
1.76285e-08
-1.08218e-07
-2.33627e-21
1.76285e-08
-1.08218e-07
-3.11502e-21
1.76285e-08
-1.08218e-07
-3.11502e-21
1.76285e-08
-1.08218e-07
-7.78756e-22
1.76285e-08
-1.08218e-07
1.76285e-08
-1.08218e-07
-9.54956e-22
3.30149e-08
-9.53421e-08
0
3.30149e-08
-9.53421e-08
-9.54956e-22
3.30149e-08
-9.53421e-08
0
3.30149e-08
-9.53421e-08
-1.90991e-21
3.30149e-08
-9.53421e-08
0
3.30149e-08
-9.53421e-08
0
3.30149e-08
-9.53421e-08
0
3.30149e-08
-9.53421e-08
3.30149e-08
-9.53421e-08
1.10632e-21
4.53455e-08
-7.69129e-08
2.21265e-21
4.53455e-08
-7.69129e-08
2.21265e-21
4.53455e-08
-7.69129e-08
3.31897e-21
4.53455e-08
-7.69129e-08
1.10632e-21
4.53455e-08
-7.69129e-08
1.10632e-21
4.53455e-08
-7.69129e-08
0
4.53455e-08
-7.69129e-08
2.21265e-21
4.53455e-08
-7.69129e-08
4.53455e-08
-7.69129e-08
-2.4451e-21
5.3958e-08
-5.3958e-08
0
5.3958e-08
-5.3958e-08
-1.22255e-21
5.3958e-08
-5.3958e-08
-1.22255e-21
5.3958e-08
-5.3958e-08
-7.34684e-37
5.3958e-08
-5.3958e-08
-1.22255e-21
5.3958e-08
-5.3958e-08
0
5.3958e-08
-5.3958e-08
0
5.3958e-08
-5.3958e-08
-2.4451e-21
5.3958e-08
-5.3958e-08
-2.4451e-21
5.3958e-08
-5.3958e-08
-2.4451e-21
5.3958e-08
-5.3958e-08
5.3958e-08
-5.3958e-08
-1.29566e-21
5.83852e-08
-2.78061e-08
1.29566e-21
5.83852e-08
-2.78061e-08
1.29566e-21
5.83852e-08
-2.78061e-08
0
5.83852e-08
-2.78061e-08
-1.29566e-21
5.83852e-08
-2.78061e-08
1.29566e-21
5.83852e-08
-2.78061e-08
0
5.83852e-08
-2.78061e-08
-1.29566e-21
5.83852e-08
-2.78061e-08
1.29566e-21
5.83852e-08
-2.78061e-08
-2.59131e-21
5.83852e-08
-2.78061e-08
6.17135e-37
5.83852e-08
-2.78061e-08
5.83852e-08
-2.78061e-08
4.4081e-38
5.83852e-08
1.98176e-22
0
5.83852e-08
2.70902e-22
4.4081e-38
5.83852e-08
1.98087e-22
-4.4081e-38
5.83852e-08
1.98693e-22
0
5.83852e-08
1.98087e-22
0
5.83852e-08
2.7116e-22
0
5.83852e-08
1.98693e-22
4.4081e-38
5.83852e-08
1.98087e-22
4.4081e-38
5.83852e-08
1.98693e-22
8.81621e-38
5.83852e-08
2.26441e-22
0
5.83852e-08
1.98087e-22
5.83852e-08
2.00591e-22
-1.29566e-21
5.3958e-08
2.78061e-08
-1.29566e-21
5.3958e-08
2.78061e-08
-1.29566e-21
5.3958e-08
2.78061e-08
-1.29566e-21
5.3958e-08
2.78061e-08
-3.88697e-21
5.3958e-08
2.78061e-08
-1.29566e-21
5.3958e-08
2.78061e-08
-1.29566e-21
5.3958e-08
2.78061e-08
-3.88697e-21
5.3958e-08
2.78061e-08
-1.29566e-21
5.3958e-08
2.78061e-08
-2.93874e-38
5.3958e-08
2.78061e-08
-1.29566e-21
5.3958e-08
2.78061e-08
5.3958e-08
2.78061e-08
-2.4451e-21
4.53455e-08
5.3958e-08
0
4.53455e-08
5.3958e-08
-1.22255e-21
4.53455e-08
5.3958e-08
0
4.53455e-08
5.3958e-08
-1.22255e-21
4.53455e-08
5.3958e-08
-1.22255e-21
4.53455e-08
5.3958e-08
0
4.53455e-08
5.3958e-08
0
4.53455e-08
5.3958e-08
-2.4451e-21
4.53455e-08
5.3958e-08
-2.4451e-21
4.53455e-08
5.3958e-08
-2.4451e-21
4.53455e-08
5.3958e-08
5.3958e-08
-1.10632e-21
3.30149e-08
7.69129e-08
4.4081e-37
3.30149e-08
7.69129e-08
1.10632e-21
3.30149e-08
7.69129e-08
-1.10632e-21
3.30149e-08
7.69129e-08
0
3.30149e-08
7.69129e-08
-1.10632e-21
3.30149e-08
7.69129e-08
0
3.30149e-08
7.69129e-08
-2.21265e-21
3.30149e-08
7.69129e-08
0
3.30149e-08
7.69129e-08
0
3.30149e-08
7.69129e-08
3.30149e-08
7.69129e-08
0
1.76285e-08
9.53421e-08
9.54956e-22
1.76285e-08
9.53421e-08
0
1.76285e-08
9.53421e-08
6.46522e-37
1.76285e-08
9.53421e-08
6.46522e-37
1.76285e-08
9.53421e-08
-9.54956e-22
1.76285e-08
9.53421e-08
9.54956e-22
1.76285e-08
9.53421e-08
0
1.76285e-08
9.53421e-08
0
1.76285e-08
9.53421e-08
9.54956e-22
1.76285e-08
9.53421e-08
1.76285e-08
9.53421e-08
7.78756e-22
1.08218e-07
1.55751e-21
1.08218e-07
-7.78756e-22
1.08218e-07
0
1.08218e-07
8.08152e-38
1.08218e-07
7.78756e-22
1.08218e-07
0
1.08218e-07
0
1.08218e-07
-1.55751e-21
1.08218e-07
0
1.08218e-07
1.08218e-07
-8.68119e-22
9.10464e-09
0
9.10464e-09
-8.68119e-22
9.10464e-09
-8.68119e-22
9.10464e-09
-1.73624e-21
9.10464e-09
-8.68119e-22
9.10464e-09
0
9.10464e-09
8.68119e-22
9.10464e-09
9.10464e-09
-1.03777e-21
1.70341e-08
1.03777e-21
1.70341e-08
-1.05794e-36
1.70341e-08
0
1.70341e-08
1.03777e-21
1.70341e-08
1.03777e-21
1.70341e-08
-1.03777e-21
1.70341e-08
0
1.70341e-08
1.70341e-08
-1.18361e-21
2.33789e-08
1.18361e-21
2.33789e-08
-1.18361e-21
2.33789e-08
-1.18361e-21
2.33789e-08
0
2.33789e-08
-2.36722e-21
2.33789e-08
-1.18361e-21
2.33789e-08
-3.45301e-37
2.33789e-08
2.33789e-08
-2.59131e-21
2.78061e-08
-5.83852e-08
-1.29566e-21
2.78061e-08
-5.83852e-08
-1.29566e-21
2.78061e-08
-5.83852e-08
-1.29566e-21
2.78061e-08
-5.83852e-08
-3.88697e-21
2.78061e-08
-5.83852e-08
-1.29566e-21
2.78061e-08
-5.83852e-08
-3.67342e-38
2.78061e-08
-5.83852e-08
-1.29566e-21
2.78061e-08
-5.83852e-08
1.29566e-21
2.78061e-08
-5.83852e-08
-2.59131e-21
2.78061e-08
-5.83852e-08
-3.88697e-21
2.78061e-08
-5.83852e-08
2.78061e-08
-5.83852e-08
1.36616e-21
3.00804e-08
-3.00804e-08
0
3.00804e-08
-3.00804e-08
0
3.00804e-08
-3.00804e-08
0
3.00804e-08
-3.00804e-08
-1.36616e-21
3.00804e-08
-3.00804e-08
0
3.00804e-08
-3.00804e-08
0
3.00804e-08
-3.00804e-08
0
3.00804e-08
-3.00804e-08
0
3.00804e-08
-3.00804e-08
0
3.00804e-08
-3.00804e-08
0
3.00804e-08
-3.00804e-08
3.00804e-08
-3.00804e-08
-1.39022e-21
3.00804e-08
5.72988e-23
-1.39022e-21
3.00804e-08
7.83964e-24
-2.78043e-21
3.00804e-08
5.62648e-23
0
3.00804e-08
5.62648e-23
-1.39022e-21
3.00804e-08
5.68687e-23
0
3.00804e-08
7.66798e-24
2.13058e-37
3.00804e-08
5.72988e-23
-2.78043e-21
3.00804e-08
5.62648e-23
-2.78043e-21
3.00804e-08
5.6178e-23
-2.78043e-21
3.00804e-08
5.29044e-23
-2.78043e-21
3.00804e-08
5.7212e-23
3.00804e-08
5.68687e-23
0
2.78061e-08
3.00804e-08
-1.36616e-21
2.78061e-08
3.00804e-08
-2.20405e-38
2.78061e-08
3.00804e-08
-4.4081e-38
2.78061e-08
3.00804e-08
1.36616e-21
2.78061e-08
3.00804e-08
-1.36616e-21
2.78061e-08
3.00804e-08
-2.20405e-38
2.78061e-08
3.00804e-08
2.73232e-21
2.78061e-08
3.00804e-08
1.36616e-21
2.78061e-08
3.00804e-08
0
2.78061e-08
3.00804e-08
-2.20405e-38
2.78061e-08
3.00804e-08
2.78061e-08
3.00804e-08
6.24481e-37
2.33789e-08
5.83852e-08
1.29566e-21
2.33789e-08
5.83852e-08
1.29566e-21
2.33789e-08
5.83852e-08
1.29566e-21
2.33789e-08
5.83852e-08
1.29566e-21
2.33789e-08
5.83852e-08
1.29566e-21
2.33789e-08
5.83852e-08
-1.29566e-21
2.33789e-08
5.83852e-08
1.29566e-21
2.33789e-08
5.83852e-08
1.29566e-21
2.33789e-08
5.83852e-08
1.29566e-21
2.33789e-08
5.83852e-08
-2.59131e-21
2.33789e-08
5.83852e-08
5.83852e-08
1.18361e-21
1.70341e-08
8.32578e-08
1.18361e-21
1.70341e-08
8.32578e-08
1.18361e-21
1.70341e-08
8.32578e-08
2.36722e-21
1.70341e-08
8.32578e-08
2.36722e-21
1.70341e-08
8.32578e-08
3.55083e-21
1.70341e-08
8.32578e-08
4.73445e-21
1.70341e-08
8.32578e-08
1.18361e-21
1.70341e-08
8.32578e-08
2.36722e-21
1.70341e-08
8.32578e-08
0
1.70341e-08
8.32578e-08
1.70341e-08
8.32578e-08
0
9.10464e-09
1.03272e-07
1.03777e-21
9.10464e-09
1.03272e-07
1.03777e-21
9.10464e-09
1.03272e-07
-5.06932e-37
9.10464e-09
1.03272e-07
1.03777e-21
9.10464e-09
1.03272e-07
2.07554e-21
9.10464e-09
1.03272e-07
2.07554e-21
9.10464e-09
1.03272e-07
1.03777e-21
9.10464e-09
1.03272e-07
1.03777e-21
9.10464e-09
1.03272e-07
0
9.10464e-09
1.03272e-07
9.10464e-09
1.03272e-07
-1.73624e-21
1.17323e-07
-1.73624e-21
1.17323e-07
-1.73624e-21
1.17323e-07
-8.68119e-22
1.17323e-07
0
1.17323e-07
0
1.17323e-07
-8.68119e-22
1.17323e-07
0
1.17323e-07
-1.73624e-21
1.17323e-07
0
1.17323e-07
1.17323e-07
1.3206e-21
1.98523e-22
1.3206e-21
2.26441e-22
2.6412e-21
1.98006e-22
-1.3206e-21
1.98523e-22
0
1.98006e-22
1.3206e-21
2.27475e-22
1.3206e-21
1.98523e-22
-2.32459e-38
1.98006e-22
-1.3206e-21
1.98523e-22
2.6412e-21
2.26441e-22
4.64917e-38
1.98006e-22
1.98523e-22
0
2.01625e-23
0
-1.13737e-23
1.39022e-21
2.01625e-23
0
2.01625e-23
-1.39022e-21
2.01625e-23
0
-1.13737e-23
-2.12427e-37
2.01625e-23
0
2.01625e-23
1.39022e-21
1.96455e-23
-1.39022e-21
-1.13737e-23
2.12427e-37
2.01625e-23
2.01625e-23
1.81222e-37
-3.87741e-23
0
4.3427e-23
0
-3.82571e-23
-1.81222e-37
-3.82571e-23
-1.81222e-37
-3.87741e-23
0
4.291e-23
-1.81222e-37
-3.87741e-23
-1.81222e-37
-3.82571e-23
-1.81222e-37
-3.82571e-23
-1.81222e-37
4.3427e-23
-1.81222e-37
-3.87741e-23
-3.87741e-23
2.78043e-21
-1.98006e-22
2.78043e-21
-2.00591e-22
1.39022e-21
-1.99557e-22
1.39022e-21
-1.98523e-22
1.39022e-21
-1.98523e-22
1.39022e-21
-2.00591e-22
2.78043e-21
-1.98523e-22
1.39022e-21
-1.98006e-22
1.39022e-21
-1.98523e-22
2.78043e-21
-2.00074e-22
4.17065e-21
-1.98006e-22
-1.98523e-22
-3.18554e-38
-2.91581e-22
-3.18554e-38
6.56575e-23
-3.18554e-38
-2.91581e-22
-6.37109e-38
-2.91581e-22
-6.37109e-38
-2.94683e-22
-3.18554e-38
6.56575e-23
-3.18554e-38
-2.96234e-22
-3.18554e-38
-2.91581e-22
0
-2.91581e-22
-3.18554e-38
6.51405e-23
-3.18554e-38
-2.96234e-22
0
4.93723e-23
-2.36362e-37
1.81204e-22
-2.36362e-37
5.27328e-23
-2.36362e-37
5.27328e-23
-1.20998e-21
5.27328e-23
0
1.79653e-22
0
5.27328e-23
1.20998e-21
5.45422e-23
1.20998e-21
5.27328e-23
1.20998e-21
1.81204e-22
5.27328e-23
3.2946e-37
3.48967e-23
0
-4.05577e-22
0
3.46382e-23
-1.06601e-21
3.46382e-23
-3.2946e-37
3.46382e-23
1.06601e-21
-4.06352e-22
1.06601e-21
3.36042e-23
-2.13202e-21
3.36042e-23
-2.13202e-21
3.36042e-23
0
-4.05577e-22
3.36042e-23
0
-5.51013e-37
1.79717e-21
-8.98584e-22
-5.51013e-37
8.98584e-22
1.79717e-21
-8.98584e-22
-8.98584e-22
8.98584e-22
)
;

boundaryField
{
    inlet
    {
        type            calculated;
        value           nonuniform List<scalar> 0();
    }
    ami1
    {
        type            cyclicAMI;
        value           nonuniform List<scalar> 0();
    }
    walls
    {
        type            calculated;
        value           nonuniform List<scalar> 
227
(
-1.28555e-14
-6.40674e-15
-1.89476e-22
6.40674e-15
1.28555e-14
1.84387e-14
2.43942e-14
2.90979e-14
-1.28555e-14
-6.40674e-15
-4.79506e-22
6.40674e-15
1.28555e-14
1.84387e-14
2.43942e-14
2.90979e-14
-1.28555e-14
-6.40674e-15
-1.87408e-22
6.40674e-15
1.28555e-14
1.84387e-14
2.43942e-14
2.90979e-14
-1.84387e-14
-1.28555e-14
-6.40674e-15
-1.87408e-22
6.40674e-15
1.28555e-14
1.84387e-14
2.43942e-14
2.90979e-14
-2.90979e-14
-2.43942e-14
-1.84387e-14
-1.28555e-14
-6.40674e-15
-1.87408e-22
6.40674e-15
1.28555e-14
1.84387e-14
2.43942e-14
2.90979e-14
-2.90979e-14
-2.43942e-14
-1.84387e-14
-1.28555e-14
-6.40674e-15
-4.80799e-22
6.40674e-15
1.28555e-14
1.84387e-14
2.43942e-14
2.90979e-14
-2.90979e-14
-2.43942e-14
-1.84387e-14
-1.28555e-14
-6.40674e-15
-1.88184e-22
6.40674e-15
1.28555e-14
1.84387e-14
2.43942e-14
2.90979e-14
-2.90979e-14
-2.43942e-14
-1.84387e-14
-1.28555e-14
-6.40674e-15
-1.88184e-22
6.40674e-15
1.28555e-14
1.84387e-14
2.43942e-14
2.90979e-14
-2.90979e-14
-2.43942e-14
-1.84387e-14
-1.28555e-14
-6.40674e-15
-1.87408e-22
6.40674e-15
1.28555e-14
1.84387e-14
2.43942e-14
2.90979e-14
-2.90979e-14
-2.43942e-14
-1.84387e-14
-1.28555e-14
-6.40674e-15
-4.79506e-22
6.40674e-15
1.28555e-14
1.84387e-14
2.43942e-14
2.90979e-14
-2.90979e-14
-2.43942e-14
-1.84387e-14
-1.28555e-14
-6.40674e-15
-1.89476e-22
6.40674e-15
1.28555e-14
1.84387e-14
2.43942e-14
2.90979e-14
-2.90979e-14
-2.43942e-14
-1.84387e-14
-1.28555e-14
-6.40674e-15
-1.88184e-22
6.40674e-15
1.28555e-14
-2.90979e-14
-2.43942e-14
-1.84387e-14
-1.28555e-14
-6.40674e-15
-1.89476e-22
-2.90979e-14
-2.43942e-14
-1.84387e-14
-1.28555e-14
-6.40674e-15
-4.79506e-22
-2.90979e-14
-2.43942e-14
-1.84387e-14
-1.28555e-14
-6.40674e-15
-1.87408e-22
-2.90979e-14
-2.43942e-14
-1.84387e-14
-1.28555e-14
-6.40674e-15
-1.87408e-22
-2.90979e-14
-2.43942e-14
-1.84387e-14
-1.28555e-14
-6.40674e-15
-1.87408e-22
-2.90979e-14
-2.43942e-14
-1.84387e-14
-1.28555e-14
-6.40674e-15
-4.80799e-22
-2.90979e-14
-2.43942e-14
-1.84387e-14
-1.28555e-14
-6.40674e-15
-1.88184e-22
-2.90979e-14
-2.43942e-14
-1.84387e-14
-1.28555e-14
-6.40674e-15
-1.88184e-22
-2.90979e-14
-2.43942e-14
-1.84387e-14
-1.28555e-14
-6.40674e-15
-1.87408e-22
-2.90979e-14
-2.43942e-14
-1.84387e-14
-1.28555e-14
-6.40674e-15
-4.79506e-22
-2.90979e-14
-2.43942e-14
-1.84387e-14
-1.28555e-14
-6.40674e-15
-1.89476e-22
1.84387e-14
1.28555e-14
6.40674e-15
2.90979e-14
2.43942e-14
1.84387e-14
1.28555e-14
6.40674e-15
2.90979e-14
2.43942e-14
1.84387e-14
1.28555e-14
6.40674e-15
2.90979e-14
2.43942e-14
1.84387e-14
1.28555e-14
6.40674e-15
2.90979e-14
2.43942e-14
1.84387e-14
1.28555e-14
6.40674e-15
2.90979e-14
2.43942e-14
1.84387e-14
1.28555e-14
6.40674e-15
2.90979e-14
2.43942e-14
1.84387e-14
1.28555e-14
6.40674e-15
2.90979e-14
2.43942e-14
1.84387e-14
1.28555e-14
6.40674e-15
2.90979e-14
2.43942e-14
1.84387e-14
1.28555e-14
6.40674e-15
)
;
    }
    ami2
    {
        type            cyclicAMI;
        value           nonuniform List<scalar> 
48
(
9.55089e-38
-1.73624e-21
8.98584e-22
-8.68119e-22
-7.34684e-38
-1.44182e-37
9.01348e-22
2.33746e-22
-9.54956e-22
-4.99585e-37
1.06601e-21
1.03777e-21
9.54956e-22
5.73053e-37
6.51227e-22
-4.50674e-22
-1.10632e-21
1.68977e-37
0
-1.18361e-21
-1.10632e-21
-9.83386e-22
-8.23155e-22
0
-7.64071e-37
-6.17135e-37
-5.01651e-38
-1.29566e-21
1.22255e-21
-1.10632e-21
0
5.87747e-38
0
0
1.39022e-21
1.36616e-21
-6.17135e-37
-1.18361e-21
-2.07554e-21
-1.73624e-21
-1.17549e-37
1.39022e-21
0
1.39022e-21
0
1.20998e-21
-3.23261e-37
0
)
;
    }
    outlet
    {
        type            calculated;
        value           nonuniform List<scalar> 0();
    }
    procBoundary0to1
    {
        type            processor;
        value           nonuniform List<scalar> 
138
(
7.64071e-37
-1.17323e-07
-1.17323e-07
-1.17323e-07
-1.17323e-07
-1.17323e-07
-1.17323e-07
-1.17323e-07
-1.17323e-07
-1.17323e-07
-1.03777e-21
-1.03272e-07
-1.03272e-07
-1.03272e-07
-1.03272e-07
-1.03272e-07
-1.03272e-07
-1.03272e-07
-1.03272e-07
-1.03272e-07
-2.33789e-08
-2.33789e-08
-3.52648e-37
-2.33789e-08
-8.32578e-08
-8.32578e-08
-8.32578e-08
-8.32578e-08
-8.32578e-08
-8.32578e-08
-8.32578e-08
-8.32578e-08
-8.32578e-08
-1.89298e-22
1.66405e-23
-1.91366e-22
-1.89298e-22
-1.90849e-22
1.66405e-23
-1.90155e-22
-1.90849e-22
-1.89298e-22
-4.99216e-24
-1.91447e-22
-1.89298e-22
-5.83852e-08
-5.83852e-08
-5.83852e-08
-5.83852e-08
-5.83852e-08
-5.83852e-08
-5.83852e-08
-5.83852e-08
-5.83852e-08
-5.83852e-08
-5.83852e-08
-5.83852e-08
-3.00804e-08
-3.00804e-08
-3.00804e-08
-3.00804e-08
-3.00804e-08
-3.00804e-08
-3.00804e-08
-3.00804e-08
-3.00804e-08
-3.00804e-08
-3.00804e-08
-3.00804e-08
-6.98782e-23
2.43853e-23
-6.97934e-23
-6.97934e-23
-6.9965e-23
2.39551e-23
-6.98782e-23
-6.98782e-23
-6.97934e-23
-5.28176e-23
-6.98782e-23
-6.9965e-23
3.00804e-08
3.00804e-08
3.00804e-08
3.00804e-08
3.00804e-08
3.00804e-08
3.00804e-08
3.00804e-08
3.00804e-08
3.00804e-08
3.00804e-08
3.00804e-08
5.83852e-08
5.83852e-08
5.83852e-08
5.83852e-08
5.83852e-08
5.83852e-08
5.83852e-08
5.83852e-08
5.83852e-08
5.83852e-08
5.83852e-08
5.83852e-08
8.32578e-08
8.32578e-08
8.32578e-08
8.32578e-08
8.32578e-08
8.32578e-08
8.32578e-08
8.32578e-08
8.32578e-08
8.32578e-08
8.32578e-08
1.03272e-07
1.03272e-07
1.03272e-07
1.03272e-07
1.03272e-07
1.03272e-07
1.03272e-07
1.03272e-07
1.03272e-07
1.03272e-07
1.03272e-07
1.17323e-07
1.17323e-07
1.17323e-07
1.17323e-07
1.17323e-07
1.17323e-07
1.17323e-07
1.17323e-07
1.17323e-07
1.17323e-07
1.17323e-07
)
;
    }
    procBoundary0to2
    {
        type            processor;
        value           nonuniform List<scalar> 
28
(
2.33746e-22
0
-6.5559e-08
-9.05895e-08
-9.05895e-08
-6.36452e-22
-9.05895e-08
-9.18355e-37
6.5559e-08
1.95368e-21
-5.80257e-08
5.80257e-08
-7.99557e-08
-7.99557e-08
8.23155e-22
-7.99557e-08
6.36452e-22
8.23155e-22
-6.45823e-08
-6.45823e-08
9.83386e-22
-6.45823e-08
8.81621e-38
0
-4.53455e-08
-4.53455e-08
-1.10632e-21
-4.53455e-08
)
;
    }
    procBoundary0to8
    {
        type            processor;
        value           nonuniform List<scalar> 
29
(
0
9.11008e-37
-1.2729e-21
0
0
0
1.30245e-21
0
0
4.15107e-21
0
1.26366e-36
0
0
-2.36722e-21
-3.11502e-21
0
0
-2.4451e-21
0
0
0
0
-2.59131e-21
-2.73232e-21
0
2.6412e-21
4.24854e-37
0
)
;
    }
    procBoundary0to9
    {
        type            processor;
        value           nonuniform List<scalar> 
40
(
0
0
-3.11502e-21
9.05895e-08
-1.2729e-21
4.50674e-22
0
0
0
-1.90991e-21
7.99557e-08
0
-6.51227e-22
9.01348e-22
0
2.36722e-21
2.21265e-21
6.45823e-08
1.96677e-21
0
-1.2729e-21
0
-2.59131e-21
-2.4451e-21
4.53455e-08
-2.21265e-21
0
-7.78756e-22
-2.73232e-21
0
2.33789e-08
2.36722e-21
2.07554e-21
-8.68119e-22
2.78043e-21
0
-2.91581e-22
0
-1.06601e-21
5.51013e-37
)
;
    }
}


// ************************************************************************* //
