/*--------------------------------*- C++ -*----------------------------------*\
| =========                 |                                                 |
| \\      /  F ield         | OpenFOAM: The Open Source CFD Toolbox           |
|  \\    /   O peration     | Version:  2212                                  |
|   \\  /    A nd           | Website:  www.openfoam.com                      |
|    \\/     M anipulation  |                                                 |
\*---------------------------------------------------------------------------*/
FoamFile
{
    version     2.0;
    format      ascii;
    arch        "LSB;label=32;scalar=64";
    class       vectorField;
    location    "0.2/polyMesh";
    object      points;
}
// * * * * * * * * * * * * * * * * * * * * * * * * * * * * * * * * * * * * * //


988
(
(0.098 -0.0110506 -0.0166698)
(0.1 -0.0110506 -0.0166698)
(0.102 -0.0110506 -0.0166698)
(0.104 -0.0110506 -0.0166698)
(0.106 -0.0110506 -0.0166698)
(0.108 -0.0110506 -0.0166698)
(0.098 -0.00856578 -0.0180728)
(0.1 -0.00856578 -0.0180728)
(0.102 -0.00856578 -0.0180728)
(0.104 -0.00856578 -0.0180728)
(0.106 -0.00856578 -0.0180728)
(0.108 -0.00856578 -0.0180728)
(0.098 -0.00590656 -0.0191079)
(0.1 -0.00590656 -0.0191079)
(0.102 -0.00590656 -0.0191079)
(0.104 -0.00590656 -0.0191079)
(0.106 -0.00590656 -0.0191079)
(0.108 -0.00590656 -0.0191079)
(0.098 -0.0031271 -0.019754)
(0.1 -0.0031271 -0.019754)
(0.102 -0.0031271 -0.019754)
(0.104 -0.0031271 -0.019754)
(0.106 -0.0031271 -0.019754)
(0.108 -0.0031271 -0.019754)
(0.11 -0.0031271 -0.019754)
(0.098 -0.00028398 -0.019998)
(0.1 -0.00028398 -0.019998)
(0.102 -0.00028398 -0.019998)
(0.104 -0.00028398 -0.019998)
(0.106 -0.00028398 -0.019998)
(0.108 -0.00028398 -0.019998)
(0.11 -0.00028398 -0.019998)
(0.098 0.00256492 -0.0198348)
(0.1 0.00256492 -0.0198348)
(0.102 0.00256492 -0.0198348)
(0.104 0.00256492 -0.0198348)
(0.106 0.00256492 -0.0198348)
(0.108 0.00256492 -0.0198348)
(0.11 0.00256492 -0.0198348)
(0.112 0.00256492 -0.0198348)
(0.098 0.00536161 -0.0192679)
(0.1 0.00536161 -0.0192679)
(0.102 0.00536161 -0.0192679)
(0.104 0.00536161 -0.0192679)
(0.106 0.00536161 -0.0192679)
(0.108 0.00536161 -0.0192679)
(0.11 0.00536161 -0.0192679)
(0.112 0.00536161 -0.0192679)
(0.098 0.00804914 -0.0183088)
(0.1 0.00804914 -0.0183088)
(0.102 0.00804914 -0.0183088)
(0.104 0.00804914 -0.0183088)
(0.106 0.00804914 -0.0183088)
(0.108 0.00804914 -0.0183088)
(0.11 0.00804914 -0.0183088)
(0.112 0.00804914 -0.0183088)
(0.098 0.0105728 -0.0169769)
(0.1 0.0105728 -0.0169769)
(0.102 0.0105728 -0.0169769)
(0.104 0.0105728 -0.0169769)
(0.106 0.0105728 -0.0169769)
(0.108 0.0105728 -0.0169769)
(0.11 0.0105728 -0.0169769)
(0.112 0.0105728 -0.0169769)
(0.098 0.0128813 -0.0152994)
(0.1 0.0128813 -0.0152994)
(0.102 0.0128813 -0.0152994)
(0.104 0.0128813 -0.0152994)
(0.106 0.0128813 -0.0152994)
(0.108 0.0128813 -0.0152994)
(0.11 0.0128813 -0.0152994)
(0.112 0.0128813 -0.0152994)
(0.098 0.0149275 -0.0133105)
(0.1 0.0149275 -0.0133105)
(0.102 0.0149275 -0.0133105)
(0.104 0.0149275 -0.0133105)
(0.106 0.0149275 -0.0133105)
(0.108 0.0149275 -0.0133105)
(0.11 0.0149275 -0.0133105)
(0.098 0.0166698 -0.0110506)
(0.1 0.0166698 -0.0110506)
(0.102 0.0166698 -0.0110506)
(0.104 0.0166698 -0.0110506)
(0.106 0.0166698 -0.0110506)
(0.108 0.0166698 -0.0110506)
(0.11 0.0166698 -0.0110506)
(0.098 -0.0133105 -0.0149275)
(0.1 -0.0133105 -0.0149275)
(0.102 -0.0133105 -0.0149275)
(0.104 -0.0133105 -0.0149275)
(0.106 -0.0133105 -0.0149275)
(0.108 -0.0133105 -0.0149275)
(0.11 -0.0133105 -0.0149275)
(0.098 -0.0105602 -0.01593)
(0.1 -0.0105602 -0.01593)
(0.102 -0.0105602 -0.01593)
(0.104 -0.0105602 -0.01593)
(0.106 -0.0105602 -0.01593)
(0.108 -0.0105602 -0.01593)
(0.11 -0.0105602 -0.01593)
(0.098 -0.0076237 -0.0166227)
(0.1 -0.0076237 -0.0166227)
(0.102 -0.0076237 -0.0166227)
(0.104 -0.0076237 -0.0166227)
(0.106 -0.0076237 -0.0166227)
(0.108 -0.0076237 -0.0166227)
(0.11 -0.0076237 -0.0166227)
(0.098 -0.00455407 -0.01699)
(0.1 -0.00455407 -0.01699)
(0.102 -0.00455407 -0.01699)
(0.104 -0.00455407 -0.01699)
(0.106 -0.00455407 -0.01699)
(0.108 -0.00455407 -0.01699)
(0.11 -0.00455407 -0.01699)
(0.098 -0.001407 -0.0170232)
(0.1 -0.001407 -0.0170232)
(0.102 -0.001407 -0.0170232)
(0.104 -0.001407 -0.0170232)
(0.106 -0.001407 -0.0170232)
(0.108 -0.001407 -0.0170232)
(0.11 -0.001407 -0.0170232)
(0.098 0.00176022 -0.0167202)
(0.1 0.00176022 -0.0167202)
(0.102 0.00176022 -0.0167202)
(0.104 0.00176022 -0.0167202)
(0.106 0.00176022 -0.0167202)
(0.108 0.00176022 -0.0167202)
(0.11 0.00176022 -0.0167202)
(0.112 0.00176022 -0.0167202)
(0.098 0.0048899 -0.0160858)
(0.1 0.0048899 -0.0160858)
(0.102 0.0048899 -0.0160858)
(0.104 0.0048899 -0.0160858)
(0.106 0.0048899 -0.0160858)
(0.108 0.0048899 -0.0160858)
(0.11 0.0048899 -0.0160858)
(0.112 0.0048899 -0.0160858)
(0.098 0.0079251 -0.0151315)
(0.1 0.0079251 -0.0151315)
(0.102 0.0079251 -0.0151315)
(0.104 0.0079251 -0.0151315)
(0.106 0.0079251 -0.0151315)
(0.108 0.0079251 -0.0151315)
(0.11 0.0079251 -0.0151315)
(0.112 0.0079251 -0.0151315)
(0.098 0.0108108 -0.0138754)
(0.1 0.0108108 -0.0138754)
(0.102 0.0108108 -0.0138754)
(0.104 0.0108108 -0.0138754)
(0.106 0.0108108 -0.0138754)
(0.108 0.0108108 -0.0138754)
(0.11 0.0108108 -0.0138754)
(0.112 0.0108108 -0.0138754)
(0.098 0.0134951 -0.0123417)
(0.1 0.0134951 -0.0123417)
(0.102 0.0134951 -0.0123417)
(0.104 0.0134951 -0.0123417)
(0.106 0.0134951 -0.0123417)
(0.108 0.0134951 -0.0123417)
(0.11 0.0134951 -0.0123417)
(0.112 0.0134951 -0.0123417)
(0.098 0.01593 -0.0105602)
(0.1 0.01593 -0.0105602)
(0.102 0.01593 -0.0105602)
(0.104 0.01593 -0.0105602)
(0.106 0.01593 -0.0105602)
(0.108 0.01593 -0.0105602)
(0.11 0.01593 -0.0105602)
(0.112 0.01593 -0.0105602)
(0.098 0.0180728 -0.00856578)
(0.1 0.0180728 -0.00856578)
(0.102 0.0180728 -0.00856578)
(0.104 0.0180728 -0.00856578)
(0.106 0.0180728 -0.00856578)
(0.108 0.0180728 -0.00856578)
(0.11 0.0180728 -0.00856578)
(0.098 -0.0152994 -0.0128813)
(0.1 -0.0152994 -0.0128813)
(0.102 -0.0152994 -0.0128813)
(0.104 -0.0152994 -0.0128813)
(0.106 -0.0152994 -0.0128813)
(0.108 -0.0152994 -0.0128813)
(0.11 -0.0152994 -0.0128813)
(0.112 -0.0152994 -0.0128813)
(0.098 -0.0123417 -0.0134951)
(0.1 -0.0123417 -0.0134951)
(0.102 -0.0123417 -0.0134951)
(0.104 -0.0123417 -0.0134951)
(0.106 -0.0123417 -0.0134951)
(0.108 -0.0123417 -0.0134951)
(0.11 -0.0123417 -0.0134951)
(0.112 -0.0123417 -0.0134951)
(0.098 -0.00918603 -0.0138571)
(0.1 -0.00918603 -0.0138571)
(0.102 -0.00918603 -0.0138571)
(0.104 -0.00918603 -0.0138571)
(0.106 -0.00918603 -0.0138571)
(0.108 -0.00918603 -0.0138571)
(0.11 -0.00918603 -0.0138571)
(0.098 -0.00588431 -0.0139575)
(0.1 -0.00588431 -0.0139575)
(0.102 -0.00588431 -0.0139575)
(0.104 -0.00588431 -0.0139575)
(0.106 -0.00588431 -0.0139575)
(0.108 -0.00588431 -0.0139575)
(0.11 -0.00588431 -0.0139575)
(0.098 -0.00249137 -0.0137917)
(0.1 -0.00249137 -0.0137917)
(0.102 -0.00249137 -0.0137917)
(0.104 -0.00249137 -0.0137917)
(0.106 -0.00249137 -0.0137917)
(0.108 -0.00249137 -0.0137917)
(0.11 -0.00249137 -0.0137917)
(0.098 0.000936093 -0.0133606)
(0.1 0.000936093 -0.0133606)
(0.102 0.000936093 -0.0133606)
(0.104 0.000936093 -0.0133606)
(0.106 0.000936093 -0.0133606)
(0.108 0.000936093 -0.0133606)
(0.11 0.000936093 -0.0133606)
(0.098 0.00434068 -0.0126705)
(0.1 0.00434068 -0.0126705)
(0.102 0.00434068 -0.0126705)
(0.104 0.00434068 -0.0126705)
(0.106 0.00434068 -0.0126705)
(0.108 0.00434068 -0.0126705)
(0.11 0.00434068 -0.0126705)
(0.098 0.00766545 -0.0117328)
(0.1 0.00766545 -0.0117328)
(0.102 0.00766545 -0.0117328)
(0.104 0.00766545 -0.0117328)
(0.106 0.00766545 -0.0117328)
(0.108 0.00766545 -0.0117328)
(0.11 0.00766545 -0.0117328)
(0.112 0.00766545 -0.0117328)
(0.098 0.0108551 -0.0105643)
(0.1 0.0108551 -0.0105643)
(0.102 0.0108551 -0.0105643)
(0.104 0.0108551 -0.0105643)
(0.106 0.0108551 -0.0105643)
(0.108 0.0108551 -0.0105643)
(0.11 0.0108551 -0.0105643)
(0.112 0.0108551 -0.0105643)
(0.098 0.0138571 -0.00918603)
(0.1 0.0138571 -0.00918603)
(0.102 0.0138571 -0.00918603)
(0.104 0.0138571 -0.00918603)
(0.106 0.0138571 -0.00918603)
(0.108 0.0138571 -0.00918603)
(0.11 0.0138571 -0.00918603)
(0.112 0.0138571 -0.00918603)
(0.098 0.0166227 -0.0076237)
(0.1 0.0166227 -0.0076237)
(0.102 0.0166227 -0.0076237)
(0.104 0.0166227 -0.0076237)
(0.106 0.0166227 -0.0076237)
(0.108 0.0166227 -0.0076237)
(0.11 0.0166227 -0.0076237)
(0.112 0.0166227 -0.0076237)
(0.098 0.0191079 -0.00590656)
(0.1 0.0191079 -0.00590656)
(0.102 0.0191079 -0.00590656)
(0.104 0.0191079 -0.00590656)
(0.106 0.0191079 -0.00590656)
(0.108 0.0191079 -0.00590656)
(0.11 0.0191079 -0.00590656)
(0.098 -0.0169769 -0.0105728)
(0.1 -0.0169769 -0.0105728)
(0.102 -0.0169769 -0.0105728)
(0.104 -0.0169769 -0.0105728)
(0.106 -0.0169769 -0.0105728)
(0.108 -0.0169769 -0.0105728)
(0.11 -0.0169769 -0.0105728)
(0.112 -0.0169769 -0.0105728)
(0.098 -0.0138754 -0.0108108)
(0.1 -0.0138754 -0.0108108)
(0.102 -0.0138754 -0.0108108)
(0.104 -0.0138754 -0.0108108)
(0.106 -0.0138754 -0.0108108)
(0.108 -0.0138754 -0.0108108)
(0.11 -0.0138754 -0.0108108)
(0.112 -0.0138754 -0.0108108)
(0.098 -0.0105643 -0.0108551)
(0.1 -0.0105643 -0.0108551)
(0.102 -0.0105643 -0.0108551)
(0.104 -0.0105643 -0.0108551)
(0.106 -0.0105643 -0.0108551)
(0.108 -0.0105643 -0.0108551)
(0.11 -0.0105643 -0.0108551)
(0.112 -0.0105643 -0.0108551)
(0.098 -0.00709412 -0.0107015)
(0.1 -0.00709412 -0.0107015)
(0.102 -0.00709412 -0.0107015)
(0.104 -0.00709412 -0.0107015)
(0.106 -0.00709412 -0.0107015)
(0.108 -0.00709412 -0.0107015)
(0.11 -0.00709412 -0.0107015)
(0.098 -0.00351899 -0.0103496)
(0.1 -0.00351899 -0.0103496)
(0.102 -0.00351899 -0.0103496)
(0.104 -0.00351899 -0.0103496)
(0.106 -0.00351899 -0.0103496)
(0.108 -0.00351899 -0.0103496)
(0.11 -0.00351899 -0.0103496)
(0.098 0.000105035 -0.00980333)
(0.1 0.000105035 -0.00980333)
(0.102 0.000105035 -0.00980333)
(0.104 0.000105035 -0.00980333)
(0.106 0.000105035 -0.00980333)
(0.108 0.000105035 -0.00980333)
(0.11 0.000105035 -0.00980333)
(0.098 0.00372085 -0.00907037)
(0.1 0.00372085 -0.00907037)
(0.102 0.00372085 -0.00907037)
(0.104 0.00372085 -0.00907037)
(0.106 0.00372085 -0.00907037)
(0.108 0.00372085 -0.00907037)
(0.11 0.00372085 -0.00907037)
(0.098 0.00727153 -0.00816227)
(0.1 0.00727153 -0.00816227)
(0.102 0.00727153 -0.00816227)
(0.104 0.00727153 -0.00816227)
(0.106 0.00727153 -0.00816227)
(0.108 0.00727153 -0.00816227)
(0.11 0.00727153 -0.00816227)
(0.098 0.0107015 -0.00709412)
(0.1 0.0107015 -0.00709412)
(0.102 0.0107015 -0.00709412)
(0.104 0.0107015 -0.00709412)
(0.106 0.0107015 -0.00709412)
(0.108 0.0107015 -0.00709412)
(0.11 0.0107015 -0.00709412)
(0.098 0.0139575 -0.00588431)
(0.1 0.0139575 -0.00588431)
(0.102 0.0139575 -0.00588431)
(0.104 0.0139575 -0.00588431)
(0.106 0.0139575 -0.00588431)
(0.108 0.0139575 -0.00588431)
(0.11 0.0139575 -0.00588431)
(0.112 0.0139575 -0.00588431)
(0.098 0.01699 -0.00455407)
(0.1 0.01699 -0.00455407)
(0.102 0.01699 -0.00455407)
(0.104 0.01699 -0.00455407)
(0.106 0.01699 -0.00455407)
(0.108 0.01699 -0.00455407)
(0.11 0.01699 -0.00455407)
(0.112 0.01699 -0.00455407)
(0.098 0.019754 -0.0031271)
(0.1 0.019754 -0.0031271)
(0.102 0.019754 -0.0031271)
(0.104 0.019754 -0.0031271)
(0.106 0.019754 -0.0031271)
(0.108 0.019754 -0.0031271)
(0.11 0.019754 -0.0031271)
(0.098 -0.0183088 -0.00804914)
(0.1 -0.0183088 -0.00804914)
(0.102 -0.0183088 -0.00804914)
(0.104 -0.0183088 -0.00804914)
(0.106 -0.0183088 -0.00804914)
(0.108 -0.0183088 -0.00804914)
(0.11 -0.0183088 -0.00804914)
(0.112 -0.0183088 -0.00804914)
(0.098 -0.0151315 -0.0079251)
(0.1 -0.0151315 -0.0079251)
(0.102 -0.0151315 -0.0079251)
(0.104 -0.0151315 -0.0079251)
(0.106 -0.0151315 -0.0079251)
(0.108 -0.0151315 -0.0079251)
(0.11 -0.0151315 -0.0079251)
(0.112 -0.0151315 -0.0079251)
(0.098 -0.0117328 -0.00766545)
(0.1 -0.0117328 -0.00766545)
(0.102 -0.0117328 -0.00766545)
(0.104 -0.0117328 -0.00766545)
(0.106 -0.0117328 -0.00766545)
(0.108 -0.0117328 -0.00766545)
(0.11 -0.0117328 -0.00766545)
(0.112 -0.0117328 -0.00766545)
(0.098 -0.00816227 -0.00727153)
(0.1 -0.00816227 -0.00727153)
(0.102 -0.00816227 -0.00727153)
(0.104 -0.00816227 -0.00727153)
(0.106 -0.00816227 -0.00727153)
(0.108 -0.00816227 -0.00727153)
(0.11 -0.00816227 -0.00727153)
(0.098 -0.00447291 -0.00674738)
(0.1 -0.00447291 -0.00674738)
(0.102 -0.00447291 -0.00674738)
(0.104 -0.00447291 -0.00674738)
(0.106 -0.00447291 -0.00674738)
(0.108 -0.00447291 -0.00674738)
(0.11 -0.00447291 -0.00674738)
(0.098 -0.000720301 -0.0060997)
(0.1 -0.000720301 -0.0060997)
(0.102 -0.000720301 -0.0060997)
(0.104 -0.000720301 -0.0060997)
(0.106 -0.000720301 -0.0060997)
(0.108 -0.000720301 -0.0060997)
(0.11 -0.000720301 -0.0060997)
(0.098 0.00303878 -0.00533769)
(0.1 0.00303878 -0.00533769)
(0.102 0.00303878 -0.00533769)
(0.104 0.00303878 -0.00533769)
(0.106 0.00303878 -0.00533769)
(0.108 0.00303878 -0.00533769)
(0.11 0.00303878 -0.00533769)
(0.098 0.00674738 -0.00447291)
(0.1 0.00674738 -0.00447291)
(0.102 0.00674738 -0.00447291)
(0.104 0.00674738 -0.00447291)
(0.106 0.00674738 -0.00447291)
(0.108 0.00674738 -0.00447291)
(0.11 0.00674738 -0.00447291)
(0.098 0.0103496 -0.00351899)
(0.1 0.0103496 -0.00351899)
(0.102 0.0103496 -0.00351899)
(0.104 0.0103496 -0.00351899)
(0.106 0.0103496 -0.00351899)
(0.108 0.0103496 -0.00351899)
(0.11 0.0103496 -0.00351899)
(0.098 0.0137917 -0.00249137)
(0.1 0.0137917 -0.00249137)
(0.102 0.0137917 -0.00249137)
(0.104 0.0137917 -0.00249137)
(0.106 0.0137917 -0.00249137)
(0.108 0.0137917 -0.00249137)
(0.11 0.0137917 -0.00249137)
(0.098 0.0170232 -0.001407)
(0.1 0.0170232 -0.001407)
(0.102 0.0170232 -0.001407)
(0.104 0.0170232 -0.001407)
(0.106 0.0170232 -0.001407)
(0.108 0.0170232 -0.001407)
(0.11 0.0170232 -0.001407)
(0.098 0.019998 -0.00028398)
(0.1 0.019998 -0.00028398)
(0.102 0.019998 -0.00028398)
(0.104 0.019998 -0.00028398)
(0.106 0.019998 -0.00028398)
(0.108 0.019998 -0.00028398)
(0.11 0.019998 -0.00028398)
(0.098 -0.0192679 -0.00536161)
(0.1 -0.0192679 -0.00536161)
(0.102 -0.0192679 -0.00536161)
(0.104 -0.0192679 -0.00536161)
(0.106 -0.0192679 -0.00536161)
(0.108 -0.0192679 -0.00536161)
(0.11 -0.0192679 -0.00536161)
(0.098 -0.0160858 -0.0048899)
(0.1 -0.0160858 -0.0048899)
(0.102 -0.0160858 -0.0048899)
(0.104 -0.0160858 -0.0048899)
(0.106 -0.0160858 -0.0048899)
(0.108 -0.0160858 -0.0048899)
(0.11 -0.0160858 -0.0048899)
(0.098 -0.0126705 -0.00434068)
(0.1 -0.0126705 -0.00434068)
(0.102 -0.0126705 -0.00434068)
(0.104 -0.0126705 -0.00434068)
(0.106 -0.0126705 -0.00434068)
(0.108 -0.0126705 -0.00434068)
(0.11 -0.0126705 -0.00434068)
(0.098 -0.00907037 -0.00372085)
(0.1 -0.00907037 -0.00372085)
(0.102 -0.00907037 -0.00372085)
(0.104 -0.00907037 -0.00372085)
(0.106 -0.00907037 -0.00372085)
(0.108 -0.00907037 -0.00372085)
(0.098 -0.00533769 -0.00303878)
(0.1 -0.00533769 -0.00303878)
(0.102 -0.00533769 -0.00303878)
(0.104 -0.00533769 -0.00303878)
(0.106 -0.00533769 -0.00303878)
(0.108 -0.00533769 -0.00303878)
(0.098 -0.00152738 -0.00230406)
(0.1 -0.00152738 -0.00230406)
(0.102 -0.00152738 -0.00230406)
(0.104 -0.00152738 -0.00230406)
(0.106 -0.00152738 -0.00230406)
(0.108 -0.00152738 -0.00230406)
(0.098 0.00230406 -0.00152738)
(0.1 0.00230406 -0.00152738)
(0.102 0.00230406 -0.00152738)
(0.104 0.00230406 -0.00152738)
(0.106 0.00230406 -0.00152738)
(0.108 0.00230406 -0.00152738)
(0.098 0.0060997 -0.000720301)
(0.1 0.0060997 -0.000720301)
(0.102 0.0060997 -0.000720301)
(0.104 0.0060997 -0.000720301)
(0.106 0.0060997 -0.000720301)
(0.108 0.0060997 -0.000720301)
(0.098 0.00980333 0.000105035)
(0.1 0.00980333 0.000105035)
(0.102 0.00980333 0.000105035)
(0.104 0.00980333 0.000105035)
(0.106 0.00980333 0.000105035)
(0.108 0.00980333 0.000105035)
(0.098 0.0133606 0.000936093)
(0.1 0.0133606 0.000936093)
(0.102 0.0133606 0.000936093)
(0.104 0.0133606 0.000936093)
(0.106 0.0133606 0.000936093)
(0.108 0.0133606 0.000936093)
(0.098 0.0167202 0.00176022)
(0.1 0.0167202 0.00176022)
(0.102 0.0167202 0.00176022)
(0.104 0.0167202 0.00176022)
(0.106 0.0167202 0.00176022)
(0.108 0.0167202 0.00176022)
(0.11 0.0167202 0.00176022)
(0.098 0.0198348 0.00256492)
(0.1 0.0198348 0.00256492)
(0.102 0.0198348 0.00256492)
(0.104 0.0198348 0.00256492)
(0.106 0.0198348 0.00256492)
(0.108 0.0198348 0.00256492)
(0.11 0.0198348 0.00256492)
(0.096 -0.0198348 -0.00256492)
(0.098 -0.0198348 -0.00256492)
(0.1 -0.0198348 -0.00256492)
(0.102 -0.0198348 -0.00256492)
(0.104 -0.0198348 -0.00256492)
(0.106 -0.0198348 -0.00256492)
(0.108 -0.0198348 -0.00256492)
(0.11 -0.0198348 -0.00256492)
(0.096 -0.0167202 -0.00176022)
(0.098 -0.0167202 -0.00176022)
(0.1 -0.0167202 -0.00176022)
(0.102 -0.0167202 -0.00176022)
(0.104 -0.0167202 -0.00176022)
(0.106 -0.0167202 -0.00176022)
(0.108 -0.0167202 -0.00176022)
(0.11 -0.0167202 -0.00176022)
(0.096 -0.0133606 -0.000936093)
(0.098 -0.0133606 -0.000936093)
(0.1 -0.0133606 -0.000936093)
(0.102 -0.0133606 -0.000936093)
(0.104 -0.0133606 -0.000936093)
(0.106 -0.0133606 -0.000936093)
(0.108 -0.0133606 -0.000936093)
(0.11 -0.0133606 -0.000936093)
(0.096 -0.00980333 -0.000105035)
(0.098 -0.00980333 -0.000105035)
(0.1 -0.00980333 -0.000105035)
(0.102 -0.00980333 -0.000105035)
(0.104 -0.00980333 -0.000105035)
(0.106 -0.00980333 -0.000105035)
(0.108 -0.00980333 -0.000105035)
(0.096 -0.0060997 0.000720301)
(0.098 -0.0060997 0.000720301)
(0.1 -0.0060997 0.000720301)
(0.102 -0.0060997 0.000720301)
(0.104 -0.0060997 0.000720301)
(0.106 -0.0060997 0.000720301)
(0.108 -0.0060997 0.000720301)
(0.096 -0.00230406 0.00152738)
(0.098 -0.00230406 0.00152738)
(0.1 -0.00230406 0.00152738)
(0.102 -0.00230406 0.00152738)
(0.104 -0.00230406 0.00152738)
(0.106 -0.00230406 0.00152738)
(0.108 -0.00230406 0.00152738)
(0.098 0.00152738 0.00230406)
(0.1 0.00152738 0.00230406)
(0.102 0.00152738 0.00230406)
(0.104 0.00152738 0.00230406)
(0.106 0.00152738 0.00230406)
(0.108 0.00152738 0.00230406)
(0.098 0.00533769 0.00303878)
(0.1 0.00533769 0.00303878)
(0.102 0.00533769 0.00303878)
(0.104 0.00533769 0.00303878)
(0.106 0.00533769 0.00303878)
(0.108 0.00533769 0.00303878)
(0.098 0.00907037 0.00372085)
(0.1 0.00907037 0.00372085)
(0.102 0.00907037 0.00372085)
(0.104 0.00907037 0.00372085)
(0.106 0.00907037 0.00372085)
(0.108 0.00907037 0.00372085)
(0.098 0.0126705 0.00434068)
(0.1 0.0126705 0.00434068)
(0.102 0.0126705 0.00434068)
(0.104 0.0126705 0.00434068)
(0.106 0.0126705 0.00434068)
(0.108 0.0126705 0.00434068)
(0.098 0.0160858 0.0048899)
(0.1 0.0160858 0.0048899)
(0.102 0.0160858 0.0048899)
(0.104 0.0160858 0.0048899)
(0.106 0.0160858 0.0048899)
(0.108 0.0160858 0.0048899)
(0.098 0.0192679 0.00536161)
(0.1 0.0192679 0.00536161)
(0.102 0.0192679 0.00536161)
(0.104 0.0192679 0.00536161)
(0.106 0.0192679 0.00536161)
(0.108 0.0192679 0.00536161)
(0.096 -0.019998 0.00028398)
(0.098 -0.019998 0.00028398)
(0.1 -0.019998 0.00028398)
(0.102 -0.019998 0.00028398)
(0.104 -0.019998 0.00028398)
(0.106 -0.019998 0.00028398)
(0.108 -0.019998 0.00028398)
(0.096 -0.0170232 0.001407)
(0.098 -0.0170232 0.001407)
(0.1 -0.0170232 0.001407)
(0.102 -0.0170232 0.001407)
(0.104 -0.0170232 0.001407)
(0.106 -0.0170232 0.001407)
(0.108 -0.0170232 0.001407)
(0.096 -0.0137917 0.00249137)
(0.098 -0.0137917 0.00249137)
(0.1 -0.0137917 0.00249137)
(0.102 -0.0137917 0.00249137)
(0.104 -0.0137917 0.00249137)
(0.106 -0.0137917 0.00249137)
(0.108 -0.0137917 0.00249137)
(0.096 -0.0103496 0.00351899)
(0.098 -0.0103496 0.00351899)
(0.1 -0.0103496 0.00351899)
(0.102 -0.0103496 0.00351899)
(0.104 -0.0103496 0.00351899)
(0.106 -0.0103496 0.00351899)
(0.108 -0.0103496 0.00351899)
(0.096 -0.00674738 0.00447291)
(0.098 -0.00674738 0.00447291)
(0.1 -0.00674738 0.00447291)
(0.102 -0.00674738 0.00447291)
(0.104 -0.00674738 0.00447291)
(0.106 -0.00674738 0.00447291)
(0.108 -0.00674738 0.00447291)
(0.096 -0.00303878 0.00533769)
(0.098 -0.00303878 0.00533769)
(0.1 -0.00303878 0.00533769)
(0.102 -0.00303878 0.00533769)
(0.104 -0.00303878 0.00533769)
(0.106 -0.00303878 0.00533769)
(0.108 -0.00303878 0.00533769)
(0.098 0.000720301 0.0060997)
(0.1 0.000720301 0.0060997)
(0.102 0.000720301 0.0060997)
(0.104 0.000720301 0.0060997)
(0.106 0.000720301 0.0060997)
(0.108 0.000720301 0.0060997)
(0.098 0.00447291 0.00674738)
(0.1 0.00447291 0.00674738)
(0.102 0.00447291 0.00674738)
(0.104 0.00447291 0.00674738)
(0.106 0.00447291 0.00674738)
(0.108 0.00447291 0.00674738)
(0.098 0.00816227 0.00727153)
(0.1 0.00816227 0.00727153)
(0.102 0.00816227 0.00727153)
(0.104 0.00816227 0.00727153)
(0.106 0.00816227 0.00727153)
(0.108 0.00816227 0.00727153)
(0.098 0.0117328 0.00766545)
(0.1 0.0117328 0.00766545)
(0.102 0.0117328 0.00766545)
(0.104 0.0117328 0.00766545)
(0.106 0.0117328 0.00766545)
(0.108 0.0117328 0.00766545)
(0.098 0.0151315 0.0079251)
(0.1 0.0151315 0.0079251)
(0.102 0.0151315 0.0079251)
(0.104 0.0151315 0.0079251)
(0.106 0.0151315 0.0079251)
(0.108 0.0151315 0.0079251)
(0.098 0.0183088 0.00804914)
(0.1 0.0183088 0.00804914)
(0.102 0.0183088 0.00804914)
(0.104 0.0183088 0.00804914)
(0.106 0.0183088 0.00804914)
(0.108 0.0183088 0.00804914)
(0.096 -0.019754 0.0031271)
(0.098 -0.019754 0.0031271)
(0.1 -0.019754 0.0031271)
(0.102 -0.019754 0.0031271)
(0.104 -0.019754 0.0031271)
(0.106 -0.019754 0.0031271)
(0.108 -0.019754 0.0031271)
(0.096 -0.01699 0.00455407)
(0.098 -0.01699 0.00455407)
(0.1 -0.01699 0.00455407)
(0.102 -0.01699 0.00455407)
(0.104 -0.01699 0.00455407)
(0.106 -0.01699 0.00455407)
(0.108 -0.01699 0.00455407)
(0.096 -0.0139575 0.00588431)
(0.098 -0.0139575 0.00588431)
(0.1 -0.0139575 0.00588431)
(0.102 -0.0139575 0.00588431)
(0.104 -0.0139575 0.00588431)
(0.106 -0.0139575 0.00588431)
(0.108 -0.0139575 0.00588431)
(0.096 -0.0107015 0.00709412)
(0.098 -0.0107015 0.00709412)
(0.1 -0.0107015 0.00709412)
(0.102 -0.0107015 0.00709412)
(0.104 -0.0107015 0.00709412)
(0.106 -0.0107015 0.00709412)
(0.108 -0.0107015 0.00709412)
(0.096 -0.00727153 0.00816227)
(0.098 -0.00727153 0.00816227)
(0.1 -0.00727153 0.00816227)
(0.102 -0.00727153 0.00816227)
(0.104 -0.00727153 0.00816227)
(0.106 -0.00727153 0.00816227)
(0.108 -0.00727153 0.00816227)
(0.096 -0.00372085 0.00907037)
(0.098 -0.00372085 0.00907037)
(0.1 -0.00372085 0.00907037)
(0.102 -0.00372085 0.00907037)
(0.104 -0.00372085 0.00907037)
(0.106 -0.00372085 0.00907037)
(0.108 -0.00372085 0.00907037)
(0.098 -0.000105035 0.00980333)
(0.1 -0.000105035 0.00980333)
(0.102 -0.000105035 0.00980333)
(0.104 -0.000105035 0.00980333)
(0.106 -0.000105035 0.00980333)
(0.108 -0.000105035 0.00980333)
(0.098 0.00351899 0.0103496)
(0.1 0.00351899 0.0103496)
(0.102 0.00351899 0.0103496)
(0.104 0.00351899 0.0103496)
(0.106 0.00351899 0.0103496)
(0.108 0.00351899 0.0103496)
(0.098 0.00709412 0.0107015)
(0.1 0.00709412 0.0107015)
(0.102 0.00709412 0.0107015)
(0.104 0.00709412 0.0107015)
(0.106 0.00709412 0.0107015)
(0.108 0.00709412 0.0107015)
(0.098 0.0105643 0.0108551)
(0.1 0.0105643 0.0108551)
(0.102 0.0105643 0.0108551)
(0.104 0.0105643 0.0108551)
(0.106 0.0105643 0.0108551)
(0.108 0.0105643 0.0108551)
(0.098 0.0138754 0.0108108)
(0.1 0.0138754 0.0108108)
(0.102 0.0138754 0.0108108)
(0.104 0.0138754 0.0108108)
(0.106 0.0138754 0.0108108)
(0.108 0.0138754 0.0108108)
(0.098 0.0169769 0.0105728)
(0.1 0.0169769 0.0105728)
(0.102 0.0169769 0.0105728)
(0.104 0.0169769 0.0105728)
(0.106 0.0169769 0.0105728)
(0.108 0.0169769 0.0105728)
(0.096 -0.0191079 0.00590656)
(0.098 -0.0191079 0.00590656)
(0.1 -0.0191079 0.00590656)
(0.102 -0.0191079 0.00590656)
(0.104 -0.0191079 0.00590656)
(0.106 -0.0191079 0.00590656)
(0.108 -0.0191079 0.00590656)
(0.096 -0.0166227 0.0076237)
(0.098 -0.0166227 0.0076237)
(0.1 -0.0166227 0.0076237)
(0.102 -0.0166227 0.0076237)
(0.104 -0.0166227 0.0076237)
(0.106 -0.0166227 0.0076237)
(0.108 -0.0166227 0.0076237)
(0.096 -0.0138571 0.00918603)
(0.098 -0.0138571 0.00918603)
(0.1 -0.0138571 0.00918603)
(0.102 -0.0138571 0.00918603)
(0.104 -0.0138571 0.00918603)
(0.106 -0.0138571 0.00918603)
(0.108 -0.0138571 0.00918603)
(0.096 -0.0108551 0.0105643)
(0.098 -0.0108551 0.0105643)
(0.1 -0.0108551 0.0105643)
(0.102 -0.0108551 0.0105643)
(0.104 -0.0108551 0.0105643)
(0.106 -0.0108551 0.0105643)
(0.108 -0.0108551 0.0105643)
(0.096 -0.00766545 0.0117328)
(0.098 -0.00766545 0.0117328)
(0.1 -0.00766545 0.0117328)
(0.102 -0.00766545 0.0117328)
(0.104 -0.00766545 0.0117328)
(0.106 -0.00766545 0.0117328)
(0.108 -0.00766545 0.0117328)
(0.096 -0.00434068 0.0126705)
(0.098 -0.00434068 0.0126705)
(0.1 -0.00434068 0.0126705)
(0.102 -0.00434068 0.0126705)
(0.104 -0.00434068 0.0126705)
(0.106 -0.00434068 0.0126705)
(0.108 -0.00434068 0.0126705)
(0.098 -0.000936093 0.0133606)
(0.1 -0.000936093 0.0133606)
(0.102 -0.000936093 0.0133606)
(0.104 -0.000936093 0.0133606)
(0.106 -0.000936093 0.0133606)
(0.108 -0.000936093 0.0133606)
(0.098 0.00249137 0.0137917)
(0.1 0.00249137 0.0137917)
(0.102 0.00249137 0.0137917)
(0.104 0.00249137 0.0137917)
(0.106 0.00249137 0.0137917)
(0.108 0.00249137 0.0137917)
(0.098 0.00588431 0.0139575)
(0.1 0.00588431 0.0139575)
(0.102 0.00588431 0.0139575)
(0.104 0.00588431 0.0139575)
(0.106 0.00588431 0.0139575)
(0.108 0.00588431 0.0139575)
(0.098 0.00918603 0.0138571)
(0.1 0.00918603 0.0138571)
(0.102 0.00918603 0.0138571)
(0.104 0.00918603 0.0138571)
(0.106 0.00918603 0.0138571)
(0.108 0.00918603 0.0138571)
(0.098 0.0123417 0.0134951)
(0.1 0.0123417 0.0134951)
(0.102 0.0123417 0.0134951)
(0.104 0.0123417 0.0134951)
(0.106 0.0123417 0.0134951)
(0.108 0.0123417 0.0134951)
(0.098 0.0152994 0.0128813)
(0.1 0.0152994 0.0128813)
(0.102 0.0152994 0.0128813)
(0.104 0.0152994 0.0128813)
(0.106 0.0152994 0.0128813)
(0.108 0.0152994 0.0128813)
(0.096 -0.0180728 0.00856578)
(0.098 -0.0180728 0.00856578)
(0.1 -0.0180728 0.00856578)
(0.102 -0.0180728 0.00856578)
(0.104 -0.0180728 0.00856578)
(0.106 -0.0180728 0.00856578)
(0.108 -0.0180728 0.00856578)
(0.096 -0.01593 0.0105602)
(0.098 -0.01593 0.0105602)
(0.1 -0.01593 0.0105602)
(0.102 -0.01593 0.0105602)
(0.104 -0.01593 0.0105602)
(0.106 -0.01593 0.0105602)
(0.108 -0.01593 0.0105602)
(0.096 -0.0134951 0.0123417)
(0.098 -0.0134951 0.0123417)
(0.1 -0.0134951 0.0123417)
(0.102 -0.0134951 0.0123417)
(0.104 -0.0134951 0.0123417)
(0.106 -0.0134951 0.0123417)
(0.108 -0.0134951 0.0123417)
(0.096 -0.0108108 0.0138754)
(0.098 -0.0108108 0.0138754)
(0.1 -0.0108108 0.0138754)
(0.102 -0.0108108 0.0138754)
(0.104 -0.0108108 0.0138754)
(0.106 -0.0108108 0.0138754)
(0.108 -0.0108108 0.0138754)
(0.096 -0.0079251 0.0151315)
(0.098 -0.0079251 0.0151315)
(0.1 -0.0079251 0.0151315)
(0.102 -0.0079251 0.0151315)
(0.104 -0.0079251 0.0151315)
(0.106 -0.0079251 0.0151315)
(0.108 -0.0079251 0.0151315)
(0.096 -0.0048899 0.0160858)
(0.098 -0.0048899 0.0160858)
(0.1 -0.0048899 0.0160858)
(0.102 -0.0048899 0.0160858)
(0.104 -0.0048899 0.0160858)
(0.106 -0.0048899 0.0160858)
(0.108 -0.0048899 0.0160858)
(0.098 -0.00176022 0.0167202)
(0.1 -0.00176022 0.0167202)
(0.102 -0.00176022 0.0167202)
(0.104 -0.00176022 0.0167202)
(0.106 -0.00176022 0.0167202)
(0.108 -0.00176022 0.0167202)
(0.098 0.001407 0.0170232)
(0.1 0.001407 0.0170232)
(0.102 0.001407 0.0170232)
(0.104 0.001407 0.0170232)
(0.106 0.001407 0.0170232)
(0.108 0.001407 0.0170232)
(0.098 0.00455407 0.01699)
(0.1 0.00455407 0.01699)
(0.102 0.00455407 0.01699)
(0.104 0.00455407 0.01699)
(0.106 0.00455407 0.01699)
(0.108 0.00455407 0.01699)
(0.098 0.0076237 0.0166227)
(0.1 0.0076237 0.0166227)
(0.102 0.0076237 0.0166227)
(0.104 0.0076237 0.0166227)
(0.106 0.0076237 0.0166227)
(0.108 0.0076237 0.0166227)
(0.098 0.0105602 0.01593)
(0.1 0.0105602 0.01593)
(0.102 0.0105602 0.01593)
(0.104 0.0105602 0.01593)
(0.106 0.0105602 0.01593)
(0.108 0.0105602 0.01593)
(0.098 0.0133105 0.0149275)
(0.1 0.0133105 0.0149275)
(0.102 0.0133105 0.0149275)
(0.104 0.0133105 0.0149275)
(0.106 0.0133105 0.0149275)
(0.108 0.0133105 0.0149275)
(0.096 -0.0166698 0.0110506)
(0.098 -0.0166698 0.0110506)
(0.1 -0.0166698 0.0110506)
(0.102 -0.0166698 0.0110506)
(0.104 -0.0166698 0.0110506)
(0.106 -0.0166698 0.0110506)
(0.108 -0.0166698 0.0110506)
(0.096 -0.0149275 0.0133105)
(0.098 -0.0149275 0.0133105)
(0.1 -0.0149275 0.0133105)
(0.102 -0.0149275 0.0133105)
(0.104 -0.0149275 0.0133105)
(0.106 -0.0149275 0.0133105)
(0.108 -0.0149275 0.0133105)
(0.096 -0.0128813 0.0152994)
(0.098 -0.0128813 0.0152994)
(0.1 -0.0128813 0.0152994)
(0.102 -0.0128813 0.0152994)
(0.104 -0.0128813 0.0152994)
(0.106 -0.0128813 0.0152994)
(0.108 -0.0128813 0.0152994)
(0.096 -0.0105728 0.0169769)
(0.098 -0.0105728 0.0169769)
(0.1 -0.0105728 0.0169769)
(0.102 -0.0105728 0.0169769)
(0.104 -0.0105728 0.0169769)
(0.106 -0.0105728 0.0169769)
(0.096 -0.00804914 0.0183088)
(0.098 -0.00804914 0.0183088)
(0.1 -0.00804914 0.0183088)
(0.102 -0.00804914 0.0183088)
(0.104 -0.00804914 0.0183088)
(0.106 -0.00804914 0.0183088)
(0.096 -0.00536161 0.0192679)
(0.098 -0.00536161 0.0192679)
(0.1 -0.00536161 0.0192679)
(0.102 -0.00536161 0.0192679)
(0.104 -0.00536161 0.0192679)
(0.106 -0.00536161 0.0192679)
(0.108 -0.00536161 0.0192679)
(0.098 -0.00256492 0.0198348)
(0.1 -0.00256492 0.0198348)
(0.102 -0.00256492 0.0198348)
(0.104 -0.00256492 0.0198348)
(0.106 -0.00256492 0.0198348)
(0.108 -0.00256492 0.0198348)
(0.098 0.00028398 0.019998)
(0.1 0.00028398 0.019998)
(0.102 0.00028398 0.019998)
(0.104 0.00028398 0.019998)
(0.106 0.00028398 0.019998)
(0.108 0.00028398 0.019998)
(0.098 0.0031271 0.019754)
(0.1 0.0031271 0.019754)
(0.102 0.0031271 0.019754)
(0.104 0.0031271 0.019754)
(0.106 0.0031271 0.019754)
(0.108 0.0031271 0.019754)
(0.098 0.00590656 0.0191079)
(0.1 0.00590656 0.0191079)
(0.102 0.00590656 0.0191079)
(0.104 0.00590656 0.0191079)
(0.106 0.00590656 0.0191079)
(0.108 0.00590656 0.0191079)
(0.098 0.00856578 0.0180728)
(0.1 0.00856578 0.0180728)
(0.102 0.00856578 0.0180728)
(0.104 0.00856578 0.0180728)
(0.106 0.00856578 0.0180728)
(0.108 0.00856578 0.0180728)
(0.098 0.0110506 0.0166698)
(0.1 0.0110506 0.0166698)
(0.102 0.0110506 0.0166698)
(0.104 0.0110506 0.0166698)
(0.106 0.0110506 0.0166698)
(0.108 0.0110506 0.0166698)
)


// ************************************************************************* //
