/*--------------------------------*- C++ -*----------------------------------*\
| =========                 |                                                 |
| \\      /  F ield         | OpenFOAM: The Open Source CFD Toolbox           |
|  \\    /   O peration     | Version:  2212                                  |
|   \\  /    A nd           | Website:  www.openfoam.com                      |
|    \\/     M anipulation  |                                                 |
\*---------------------------------------------------------------------------*/
FoamFile
{
    version     2.0;
    format      ascii;
    arch        "LSB;label=32;scalar=64";
    class       faceList;
    location    "constant/polyMesh";
    object      faces;
}
// * * * * * * * * * * * * * * * * * * * * * * * * * * * * * * * * * * * * * //


2306
(
4(1 13 101 89)
4(12 100 101 13)
4(88 89 101 100)
4(2 14 102 90)
4(13 101 102 14)
4(89 90 102 101)
4(3 15 103 91)
4(14 102 103 15)
4(90 91 103 102)
4(4 16 104 92)
4(15 103 104 16)
4(91 92 104 103)
4(5 17 105 93)
4(16 104 105 17)
4(92 93 105 104)
4(6 18 106 94)
4(17 105 106 18)
4(93 94 106 105)
4(7 19 107 95)
4(18 106 107 19)
4(94 95 107 106)
4(8 20 108 96)
4(19 107 108 20)
4(95 96 108 107)
4(9 21 109 97)
4(20 108 109 21)
4(96 97 109 108)
4(10 22 110 98)
4(21 109 110 22)
4(97 98 110 109)
4(22 110 111 23)
4(98 99 111 110)
4(13 25 113 101)
4(24 112 113 25)
4(100 101 113 112)
4(14 26 114 102)
4(25 113 114 26)
4(101 102 114 113)
4(15 27 115 103)
4(26 114 115 27)
4(102 103 115 114)
4(16 28 116 104)
4(27 115 116 28)
4(103 104 116 115)
4(17 29 117 105)
4(28 116 117 29)
4(104 105 117 116)
4(18 30 118 106)
4(29 117 118 30)
4(105 106 118 117)
4(19 31 119 107)
4(30 118 119 31)
4(106 107 119 118)
4(20 32 120 108)
4(31 119 120 32)
4(107 108 120 119)
4(21 33 121 109)
4(32 120 121 33)
4(108 109 121 120)
4(22 34 122 110)
4(33 121 122 34)
4(109 110 122 121)
4(34 122 123 35)
4(110 111 123 122)
4(25 38 126 113)
4(37 125 126 38)
4(112 113 126 125)
4(26 39 127 114)
4(38 126 127 39)
4(113 114 127 126)
4(27 40 128 115)
4(39 127 128 40)
4(114 115 128 127)
4(28 41 129 116)
4(40 128 129 41)
4(115 116 129 128)
4(29 42 130 117)
4(41 129 130 42)
4(116 117 130 129)
4(30 43 131 118)
4(42 130 131 43)
4(117 118 131 130)
4(31 44 132 119)
4(43 131 132 44)
4(118 119 132 131)
4(32 45 133 120)
4(44 132 133 45)
4(119 120 133 132)
4(33 46 134 121)
4(45 133 134 46)
4(120 121 134 133)
4(34 47 135 122)
4(46 134 135 47)
4(121 122 135 134)
4(47 135 136 48)
4(122 123 136 135)
4(37 50 138 125)
4(49 137 138 50)
4(124 125 138 137)
4(38 51 139 126)
4(50 138 139 51)
4(125 126 139 138)
4(39 52 140 127)
4(51 139 140 52)
4(126 127 140 139)
4(40 53 141 128)
4(52 140 141 53)
4(127 128 141 140)
4(41 54 142 129)
4(53 141 142 54)
4(128 129 142 141)
4(42 55 143 130)
4(54 142 143 55)
4(129 130 143 142)
4(43 56 144 131)
4(55 143 144 56)
4(130 131 144 143)
4(44 57 145 132)
4(56 144 145 57)
4(131 132 145 144)
4(45 58 146 133)
4(57 145 146 58)
4(132 133 146 145)
4(46 59 147 134)
4(58 146 147 59)
4(133 134 147 146)
4(47 60 148 135)
4(59 147 148 60)
4(134 135 148 147)
4(60 148 149 61)
4(135 136 149 148)
4(50 63 151 138)
4(62 150 151 63)
4(137 138 151 150)
4(51 64 152 139)
4(63 151 152 64)
4(138 139 152 151)
4(52 65 153 140)
4(64 152 153 65)
4(139 140 153 152)
4(53 66 154 141)
4(65 153 154 66)
4(140 141 154 153)
4(54 67 155 142)
4(66 154 155 67)
4(141 142 155 154)
4(55 68 156 143)
4(67 155 156 68)
4(142 143 156 155)
4(56 69 157 144)
4(68 156 157 69)
4(143 144 157 156)
4(57 70 158 145)
4(69 157 158 70)
4(144 145 158 157)
4(58 71 159 146)
4(70 158 159 71)
4(145 146 159 158)
4(59 72 160 147)
4(71 159 160 72)
4(146 147 160 159)
4(60 73 161 148)
4(72 160 161 73)
4(147 148 161 160)
4(73 161 162 74)
4(148 149 162 161)
4(63 76 164 151)
4(150 151 164 163)
4(64 77 165 152)
4(151 152 165 164)
4(65 78 166 153)
4(152 153 166 165)
4(66 79 167 154)
4(153 154 167 166)
4(67 80 168 155)
4(154 155 168 167)
4(68 81 169 156)
4(155 156 169 168)
4(69 82 170 157)
4(156 157 170 169)
4(70 83 171 158)
4(157 158 171 170)
4(71 84 172 159)
4(158 159 172 171)
4(72 85 173 160)
4(159 160 173 172)
4(73 86 174 161)
4(160 161 174 173)
4(161 162 175 174)
4(89 101 189 177)
4(100 188 189 101)
4(176 177 189 188)
4(90 102 190 178)
4(101 189 190 102)
4(177 178 190 189)
4(91 103 191 179)
4(102 190 191 103)
4(178 179 191 190)
4(92 104 192 180)
4(103 191 192 104)
4(179 180 192 191)
4(93 105 193 181)
4(104 192 193 105)
4(180 181 193 192)
4(94 106 194 182)
4(105 193 194 106)
4(181 182 194 193)
4(95 107 195 183)
4(106 194 195 107)
4(182 183 195 194)
4(96 108 196 184)
4(107 195 196 108)
4(183 184 196 195)
4(97 109 197 185)
4(108 196 197 109)
4(184 185 197 196)
4(98 110 198 186)
4(109 197 198 110)
4(185 186 198 197)
4(110 198 199 111)
4(186 187 199 198)
4(101 113 201 189)
4(112 200 201 113)
4(188 189 201 200)
4(102 114 202 190)
4(113 201 202 114)
4(189 190 202 201)
4(103 115 203 191)
4(114 202 203 115)
4(190 191 203 202)
4(104 116 204 192)
4(115 203 204 116)
4(191 192 204 203)
4(105 117 205 193)
4(116 204 205 117)
4(192 193 205 204)
4(106 118 206 194)
4(117 205 206 118)
4(193 194 206 205)
4(107 119 207 195)
4(118 206 207 119)
4(194 195 207 206)
4(108 120 208 196)
4(119 207 208 120)
4(195 196 208 207)
4(109 121 209 197)
4(120 208 209 121)
4(196 197 209 208)
4(110 122 210 198)
4(121 209 210 122)
4(197 198 210 209)
4(122 210 211 123)
4(198 199 211 210)
4(113 126 214 201)
4(125 213 214 126)
4(200 201 214 213)
4(114 127 215 202)
4(126 214 215 127)
4(201 202 215 214)
4(115 128 216 203)
4(127 215 216 128)
4(202 203 216 215)
4(116 129 217 204)
4(128 216 217 129)
4(203 204 217 216)
4(117 130 218 205)
4(129 217 218 130)
4(204 205 218 217)
4(118 131 219 206)
4(130 218 219 131)
4(205 206 219 218)
4(119 132 220 207)
4(131 219 220 132)
4(206 207 220 219)
4(120 133 221 208)
4(132 220 221 133)
4(207 208 221 220)
4(121 134 222 209)
4(133 221 222 134)
4(208 209 222 221)
4(122 135 223 210)
4(134 222 223 135)
4(209 210 223 222)
4(135 223 224 136)
4(210 211 224 223)
4(125 138 226 213)
4(137 225 226 138)
4(212 213 226 225)
4(126 139 227 214)
4(138 226 227 139)
4(213 214 227 226)
4(127 140 228 215)
4(139 227 228 140)
4(214 215 228 227)
4(128 141 229 216)
4(140 228 229 141)
4(215 216 229 228)
4(129 142 230 217)
4(141 229 230 142)
4(216 217 230 229)
4(130 143 231 218)
4(142 230 231 143)
4(217 218 231 230)
4(131 144 232 219)
4(143 231 232 144)
4(218 219 232 231)
4(132 145 233 220)
4(144 232 233 145)
4(219 220 233 232)
4(133 146 234 221)
4(145 233 234 146)
4(220 221 234 233)
4(134 147 235 222)
4(146 234 235 147)
4(221 222 235 234)
4(135 148 236 223)
4(147 235 236 148)
4(222 223 236 235)
4(148 236 237 149)
4(223 224 237 236)
4(138 151 239 226)
4(150 238 239 151)
4(225 226 239 238)
4(139 152 240 227)
4(151 239 240 152)
4(226 227 240 239)
4(140 153 241 228)
4(152 240 241 153)
4(227 228 241 240)
4(141 154 242 229)
4(153 241 242 154)
4(228 229 242 241)
4(142 155 243 230)
4(154 242 243 155)
4(229 230 243 242)
4(143 156 244 231)
4(155 243 244 156)
4(230 231 244 243)
4(144 157 245 232)
4(156 244 245 157)
4(231 232 245 244)
4(145 158 246 233)
4(157 245 246 158)
4(232 233 246 245)
4(146 159 247 234)
4(158 246 247 159)
4(233 234 247 246)
4(147 160 248 235)
4(159 247 248 160)
4(234 235 248 247)
4(148 161 249 236)
4(160 248 249 161)
4(235 236 249 248)
4(161 249 250 162)
4(236 237 250 249)
4(151 164 252 239)
4(238 239 252 251)
4(152 165 253 240)
4(239 240 253 252)
4(153 166 254 241)
4(240 241 254 253)
4(154 167 255 242)
4(241 242 255 254)
4(155 168 256 243)
4(242 243 256 255)
4(156 169 257 244)
4(243 244 257 256)
4(157 170 258 245)
4(244 245 258 257)
4(158 171 259 246)
4(245 246 259 258)
4(159 172 260 247)
4(246 247 260 259)
4(160 173 261 248)
4(247 248 261 260)
4(161 174 262 249)
4(248 249 262 261)
4(249 250 263 262)
4(177 189 277 265)
4(188 276 277 189)
4(264 265 277 276)
4(178 190 278 266)
4(189 277 278 190)
4(265 266 278 277)
4(179 191 279 267)
4(190 278 279 191)
4(266 267 279 278)
4(180 192 280 268)
4(191 279 280 192)
4(267 268 280 279)
4(181 193 281 269)
4(192 280 281 193)
4(268 269 281 280)
4(182 194 282 270)
4(193 281 282 194)
4(269 270 282 281)
4(183 195 283 271)
4(194 282 283 195)
4(270 271 283 282)
4(184 196 284 272)
4(195 283 284 196)
4(271 272 284 283)
4(185 197 285 273)
4(196 284 285 197)
4(272 273 285 284)
4(186 198 286 274)
4(197 285 286 198)
4(273 274 286 285)
4(198 286 287 199)
4(274 275 287 286)
4(189 201 289 277)
4(200 288 289 201)
4(276 277 289 288)
4(190 202 290 278)
4(201 289 290 202)
4(277 278 290 289)
4(191 203 291 279)
4(202 290 291 203)
4(278 279 291 290)
4(192 204 292 280)
4(203 291 292 204)
4(279 280 292 291)
4(193 205 293 281)
4(204 292 293 205)
4(280 281 293 292)
4(194 206 294 282)
4(205 293 294 206)
4(281 282 294 293)
4(195 207 295 283)
4(206 294 295 207)
4(282 283 295 294)
4(196 208 296 284)
4(207 295 296 208)
4(283 284 296 295)
4(197 209 297 285)
4(208 296 297 209)
4(284 285 297 296)
4(198 210 298 286)
4(209 297 298 210)
4(285 286 298 297)
4(210 298 299 211)
4(286 287 299 298)
4(201 214 302 289)
4(213 301 302 214)
4(288 289 302 301)
4(202 215 303 290)
4(214 302 303 215)
4(289 290 303 302)
4(203 216 304 291)
4(215 303 304 216)
4(290 291 304 303)
4(204 217 305 292)
4(216 304 305 217)
4(291 292 305 304)
4(205 218 306 293)
4(217 305 306 218)
4(292 293 306 305)
4(206 219 307 294)
4(218 306 307 219)
4(293 294 307 306)
4(207 220 308 295)
4(219 307 308 220)
4(294 295 308 307)
4(208 221 309 296)
4(220 308 309 221)
4(295 296 309 308)
4(209 222 310 297)
4(221 309 310 222)
4(296 297 310 309)
4(210 223 311 298)
4(222 310 311 223)
4(297 298 311 310)
4(223 311 312 224)
4(298 299 312 311)
4(213 226 314 301)
4(225 313 314 226)
4(300 301 314 313)
4(214 227 315 302)
4(226 314 315 227)
4(301 302 315 314)
4(215 228 316 303)
4(227 315 316 228)
4(302 303 316 315)
4(216 229 317 304)
4(228 316 317 229)
4(303 304 317 316)
4(217 230 318 305)
4(229 317 318 230)
4(304 305 318 317)
4(218 231 319 306)
4(230 318 319 231)
4(305 306 319 318)
4(219 232 320 307)
4(231 319 320 232)
4(306 307 320 319)
4(220 233 321 308)
4(232 320 321 233)
4(307 308 321 320)
4(221 234 322 309)
4(233 321 322 234)
4(308 309 322 321)
4(222 235 323 310)
4(234 322 323 235)
4(309 310 323 322)
4(223 236 324 311)
4(235 323 324 236)
4(310 311 324 323)
4(236 324 325 237)
4(311 312 325 324)
4(226 239 327 314)
4(238 326 327 239)
4(313 314 327 326)
4(227 240 328 315)
4(239 327 328 240)
4(314 315 328 327)
4(228 241 329 316)
4(240 328 329 241)
4(315 316 329 328)
4(229 242 330 317)
4(241 329 330 242)
4(316 317 330 329)
4(230 243 331 318)
4(242 330 331 243)
4(317 318 331 330)
4(231 244 332 319)
4(243 331 332 244)
4(318 319 332 331)
4(232 245 333 320)
4(244 332 333 245)
4(319 320 333 332)
4(233 246 334 321)
4(245 333 334 246)
4(320 321 334 333)
4(234 247 335 322)
4(246 334 335 247)
4(321 322 335 334)
4(235 248 336 323)
4(247 335 336 248)
4(322 323 336 335)
4(236 249 337 324)
4(248 336 337 249)
4(323 324 337 336)
4(249 337 338 250)
4(324 325 338 337)
4(239 252 340 327)
4(326 327 340 339)
4(240 253 341 328)
4(327 328 341 340)
4(241 254 342 329)
4(328 329 342 341)
4(242 255 343 330)
4(329 330 343 342)
4(243 256 344 331)
4(330 331 344 343)
4(244 257 345 332)
4(331 332 345 344)
4(245 258 346 333)
4(332 333 346 345)
4(246 259 347 334)
4(333 334 347 346)
4(247 260 348 335)
4(334 335 348 347)
4(248 261 349 336)
4(335 336 349 348)
4(249 262 350 337)
4(336 337 350 349)
4(337 338 351 350)
4(265 277 365 353)
4(276 364 365 277)
4(266 278 366 354)
4(277 365 366 278)
4(267 279 367 355)
4(278 366 367 279)
4(268 280 368 356)
4(279 367 368 280)
4(269 281 369 357)
4(280 368 369 281)
4(270 282 370 358)
4(281 369 370 282)
4(271 283 371 359)
4(282 370 371 283)
4(272 284 372 360)
4(283 371 372 284)
4(273 285 373 361)
4(284 372 373 285)
4(274 286 374 362)
4(285 373 374 286)
4(286 374 375 287)
4(277 289 377 365)
4(288 376 377 289)
4(364 365 377 376)
4(278 290 378 366)
4(289 377 378 290)
4(365 366 378 377)
4(279 291 379 367)
4(290 378 379 291)
4(366 367 379 378)
4(280 292 380 368)
4(291 379 380 292)
4(367 368 380 379)
4(281 293 381 369)
4(292 380 381 293)
4(368 369 381 380)
4(282 294 382 370)
4(293 381 382 294)
4(369 370 382 381)
4(283 295 383 371)
4(294 382 383 295)
4(370 371 383 382)
4(284 296 384 372)
4(295 383 384 296)
4(371 372 384 383)
4(285 297 385 373)
4(296 384 385 297)
4(372 373 385 384)
4(286 298 386 374)
4(297 385 386 298)
4(373 374 386 385)
4(298 386 387 299)
4(374 375 387 386)
4(289 302 390 377)
4(301 389 390 302)
4(376 377 390 389)
4(290 303 391 378)
4(302 390 391 303)
4(377 378 391 390)
4(291 304 392 379)
4(303 391 392 304)
4(378 379 392 391)
4(292 305 393 380)
4(304 392 393 305)
4(379 380 393 392)
4(293 306 394 381)
4(305 393 394 306)
4(380 381 394 393)
4(294 307 395 382)
4(306 394 395 307)
4(381 382 395 394)
4(295 308 396 383)
4(307 395 396 308)
4(382 383 396 395)
4(296 309 397 384)
4(308 396 397 309)
4(383 384 397 396)
4(297 310 398 385)
4(309 397 398 310)
4(384 385 398 397)
4(298 311 399 386)
4(310 398 399 311)
4(385 386 399 398)
4(311 399 400 312)
4(386 387 400 399)
4(301 314 402 389)
4(313 401 402 314)
4(388 389 402 401)
4(302 315 403 390)
4(314 402 403 315)
4(389 390 403 402)
4(303 316 404 391)
4(315 403 404 316)
4(390 391 404 403)
4(304 317 405 392)
4(316 404 405 317)
4(391 392 405 404)
4(305 318 406 393)
4(317 405 406 318)
4(392 393 406 405)
4(306 319 407 394)
4(318 406 407 319)
4(393 394 407 406)
4(307 320 408 395)
4(319 407 408 320)
4(394 395 408 407)
4(308 321 409 396)
4(320 408 409 321)
4(395 396 409 408)
4(309 322 410 397)
4(321 409 410 322)
4(396 397 410 409)
4(310 323 411 398)
4(322 410 411 323)
4(397 398 411 410)
4(311 324 412 399)
4(323 411 412 324)
4(398 399 412 411)
4(324 412 413 325)
4(399 400 413 412)
4(314 327 415 402)
4(326 414 415 327)
4(401 402 415 414)
4(315 328 416 403)
4(327 415 416 328)
4(402 403 416 415)
4(316 329 417 404)
4(328 416 417 329)
4(403 404 417 416)
4(317 330 418 405)
4(329 417 418 330)
4(404 405 418 417)
4(318 331 419 406)
4(330 418 419 331)
4(405 406 419 418)
4(319 332 420 407)
4(331 419 420 332)
4(406 407 420 419)
4(320 333 421 408)
4(332 420 421 333)
4(407 408 421 420)
4(321 334 422 409)
4(333 421 422 334)
4(408 409 422 421)
4(322 335 423 410)
4(334 422 423 335)
4(409 410 423 422)
4(323 336 424 411)
4(335 423 424 336)
4(410 411 424 423)
4(324 337 425 412)
4(336 424 425 337)
4(411 412 425 424)
4(337 425 426 338)
4(412 413 426 425)
4(327 340 428 415)
4(414 415 428 427)
4(328 341 429 416)
4(415 416 429 428)
4(329 342 430 417)
4(416 417 430 429)
4(330 343 431 418)
4(417 418 431 430)
4(331 344 432 419)
4(418 419 432 431)
4(332 345 433 420)
4(419 420 433 432)
4(333 346 434 421)
4(420 421 434 433)
4(334 347 435 422)
4(421 422 435 434)
4(335 348 436 423)
4(422 423 436 435)
4(336 349 437 424)
4(423 424 437 436)
4(337 350 438 425)
4(424 425 438 437)
4(425 426 439 438)
4(365 377 453 441)
4(376 452 453 377)
4(440 441 453 452)
4(366 378 454 442)
4(377 453 454 378)
4(441 442 454 453)
4(367 379 455 443)
4(378 454 455 379)
4(442 443 455 454)
4(368 380 456 444)
4(379 455 456 380)
4(443 444 456 455)
4(369 381 457 445)
4(380 456 457 381)
4(444 445 457 456)
4(370 382 458 446)
4(381 457 458 382)
4(445 446 458 457)
4(371 383 459 447)
4(382 458 459 383)
4(446 447 459 458)
4(372 384 460 448)
4(383 459 460 384)
4(447 448 460 459)
4(373 385 461 449)
4(384 460 461 385)
4(448 449 461 460)
4(374 386 462 450)
4(385 461 462 386)
4(449 450 462 461)
4(386 462 463 387)
4(450 451 463 462)
4(377 390 466 453)
4(389 465 466 390)
4(452 453 466 465)
4(378 391 467 454)
4(390 466 467 391)
4(453 454 467 466)
4(379 392 468 455)
4(391 467 468 392)
4(454 455 468 467)
4(380 393 469 456)
4(392 468 469 393)
4(455 456 469 468)
4(381 394 470 457)
4(393 469 470 394)
4(456 457 470 469)
4(382 395 471 458)
4(394 470 471 395)
4(457 458 471 470)
4(383 396 472 459)
4(395 471 472 396)
4(458 459 472 471)
4(384 397 473 460)
4(396 472 473 397)
4(459 460 473 472)
4(385 398 474 461)
4(397 473 474 398)
4(460 461 474 473)
4(386 399 475 462)
4(398 474 475 399)
4(461 462 475 474)
4(399 475 476 400)
4(462 463 476 475)
4(389 402 478 465)
4(401 477 478 402)
4(464 465 478 477)
4(390 403 479 466)
4(402 478 479 403)
4(465 466 479 478)
4(391 404 480 467)
4(403 479 480 404)
4(466 467 480 479)
4(392 405 481 468)
4(404 480 481 405)
4(467 468 481 480)
4(393 406 482 469)
4(405 481 482 406)
4(468 469 482 481)
4(394 407 483 470)
4(406 482 483 407)
4(469 470 483 482)
4(395 408 484 471)
4(407 483 484 408)
4(470 471 484 483)
4(396 409 485 472)
4(408 484 485 409)
4(471 472 485 484)
4(397 410 486 473)
4(409 485 486 410)
4(472 473 486 485)
4(398 411 487 474)
4(410 486 487 411)
4(473 474 487 486)
4(399 412 488 475)
4(411 487 488 412)
4(474 475 488 487)
4(412 488 489 413)
4(475 476 489 488)
4(402 415 491 478)
4(414 490 491 415)
4(477 478 491 490)
4(403 416 492 479)
4(415 491 492 416)
4(478 479 492 491)
4(404 417 493 480)
4(416 492 493 417)
4(479 480 493 492)
4(405 418 494 481)
4(417 493 494 418)
4(480 481 494 493)
4(406 419 495 482)
4(418 494 495 419)
4(481 482 495 494)
4(407 420 496 483)
4(419 495 496 420)
4(482 483 496 495)
4(408 421 497 484)
4(420 496 497 421)
4(483 484 497 496)
4(409 422 498 485)
4(421 497 498 422)
4(484 485 498 497)
4(410 423 499 486)
4(422 498 499 423)
4(485 486 499 498)
4(411 424 500 487)
4(423 499 500 424)
4(486 487 500 499)
4(412 425 501 488)
4(424 500 501 425)
4(487 488 501 500)
4(425 501 502 426)
4(488 489 502 501)
4(415 428 504 491)
4(490 491 504 503)
4(416 429 505 492)
4(491 492 505 504)
4(417 430 506 493)
4(492 493 506 505)
4(418 431 507 494)
4(493 494 507 506)
4(419 432 508 495)
4(494 495 508 507)
4(420 433 509 496)
4(495 496 509 508)
4(421 434 510 497)
4(496 497 510 509)
4(422 435 511 498)
4(497 498 511 510)
4(423 436 512 499)
4(498 499 512 511)
4(424 437 513 500)
4(499 500 513 512)
4(425 438 514 501)
4(500 501 514 513)
4(501 502 515 514)
4(441 453 529 517)
4(452 528 529 453)
4(516 517 529 528)
4(442 454 530 518)
4(453 529 530 454)
4(517 518 530 529)
4(443 455 531 519)
4(454 530 531 455)
4(518 519 531 530)
4(444 456 532 520)
4(455 531 532 456)
4(519 520 532 531)
4(445 457 533 521)
4(456 532 533 457)
4(520 521 533 532)
4(446 458 534 522)
4(457 533 534 458)
4(521 522 534 533)
4(447 459 535 523)
4(458 534 535 459)
4(522 523 535 534)
4(448 460 536 524)
4(459 535 536 460)
4(523 524 536 535)
4(449 461 537 525)
4(460 536 537 461)
4(524 525 537 536)
4(450 462 538 526)
4(461 537 538 462)
4(525 526 538 537)
4(462 538 539 463)
4(526 527 539 538)
4(453 466 542 529)
4(465 541 542 466)
4(528 529 542 541)
4(454 467 543 530)
4(466 542 543 467)
4(529 530 543 542)
4(455 468 544 531)
4(467 543 544 468)
4(530 531 544 543)
4(456 469 545 532)
4(468 544 545 469)
4(531 532 545 544)
4(457 470 546 533)
4(469 545 546 470)
4(532 533 546 545)
4(458 471 547 534)
4(470 546 547 471)
4(533 534 547 546)
4(459 472 548 535)
4(471 547 548 472)
4(534 535 548 547)
4(460 473 549 536)
4(472 548 549 473)
4(535 536 549 548)
4(461 474 550 537)
4(473 549 550 474)
4(536 537 550 549)
4(462 475 551 538)
4(474 550 551 475)
4(537 538 551 550)
4(475 551 552 476)
4(538 539 552 551)
4(465 478 554 541)
4(477 553 554 478)
4(540 541 554 553)
4(466 479 555 542)
4(478 554 555 479)
4(541 542 555 554)
4(467 480 556 543)
4(479 555 556 480)
4(542 543 556 555)
4(468 481 557 544)
4(480 556 557 481)
4(543 544 557 556)
4(469 482 558 545)
4(481 557 558 482)
4(544 545 558 557)
4(470 483 559 546)
4(482 558 559 483)
4(545 546 559 558)
4(471 484 560 547)
4(483 559 560 484)
4(546 547 560 559)
4(472 485 561 548)
4(484 560 561 485)
4(547 548 561 560)
4(473 486 562 549)
4(485 561 562 486)
4(548 549 562 561)
4(474 487 563 550)
4(486 562 563 487)
4(549 550 563 562)
4(475 488 564 551)
4(487 563 564 488)
4(550 551 564 563)
4(488 564 565 489)
4(551 552 565 564)
4(478 491 567 554)
4(490 566 567 491)
4(553 554 567 566)
4(479 492 568 555)
4(491 567 568 492)
4(554 555 568 567)
4(480 493 569 556)
4(492 568 569 493)
4(555 556 569 568)
4(481 494 570 557)
4(493 569 570 494)
4(556 557 570 569)
4(482 495 571 558)
4(494 570 571 495)
4(557 558 571 570)
4(483 496 572 559)
4(495 571 572 496)
4(558 559 572 571)
4(484 497 573 560)
4(496 572 573 497)
4(559 560 573 572)
4(485 498 574 561)
4(497 573 574 498)
4(560 561 574 573)
4(486 499 575 562)
4(498 574 575 499)
4(561 562 575 574)
4(487 500 576 563)
4(499 575 576 500)
4(562 563 576 575)
4(488 501 577 564)
4(500 576 577 501)
4(563 564 577 576)
4(501 577 578 502)
4(564 565 578 577)
4(491 504 580 567)
4(566 567 580 579)
4(492 505 581 568)
4(567 568 581 580)
4(493 506 582 569)
4(568 569 582 581)
4(494 507 583 570)
4(569 570 583 582)
4(495 508 584 571)
4(570 571 584 583)
4(496 509 585 572)
4(571 572 585 584)
4(497 510 586 573)
4(572 573 586 585)
4(498 511 587 574)
4(573 574 587 586)
4(499 512 588 575)
4(574 575 588 587)
4(500 513 589 576)
4(575 576 589 588)
4(501 514 590 577)
4(576 577 590 589)
4(577 578 591 590)
4(517 529 605 593)
4(528 604 605 529)
4(592 593 605 604)
4(518 530 606 594)
4(529 605 606 530)
4(593 594 606 605)
4(519 531 607 595)
4(530 606 607 531)
4(594 595 607 606)
4(520 532 608 596)
4(531 607 608 532)
4(595 596 608 607)
4(521 533 609 597)
4(532 608 609 533)
4(596 597 609 608)
4(522 534 610 598)
4(533 609 610 534)
4(597 598 610 609)
4(523 535 611 599)
4(534 610 611 535)
4(598 599 611 610)
4(524 536 612 600)
4(535 611 612 536)
4(599 600 612 611)
4(525 537 613 601)
4(536 612 613 537)
4(600 601 613 612)
4(526 538 614 602)
4(537 613 614 538)
4(601 602 614 613)
4(538 614 615 539)
4(602 603 615 614)
4(529 542 618 605)
4(541 617 618 542)
4(604 605 618 617)
4(530 543 619 606)
4(542 618 619 543)
4(605 606 619 618)
4(531 544 620 607)
4(543 619 620 544)
4(606 607 620 619)
4(532 545 621 608)
4(544 620 621 545)
4(607 608 621 620)
4(533 546 622 609)
4(545 621 622 546)
4(608 609 622 621)
4(534 547 623 610)
4(546 622 623 547)
4(609 610 623 622)
4(535 548 624 611)
4(547 623 624 548)
4(610 611 624 623)
4(536 549 625 612)
4(548 624 625 549)
4(611 612 625 624)
4(537 550 626 613)
4(549 625 626 550)
4(612 613 626 625)
4(538 551 627 614)
4(550 626 627 551)
4(613 614 627 626)
4(551 627 628 552)
4(614 615 628 627)
4(541 554 630 617)
4(553 629 630 554)
4(616 617 630 629)
4(542 555 631 618)
4(554 630 631 555)
4(617 618 631 630)
4(543 556 632 619)
4(555 631 632 556)
4(618 619 632 631)
4(544 557 633 620)
4(556 632 633 557)
4(619 620 633 632)
4(545 558 634 621)
4(557 633 634 558)
4(620 621 634 633)
4(546 559 635 622)
4(558 634 635 559)
4(621 622 635 634)
4(547 560 636 623)
4(559 635 636 560)
4(622 623 636 635)
4(548 561 637 624)
4(560 636 637 561)
4(623 624 637 636)
4(549 562 638 625)
4(561 637 638 562)
4(624 625 638 637)
4(550 563 639 626)
4(562 638 639 563)
4(625 626 639 638)
4(551 564 640 627)
4(563 639 640 564)
4(626 627 640 639)
4(564 640 641 565)
4(627 628 641 640)
4(554 567 643 630)
4(566 642 643 567)
4(629 630 643 642)
4(555 568 644 631)
4(567 643 644 568)
4(630 631 644 643)
4(556 569 645 632)
4(568 644 645 569)
4(631 632 645 644)
4(557 570 646 633)
4(569 645 646 570)
4(632 633 646 645)
4(558 571 647 634)
4(570 646 647 571)
4(633 634 647 646)
4(559 572 648 635)
4(571 647 648 572)
4(634 635 648 647)
4(560 573 649 636)
4(572 648 649 573)
4(635 636 649 648)
4(561 574 650 637)
4(573 649 650 574)
4(636 637 650 649)
4(562 575 651 638)
4(574 650 651 575)
4(637 638 651 650)
4(563 576 652 639)
4(575 651 652 576)
4(638 639 652 651)
4(564 577 653 640)
4(576 652 653 577)
4(639 640 653 652)
4(577 653 654 578)
4(640 641 654 653)
4(567 580 656 643)
4(642 643 656 655)
4(568 581 657 644)
4(643 644 657 656)
4(569 582 658 645)
4(644 645 658 657)
4(570 583 659 646)
4(645 646 659 658)
4(571 584 660 647)
4(646 647 660 659)
4(572 585 661 648)
4(647 648 661 660)
4(573 586 662 649)
4(648 649 662 661)
4(574 587 663 650)
4(649 650 663 662)
4(575 588 664 651)
4(650 651 664 663)
4(576 589 665 652)
4(651 652 665 664)
4(577 590 666 653)
4(652 653 666 665)
4(653 654 667 666)
4(593 605 681 669)
4(604 680 681 605)
4(668 669 681 680)
4(594 606 682 670)
4(605 681 682 606)
4(669 670 682 681)
4(595 607 683 671)
4(606 682 683 607)
4(670 671 683 682)
4(596 608 684 672)
4(607 683 684 608)
4(671 672 684 683)
4(597 609 685 673)
4(608 684 685 609)
4(672 673 685 684)
4(598 610 686 674)
4(609 685 686 610)
4(673 674 686 685)
4(599 611 687 675)
4(610 686 687 611)
4(674 675 687 686)
4(600 612 688 676)
4(611 687 688 612)
4(675 676 688 687)
4(601 613 689 677)
4(612 688 689 613)
4(676 677 689 688)
4(602 614 690 678)
4(613 689 690 614)
4(677 678 690 689)
4(614 690 691 615)
4(678 679 691 690)
4(605 618 694 681)
4(617 693 694 618)
4(680 681 694 693)
4(606 619 695 682)
4(618 694 695 619)
4(681 682 695 694)
4(607 620 696 683)
4(619 695 696 620)
4(682 683 696 695)
4(608 621 697 684)
4(620 696 697 621)
4(683 684 697 696)
4(609 622 698 685)
4(621 697 698 622)
4(684 685 698 697)
4(610 623 699 686)
4(622 698 699 623)
4(685 686 699 698)
4(611 624 700 687)
4(623 699 700 624)
4(686 687 700 699)
4(612 625 701 688)
4(624 700 701 625)
4(687 688 701 700)
4(613 626 702 689)
4(625 701 702 626)
4(688 689 702 701)
4(614 627 703 690)
4(626 702 703 627)
4(689 690 703 702)
4(627 703 704 628)
4(690 691 704 703)
4(617 630 706 693)
4(629 705 706 630)
4(692 693 706 705)
4(618 631 707 694)
4(630 706 707 631)
4(693 694 707 706)
4(619 632 708 695)
4(631 707 708 632)
4(694 695 708 707)
4(620 633 709 696)
4(632 708 709 633)
4(695 696 709 708)
4(621 634 710 697)
4(633 709 710 634)
4(696 697 710 709)
4(622 635 711 698)
4(634 710 711 635)
4(697 698 711 710)
4(623 636 712 699)
4(635 711 712 636)
4(698 699 712 711)
4(624 637 713 700)
4(636 712 713 637)
4(699 700 713 712)
4(625 638 714 701)
4(637 713 714 638)
4(700 701 714 713)
4(626 639 715 702)
4(638 714 715 639)
4(701 702 715 714)
4(627 640 716 703)
4(639 715 716 640)
4(702 703 716 715)
4(640 716 717 641)
4(703 704 717 716)
4(630 643 719 706)
4(642 718 719 643)
4(705 706 719 718)
4(631 644 720 707)
4(643 719 720 644)
4(706 707 720 719)
4(632 645 721 708)
4(644 720 721 645)
4(707 708 721 720)
4(633 646 722 709)
4(645 721 722 646)
4(708 709 722 721)
4(634 647 723 710)
4(646 722 723 647)
4(709 710 723 722)
4(635 648 724 711)
4(647 723 724 648)
4(710 711 724 723)
4(636 649 725 712)
4(648 724 725 649)
4(711 712 725 724)
4(637 650 726 713)
4(649 725 726 650)
4(712 713 726 725)
4(638 651 727 714)
4(650 726 727 651)
4(713 714 727 726)
4(639 652 728 715)
4(651 727 728 652)
4(714 715 728 727)
4(640 653 729 716)
4(652 728 729 653)
4(715 716 729 728)
4(653 729 730 654)
4(716 717 730 729)
4(643 656 732 719)
4(718 719 732 731)
4(644 657 733 720)
4(719 720 733 732)
4(645 658 734 721)
4(720 721 734 733)
4(646 659 735 722)
4(721 722 735 734)
4(647 660 736 723)
4(722 723 736 735)
4(648 661 737 724)
4(723 724 737 736)
4(649 662 738 725)
4(724 725 738 737)
4(650 663 739 726)
4(725 726 739 738)
4(651 664 740 727)
4(726 727 740 739)
4(652 665 741 728)
4(727 728 741 740)
4(653 666 742 729)
4(728 729 742 741)
4(729 730 743 742)
4(669 681 757 745)
4(680 756 757 681)
4(744 745 757 756)
4(670 682 758 746)
4(681 757 758 682)
4(745 746 758 757)
4(671 683 759 747)
4(682 758 759 683)
4(746 747 759 758)
4(672 684 760 748)
4(683 759 760 684)
4(747 748 760 759)
4(673 685 761 749)
4(684 760 761 685)
4(748 749 761 760)
4(674 686 762 750)
4(685 761 762 686)
4(749 750 762 761)
4(675 687 763 751)
4(686 762 763 687)
4(750 751 763 762)
4(676 688 764 752)
4(687 763 764 688)
4(751 752 764 763)
4(677 689 765 753)
4(688 764 765 689)
4(752 753 765 764)
4(678 690 766 754)
4(689 765 766 690)
4(753 754 766 765)
4(690 766 767 691)
4(754 755 767 766)
4(681 694 770 757)
4(693 769 770 694)
4(756 757 770 769)
4(682 695 771 758)
4(694 770 771 695)
4(757 758 771 770)
4(683 696 772 759)
4(695 771 772 696)
4(758 759 772 771)
4(684 697 773 760)
4(696 772 773 697)
4(759 760 773 772)
4(685 698 774 761)
4(697 773 774 698)
4(760 761 774 773)
4(686 699 775 762)
4(698 774 775 699)
4(761 762 775 774)
4(687 700 776 763)
4(699 775 776 700)
4(762 763 776 775)
4(688 701 777 764)
4(700 776 777 701)
4(763 764 777 776)
4(689 702 778 765)
4(701 777 778 702)
4(764 765 778 777)
4(690 703 779 766)
4(702 778 779 703)
4(765 766 779 778)
4(703 779 780 704)
4(766 767 780 779)
4(693 706 782 769)
4(705 781 782 706)
4(768 769 782 781)
4(694 707 783 770)
4(706 782 783 707)
4(769 770 783 782)
4(695 708 784 771)
4(707 783 784 708)
4(770 771 784 783)
4(696 709 785 772)
4(708 784 785 709)
4(771 772 785 784)
4(697 710 786 773)
4(709 785 786 710)
4(772 773 786 785)
4(698 711 787 774)
4(710 786 787 711)
4(773 774 787 786)
4(699 712 788 775)
4(711 787 788 712)
4(774 775 788 787)
4(700 713 789 776)
4(712 788 789 713)
4(775 776 789 788)
4(701 714 790 777)
4(713 789 790 714)
4(776 777 790 789)
4(702 715 791 778)
4(714 790 791 715)
4(777 778 791 790)
4(703 716 792 779)
4(715 791 792 716)
4(778 779 792 791)
4(716 792 793 717)
4(779 780 793 792)
4(706 719 795 782)
4(718 794 795 719)
4(781 782 795 794)
4(707 720 796 783)
4(719 795 796 720)
4(782 783 796 795)
4(708 721 797 784)
4(720 796 797 721)
4(783 784 797 796)
4(709 722 798 785)
4(721 797 798 722)
4(784 785 798 797)
4(710 723 799 786)
4(722 798 799 723)
4(785 786 799 798)
4(711 724 800 787)
4(723 799 800 724)
4(786 787 800 799)
4(712 725 801 788)
4(724 800 801 725)
4(787 788 801 800)
4(713 726 802 789)
4(725 801 802 726)
4(788 789 802 801)
4(714 727 803 790)
4(726 802 803 727)
4(789 790 803 802)
4(715 728 804 791)
4(727 803 804 728)
4(790 791 804 803)
4(716 729 805 792)
4(728 804 805 729)
4(791 792 805 804)
4(729 805 806 730)
4(792 793 806 805)
4(719 732 808 795)
4(794 795 808 807)
4(720 733 809 796)
4(795 796 809 808)
4(721 734 810 797)
4(796 797 810 809)
4(722 735 811 798)
4(797 798 811 810)
4(723 736 812 799)
4(798 799 812 811)
4(724 737 813 800)
4(799 800 813 812)
4(725 738 814 801)
4(800 801 814 813)
4(726 739 815 802)
4(801 802 815 814)
4(727 740 816 803)
4(802 803 816 815)
4(728 741 817 804)
4(803 804 817 816)
4(729 742 818 805)
4(804 805 818 817)
4(805 806 819 818)
4(745 757 833 821)
4(756 832 833 757)
4(820 821 833 832)
4(746 758 834 822)
4(757 833 834 758)
4(821 822 834 833)
4(747 759 835 823)
4(758 834 835 759)
4(822 823 835 834)
4(748 760 836 824)
4(759 835 836 760)
4(823 824 836 835)
4(749 761 837 825)
4(760 836 837 761)
4(824 825 837 836)
4(750 762 838 826)
4(761 837 838 762)
4(825 826 838 837)
4(751 763 839 827)
4(762 838 839 763)
4(826 827 839 838)
4(752 764 840 828)
4(763 839 840 764)
4(827 828 840 839)
4(753 765 841 829)
4(764 840 841 765)
4(828 829 841 840)
4(754 766 842 830)
4(765 841 842 766)
4(829 830 842 841)
4(766 842 843 767)
4(830 831 843 842)
4(757 770 846 833)
4(769 845 846 770)
4(832 833 846 845)
4(758 771 847 834)
4(770 846 847 771)
4(833 834 847 846)
4(759 772 848 835)
4(771 847 848 772)
4(834 835 848 847)
4(760 773 849 836)
4(772 848 849 773)
4(835 836 849 848)
4(761 774 850 837)
4(773 849 850 774)
4(836 837 850 849)
4(762 775 851 838)
4(774 850 851 775)
4(837 838 851 850)
4(763 776 852 839)
4(775 851 852 776)
4(838 839 852 851)
4(764 777 853 840)
4(776 852 853 777)
4(839 840 853 852)
4(765 778 854 841)
4(777 853 854 778)
4(840 841 854 853)
4(766 779 855 842)
4(778 854 855 779)
4(841 842 855 854)
4(779 855 856 780)
4(842 843 856 855)
4(769 782 858 845)
4(781 857 858 782)
4(844 845 858 857)
4(770 783 859 846)
4(782 858 859 783)
4(845 846 859 858)
4(771 784 860 847)
4(783 859 860 784)
4(846 847 860 859)
4(772 785 861 848)
4(784 860 861 785)
4(847 848 861 860)
4(773 786 862 849)
4(785 861 862 786)
4(848 849 862 861)
4(774 787 863 850)
4(786 862 863 787)
4(849 850 863 862)
4(775 788 864 851)
4(787 863 864 788)
4(850 851 864 863)
4(776 789 865 852)
4(788 864 865 789)
4(851 852 865 864)
4(777 790 866 853)
4(789 865 866 790)
4(852 853 866 865)
4(778 791 867 854)
4(790 866 867 791)
4(853 854 867 866)
4(779 792 868 855)
4(791 867 868 792)
4(854 855 868 867)
4(792 868 869 793)
4(855 856 869 868)
4(782 795 871 858)
4(794 870 871 795)
4(857 858 871 870)
4(783 796 872 859)
4(795 871 872 796)
4(858 859 872 871)
4(784 797 873 860)
4(796 872 873 797)
4(859 860 873 872)
4(785 798 874 861)
4(797 873 874 798)
4(860 861 874 873)
4(786 799 875 862)
4(798 874 875 799)
4(861 862 875 874)
4(787 800 876 863)
4(799 875 876 800)
4(862 863 876 875)
4(788 801 877 864)
4(800 876 877 801)
4(863 864 877 876)
4(789 802 878 865)
4(801 877 878 802)
4(864 865 878 877)
4(790 803 879 866)
4(802 878 879 803)
4(865 866 879 878)
4(791 804 880 867)
4(803 879 880 804)
4(866 867 880 879)
4(792 805 881 868)
4(804 880 881 805)
4(867 868 881 880)
4(805 881 882 806)
4(868 869 882 881)
4(795 808 884 871)
4(870 871 884 883)
4(796 809 885 872)
4(871 872 885 884)
4(797 810 886 873)
4(872 873 886 885)
4(798 811 887 874)
4(873 874 887 886)
4(799 812 888 875)
4(874 875 888 887)
4(800 813 889 876)
4(875 876 889 888)
4(801 814 890 877)
4(876 877 890 889)
4(802 815 891 878)
4(877 878 891 890)
4(803 816 892 879)
4(878 879 892 891)
4(804 817 893 880)
4(879 880 893 892)
4(805 818 894 881)
4(880 881 894 893)
4(881 882 895 894)
4(821 833 909 897)
4(832 908 909 833)
4(822 834 910 898)
4(833 909 910 834)
4(823 835 911 899)
4(834 910 911 835)
4(824 836 912 900)
4(835 911 912 836)
4(825 837 913 901)
4(836 912 913 837)
4(826 838 914 902)
4(837 913 914 838)
4(827 839 915 903)
4(838 914 915 839)
4(828 840 916 904)
4(839 915 916 840)
4(829 841 917 905)
4(840 916 917 841)
4(830 842 918 906)
4(841 917 918 842)
4(842 918 919 843)
4(833 846 922 909)
4(845 921 922 846)
4(834 847 923 910)
4(846 922 923 847)
4(835 848 924 911)
4(847 923 924 848)
4(836 849 925 912)
4(848 924 925 849)
4(837 850 926 913)
4(849 925 926 850)
4(838 851 927 914)
4(850 926 927 851)
4(839 852 928 915)
4(851 927 928 852)
4(840 853 929 916)
4(852 928 929 853)
4(841 854 930 917)
4(853 929 930 854)
4(842 855 931 918)
4(854 930 931 855)
4(855 931 932 856)
4(845 858 934 921)
4(857 933 934 858)
4(846 859 935 922)
4(858 934 935 859)
4(847 860 936 923)
4(859 935 936 860)
4(848 861 937 924)
4(860 936 937 861)
4(849 862 938 925)
4(861 937 938 862)
4(850 863 939 926)
4(862 938 939 863)
4(851 864 940 927)
4(863 939 940 864)
4(852 865 941 928)
4(864 940 941 865)
4(853 866 942 929)
4(865 941 942 866)
4(854 867 943 930)
4(866 942 943 867)
4(855 868 944 931)
4(867 943 944 868)
4(868 944 945 869)
4(858 871 947 934)
4(870 946 947 871)
4(859 872 948 935)
4(871 947 948 872)
4(860 873 949 936)
4(872 948 949 873)
4(861 874 950 937)
4(873 949 950 874)
4(862 875 951 938)
4(874 950 951 875)
4(863 876 952 939)
4(875 951 952 876)
4(864 877 953 940)
4(876 952 953 877)
4(865 878 954 941)
4(877 953 954 878)
4(866 879 955 942)
4(878 954 955 879)
4(867 880 956 943)
4(879 955 956 880)
4(868 881 957 944)
4(880 956 957 881)
4(881 957 958 882)
4(871 884 960 947)
4(872 885 961 948)
4(873 886 962 949)
4(874 887 963 950)
4(875 888 964 951)
4(876 889 965 952)
4(877 890 966 953)
4(878 891 967 954)
4(879 892 968 955)
4(880 893 969 956)
4(881 894 970 957)
4(36 49 50 37)
4(49 62 63 50)
4(62 75 76 63)
4(0 12 13 1)
4(12 24 25 13)
4(24 37 38 25)
4(37 50 51 38)
4(50 63 64 51)
4(63 76 77 64)
4(1 13 14 2)
4(13 25 26 14)
4(25 38 39 26)
4(38 51 52 39)
4(51 64 65 52)
4(64 77 78 65)
4(2 14 15 3)
4(14 26 27 15)
4(26 39 40 27)
4(39 52 53 40)
4(52 65 66 53)
4(65 78 79 66)
4(3 15 16 4)
4(15 27 28 16)
4(27 40 41 28)
4(40 53 54 41)
4(53 66 67 54)
4(66 79 80 67)
4(4 16 17 5)
4(16 28 29 17)
4(28 41 42 29)
4(41 54 55 42)
4(54 67 68 55)
4(67 80 81 68)
4(5 17 18 6)
4(17 29 30 18)
4(29 42 43 30)
4(42 55 56 43)
4(55 68 69 56)
4(68 81 82 69)
4(6 18 19 7)
4(18 30 31 19)
4(30 43 44 31)
4(43 56 57 44)
4(56 69 70 57)
4(69 82 83 70)
4(7 19 20 8)
4(19 31 32 20)
4(31 44 45 32)
4(44 57 58 45)
4(57 70 71 58)
4(70 83 84 71)
4(8 20 21 9)
4(20 32 33 21)
4(32 45 46 33)
4(45 58 59 46)
4(58 71 72 59)
4(71 84 85 72)
4(9 21 22 10)
4(21 33 34 22)
4(33 46 47 34)
4(46 59 60 47)
4(59 72 73 60)
4(72 85 86 73)
4(10 22 23 11)
4(22 34 35 23)
4(34 47 48 35)
4(47 60 61 48)
4(60 73 74 61)
4(73 86 87 74)
4(75 163 164 76)
4(163 251 252 164)
4(251 339 340 252)
4(339 427 428 340)
4(427 503 504 428)
4(503 579 580 504)
4(579 655 656 580)
4(655 731 732 656)
4(731 807 808 732)
4(807 883 884 808)
4(883 959 960 884)
4(76 164 165 77)
4(164 252 253 165)
4(252 340 341 253)
4(340 428 429 341)
4(428 504 505 429)
4(504 580 581 505)
4(580 656 657 581)
4(656 732 733 657)
4(732 808 809 733)
4(808 884 885 809)
4(884 960 961 885)
4(77 165 166 78)
4(165 253 254 166)
4(253 341 342 254)
4(341 429 430 342)
4(429 505 506 430)
4(505 581 582 506)
4(581 657 658 582)
4(657 733 734 658)
4(733 809 810 734)
4(809 885 886 810)
4(885 961 962 886)
4(78 166 167 79)
4(166 254 255 167)
4(254 342 343 255)
4(342 430 431 343)
4(430 506 507 431)
4(506 582 583 507)
4(582 658 659 583)
4(658 734 735 659)
4(734 810 811 735)
4(810 886 887 811)
4(886 962 963 887)
4(79 167 168 80)
4(167 255 256 168)
4(255 343 344 256)
4(343 431 432 344)
4(431 507 508 432)
4(507 583 584 508)
4(583 659 660 584)
4(659 735 736 660)
4(735 811 812 736)
4(811 887 888 812)
4(887 963 964 888)
4(80 168 169 81)
4(168 256 257 169)
4(256 344 345 257)
4(344 432 433 345)
4(432 508 509 433)
4(508 584 585 509)
4(584 660 661 585)
4(660 736 737 661)
4(736 812 813 737)
4(812 888 889 813)
4(888 964 965 889)
4(81 169 170 82)
4(169 257 258 170)
4(257 345 346 258)
4(345 433 434 346)
4(433 509 510 434)
4(509 585 586 510)
4(585 661 662 586)
4(661 737 738 662)
4(737 813 814 738)
4(813 889 890 814)
4(889 965 966 890)
4(82 170 171 83)
4(170 258 259 171)
4(258 346 347 259)
4(346 434 435 347)
4(434 510 511 435)
4(510 586 587 511)
4(586 662 663 587)
4(662 738 739 663)
4(738 814 815 739)
4(814 890 891 815)
4(890 966 967 891)
4(83 171 172 84)
4(171 259 260 172)
4(259 347 348 260)
4(347 435 436 348)
4(435 511 512 436)
4(511 587 588 512)
4(587 663 664 588)
4(663 739 740 664)
4(739 815 816 740)
4(815 891 892 816)
4(891 967 968 892)
4(84 172 173 85)
4(172 260 261 173)
4(260 348 349 261)
4(348 436 437 349)
4(436 512 513 437)
4(512 588 589 513)
4(588 664 665 589)
4(664 740 741 665)
4(740 816 817 741)
4(816 892 893 817)
4(892 968 969 893)
4(85 173 174 86)
4(173 261 262 174)
4(261 349 350 262)
4(349 437 438 350)
4(437 513 514 438)
4(513 589 590 514)
4(589 665 666 590)
4(665 741 742 666)
4(741 817 818 742)
4(817 893 894 818)
4(893 969 970 894)
4(86 174 175 87)
4(174 262 263 175)
4(262 350 351 263)
4(350 438 439 351)
4(438 514 515 439)
4(514 590 591 515)
4(590 666 667 591)
4(666 742 743 667)
4(742 818 819 743)
4(818 894 895 819)
4(894 970 971 895)
4(920 921 934 933)
4(933 934 947 946)
4(946 947 960 959)
4(896 897 909 908)
4(908 909 922 921)
4(921 922 935 934)
4(934 935 948 947)
4(947 948 961 960)
4(897 898 910 909)
4(909 910 923 922)
4(922 923 936 935)
4(935 936 949 948)
4(948 949 962 961)
4(898 899 911 910)
4(910 911 924 923)
4(923 924 937 936)
4(936 937 950 949)
4(949 950 963 962)
4(899 900 912 911)
4(911 912 925 924)
4(924 925 938 937)
4(937 938 951 950)
4(950 951 964 963)
4(900 901 913 912)
4(912 913 926 925)
4(925 926 939 938)
4(938 939 952 951)
4(951 952 965 964)
4(901 902 914 913)
4(913 914 927 926)
4(926 927 940 939)
4(939 940 953 952)
4(952 953 966 965)
4(902 903 915 914)
4(914 915 928 927)
4(927 928 941 940)
4(940 941 954 953)
4(953 954 967 966)
4(903 904 916 915)
4(915 916 929 928)
4(928 929 942 941)
4(941 942 955 954)
4(954 955 968 967)
4(904 905 917 916)
4(916 917 930 929)
4(929 930 943 942)
4(942 943 956 955)
4(955 956 969 968)
4(905 906 918 917)
4(917 918 931 930)
4(930 931 944 943)
4(943 944 957 956)
4(956 957 970 969)
4(906 907 919 918)
4(918 919 932 931)
4(931 932 945 944)
4(944 945 958 957)
4(957 958 971 970)
4(0 88 100 12)
4(12 100 112 24)
4(24 112 125 37)
4(36 37 125 124)
4(36 124 137 49)
4(49 137 150 62)
4(62 150 163 75)
4(88 176 188 100)
4(100 188 200 112)
4(112 200 213 125)
4(124 125 213 212)
4(124 212 225 137)
4(137 225 238 150)
4(150 238 251 163)
4(176 264 276 188)
4(188 276 288 200)
4(200 288 301 213)
4(212 213 301 300)
4(212 300 313 225)
4(225 313 326 238)
4(238 326 339 251)
4(264 352 364 276)
4(276 364 376 288)
4(288 376 389 301)
4(300 301 389 388)
4(300 388 401 313)
4(313 401 414 326)
4(326 414 427 339)
4(364 440 452 376)
4(376 452 465 389)
4(388 389 465 464)
4(388 464 477 401)
4(401 477 490 414)
4(414 490 503 427)
4(440 516 528 452)
4(452 528 541 465)
4(464 465 541 540)
4(464 540 553 477)
4(477 553 566 490)
4(490 566 579 503)
4(516 592 604 528)
4(528 604 617 541)
4(540 541 617 616)
4(540 616 629 553)
4(553 629 642 566)
4(566 642 655 579)
4(592 668 680 604)
4(604 680 693 617)
4(616 617 693 692)
4(616 692 705 629)
4(629 705 718 642)
4(642 718 731 655)
4(668 744 756 680)
4(680 756 769 693)
4(692 693 769 768)
4(692 768 781 705)
4(705 781 794 718)
4(718 794 807 731)
4(744 820 832 756)
4(756 832 845 769)
4(768 769 845 844)
4(768 844 857 781)
4(781 857 870 794)
4(794 870 883 807)
4(820 896 908 832)
4(832 908 921 845)
4(844 845 921 920)
4(844 920 933 857)
4(857 933 946 870)
4(870 946 959 883)
4(11 23 111 99)
4(23 35 123 111)
4(35 48 136 123)
4(48 61 149 136)
4(61 74 162 149)
4(74 87 175 162)
4(99 111 199 187)
4(111 123 211 199)
4(123 136 224 211)
4(136 149 237 224)
4(149 162 250 237)
4(162 175 263 250)
4(187 199 287 275)
4(199 211 299 287)
4(211 224 312 299)
4(224 237 325 312)
4(237 250 338 325)
4(250 263 351 338)
4(275 287 375 363)
4(287 299 387 375)
4(299 312 400 387)
4(312 325 413 400)
4(325 338 426 413)
4(338 351 439 426)
4(375 387 463 451)
4(387 400 476 463)
4(400 413 489 476)
4(413 426 502 489)
4(426 439 515 502)
4(451 463 539 527)
4(463 476 552 539)
4(476 489 565 552)
4(489 502 578 565)
4(502 515 591 578)
4(527 539 615 603)
4(539 552 628 615)
4(552 565 641 628)
4(565 578 654 641)
4(578 591 667 654)
4(603 615 691 679)
4(615 628 704 691)
4(628 641 717 704)
4(641 654 730 717)
4(654 667 743 730)
4(679 691 767 755)
4(691 704 780 767)
4(704 717 793 780)
4(717 730 806 793)
4(730 743 819 806)
4(755 767 843 831)
4(767 780 856 843)
4(780 793 869 856)
4(793 806 882 869)
4(806 819 895 882)
4(831 843 919 907)
4(843 856 932 919)
4(856 869 945 932)
4(869 882 958 945)
4(882 895 971 958)
4(0 1 89 88)
4(1 2 90 89)
4(2 3 91 90)
4(3 4 92 91)
4(4 5 93 92)
4(5 6 94 93)
4(6 7 95 94)
4(7 8 96 95)
4(8 9 97 96)
4(9 10 98 97)
4(10 11 99 98)
4(88 89 177 176)
4(89 90 178 177)
4(90 91 179 178)
4(91 92 180 179)
4(92 93 181 180)
4(93 94 182 181)
4(94 95 183 182)
4(95 96 184 183)
4(96 97 185 184)
4(97 98 186 185)
4(98 99 187 186)
4(176 177 265 264)
4(177 178 266 265)
4(178 179 267 266)
4(179 180 268 267)
4(180 181 269 268)
4(181 182 270 269)
4(182 183 271 270)
4(183 184 272 271)
4(184 185 273 272)
4(185 186 274 273)
4(186 187 275 274)
4(264 265 353 352)
4(265 266 354 353)
4(266 267 355 354)
4(267 268 356 355)
4(268 269 357 356)
4(269 270 358 357)
4(270 271 359 358)
4(271 272 360 359)
4(272 273 361 360)
4(273 274 362 361)
4(274 275 363 362)
4(352 353 365 364)
4(353 354 366 365)
4(354 355 367 366)
4(355 356 368 367)
4(356 357 369 368)
4(357 358 370 369)
4(358 359 371 370)
4(359 360 372 371)
4(360 361 373 372)
4(361 362 374 373)
4(362 363 375 374)
4(364 365 441 440)
4(365 366 442 441)
4(366 367 443 442)
4(367 368 444 443)
4(368 369 445 444)
4(369 370 446 445)
4(370 371 447 446)
4(371 372 448 447)
4(372 373 449 448)
4(373 374 450 449)
4(374 375 451 450)
4(440 441 517 516)
4(441 442 518 517)
4(442 443 519 518)
4(443 444 520 519)
4(444 445 521 520)
4(445 446 522 521)
4(446 447 523 522)
4(447 448 524 523)
4(448 449 525 524)
4(449 450 526 525)
4(450 451 527 526)
4(516 517 593 592)
4(517 518 594 593)
4(518 519 595 594)
4(519 520 596 595)
4(520 521 597 596)
4(521 522 598 597)
4(522 523 599 598)
4(523 524 600 599)
4(524 525 601 600)
4(525 526 602 601)
4(526 527 603 602)
4(592 593 669 668)
4(593 594 670 669)
4(594 595 671 670)
4(595 596 672 671)
4(596 597 673 672)
4(597 598 674 673)
4(598 599 675 674)
4(599 600 676 675)
4(600 601 677 676)
4(601 602 678 677)
4(602 603 679 678)
4(668 669 745 744)
4(669 670 746 745)
4(670 671 747 746)
4(671 672 748 747)
4(672 673 749 748)
4(673 674 750 749)
4(674 675 751 750)
4(675 676 752 751)
4(676 677 753 752)
4(677 678 754 753)
4(678 679 755 754)
4(744 745 821 820)
4(745 746 822 821)
4(746 747 823 822)
4(747 748 824 823)
4(748 749 825 824)
4(749 750 826 825)
4(750 751 827 826)
4(751 752 828 827)
4(752 753 829 828)
4(753 754 830 829)
4(754 755 831 830)
4(820 821 897 896)
4(821 822 898 897)
4(822 823 899 898)
4(823 824 900 899)
4(824 825 901 900)
4(825 826 902 901)
4(826 827 903 902)
4(827 828 904 903)
4(828 829 905 904)
4(829 830 906 905)
4(830 831 907 906)
)


// ************************************************************************* //
