/*--------------------------------*- C++ -*----------------------------------*\
| =========                 |                                                 |
| \\      /  F ield         | OpenFOAM: The Open Source CFD Toolbox           |
|  \\    /   O peration     | Version:  2212                                  |
|   \\  /    A nd           | Website:  www.openfoam.com                      |
|    \\/     M anipulation  |                                                 |
\*---------------------------------------------------------------------------*/
FoamFile
{
    version     2.0;
    format      ascii;
    arch        "LSB;label=32;scalar=64";
    class       volScalarField;
    location    "2.25";
    object      nut;
}
// * * * * * * * * * * * * * * * * * * * * * * * * * * * * * * * * * * * * * //

dimensions      [0 2 -1 0 0 0 0];

internalField   nonuniform List<scalar> 
6840
(
4.5356e-05
2.3208e-05
1.65396e-05
1.36494e-05
1.18966e-05
1.06844e-05
9.76082e-06
9.0572e-06
8.49488e-06
8.0316e-06
7.64099e-06
7.31296e-06
7.02593e-06
6.76312e-06
6.53316e-06
6.33482e-06
6.16451e-06
6.02342e-06
5.93962e-06
5.86533e-06
0.000107685
6.77183e-05
5.06311e-05
4.14159e-05
3.54049e-05
3.10368e-05
2.77138e-05
2.50818e-05
2.29338e-05
2.11511e-05
1.96513e-05
1.83725e-05
1.72651e-05
1.62962e-05
1.54544e-05
1.47298e-05
1.41012e-05
1.35593e-05
1.3124e-05
1.28329e-05
0.000160509
0.00010736
8.07409e-05
6.55976e-05
5.54896e-05
4.83026e-05
4.3131e-05
3.90791e-05
3.57392e-05
3.29496e-05
3.0578e-05
2.85352e-05
2.67745e-05
2.52469e-05
2.39094e-05
2.27316e-05
2.16927e-05
2.0775e-05
1.99693e-05
1.93077e-05
0.000198681
0.0001383
0.000105187
8.55269e-05
7.25012e-05
6.28901e-05
5.60609e-05
5.0759e-05
4.63876e-05
4.2721e-05
3.96239e-05
3.69533e-05
3.46301e-05
3.25979e-05
3.081e-05
2.92291e-05
2.78229e-05
2.6565e-05
2.54408e-05
2.45374e-05
0.000218609
0.000155003
0.000118661
9.65068e-05
8.18822e-05
7.08353e-05
6.30852e-05
5.71429e-05
5.22475e-05
4.80949e-05
4.45803e-05
4.15686e-05
3.89471e-05
3.66506e-05
3.46262e-05
3.28304e-05
3.12268e-05
2.97842e-05
2.84836e-05
2.73968e-05
0.000218609
0.000155003
0.000118661
9.65068e-05
8.18822e-05
7.08354e-05
6.30853e-05
5.7143e-05
5.22477e-05
4.80952e-05
4.45808e-05
4.15694e-05
3.89485e-05
3.66531e-05
3.46305e-05
3.28371e-05
3.12373e-05
2.9801e-05
2.85121e-05
2.7453e-05
0.000198681
0.0001383
0.000105187
8.55269e-05
7.25012e-05
6.28901e-05
5.6061e-05
5.07592e-05
4.63879e-05
4.27216e-05
3.96249e-05
3.69549e-05
3.46327e-05
3.26025e-05
3.08175e-05
2.92406e-05
2.78413e-05
2.65949e-05
2.54872e-05
2.46012e-05
0.000160509
0.00010736
8.07409e-05
6.55976e-05
5.54896e-05
4.83026e-05
4.31311e-05
3.90793e-05
3.57395e-05
3.29501e-05
3.05788e-05
2.85364e-05
2.67765e-05
2.52503e-05
2.3915e-05
2.27403e-05
2.17064e-05
2.07971e-05
2.00034e-05
1.93503e-05
0.000107685
6.77183e-05
5.06311e-05
4.14159e-05
3.54049e-05
3.10368e-05
2.77139e-05
2.50819e-05
2.29338e-05
2.11512e-05
1.96515e-05
1.83728e-05
1.72657e-05
1.62977e-05
1.54566e-05
1.47331e-05
1.41067e-05
1.35687e-05
1.31427e-05
1.2849e-05
4.5356e-05
2.3208e-05
1.65396e-05
1.36494e-05
1.18966e-05
1.06844e-05
9.76082e-06
9.05719e-06
8.49488e-06
8.03159e-06
7.64098e-06
7.31295e-06
7.02596e-06
6.76309e-06
6.53314e-06
6.3348e-06
6.16447e-06
6.02335e-06
5.93954e-06
5.86522e-06
0.000107685
6.77183e-05
5.06311e-05
4.14159e-05
3.54049e-05
3.10368e-05
2.77139e-05
2.50819e-05
2.29338e-05
2.11512e-05
1.96515e-05
1.83728e-05
1.72657e-05
1.62976e-05
1.54567e-05
1.47333e-05
1.41069e-05
1.3569e-05
1.3143e-05
1.28493e-05
0.000528907
0.000369984
0.000305097
0.000261371
0.000228528
0.000202476
0.000181114
0.000163075
0.000147541
0.000133986
0.000122052
0.000111471
0.000102141
9.38707e-05
8.64894e-05
7.97038e-05
7.35299e-05
6.79995e-05
6.38099e-05
5.53395e-05
0.000663952
0.000488458
0.000404619
0.000347248
0.000305036
0.000272128
0.000245318
0.000222889
0.000203756
0.000187179
0.000172654
0.000159813
0.00014837
0.00013811
0.000128862
0.000120626
0.000113196
0.000106383
0.000100471
9.45067e-05
0.00071288
0.000556432
0.000466397
0.000402355
0.000354425
0.000317049
0.000286673
0.000261251
0.000239576
0.000220837
0.00020443
0.000189928
0.00017701
0.000165411
0.000154915
0.000145401
0.000136698
0.000128673
0.000121219
0.000114037
0.000728543
0.000588231
0.000496001
0.000429131
0.000378509
0.000338933
0.000306815
0.000279967
0.000257063
0.00023724
0.000219885
0.000204537
0.000190851
0.000178555
0.000167423
0.000157302
0.000148015
0.000139414
0.000131338
0.00012336
0.000728543
0.000588231
0.000496001
0.000429131
0.000378509
0.000338933
0.000306816
0.000279969
0.000257065
0.000237244
0.000219891
0.000204548
0.000190871
0.000178595
0.000167494
0.000157399
0.00014816
0.000139641
0.000131703
0.000124093
0.00071288
0.000556432
0.000466397
0.000402355
0.000354426
0.00031705
0.000286675
0.000261256
0.000239581
0.000220845
0.000204442
0.000189949
0.000177049
0.000165487
0.00015504
0.000145578
0.000136974
0.000129113
0.000121921
0.000115718
0.000663952
0.000488459
0.000404619
0.000347248
0.000305036
0.000272128
0.00024532
0.000222892
0.00020376
0.000187185
0.000172663
0.000159827
0.000148395
0.000138164
0.000128942
0.000120743
0.000113385
0.000106702
0.000101054
9.45818e-05
0.000528907
0.000369984
0.000305097
0.000261371
0.000228528
0.000202476
0.000181114
0.000163075
0.00014754
0.000133986
0.000122052
0.00011147
0.00010214
9.38766e-05
8.64833e-05
7.96992e-05
7.3525e-05
6.79941e-05
6.38031e-05
5.53286e-05
0.000107685
6.77183e-05
5.06311e-05
4.14159e-05
3.54049e-05
3.10368e-05
2.77138e-05
2.50818e-05
2.29338e-05
2.11511e-05
1.96513e-05
1.83725e-05
1.72651e-05
1.62961e-05
1.54544e-05
1.47298e-05
1.41011e-05
1.35591e-05
1.31238e-05
1.28326e-05
0.000160509
0.00010736
8.07409e-05
6.55976e-05
5.54896e-05
4.83026e-05
4.31311e-05
3.90793e-05
3.57395e-05
3.29501e-05
3.05788e-05
2.85364e-05
2.67764e-05
2.52501e-05
2.39151e-05
2.27404e-05
2.17066e-05
2.07973e-05
2.00038e-05
1.93509e-05
0.000663952
0.000488459
0.000404619
0.000347248
0.000305036
0.000272128
0.00024532
0.000222892
0.00020376
0.000187185
0.000172663
0.000159827
0.000148394
0.000138153
0.000128953
0.000120749
0.00011339
0.000106705
0.000101066
9.46103e-05
0.000786828
0.000662293
0.000567975
0.000495806
0.000439464
0.000394563
0.000357975
0.000327453
0.000301493
0.000279055
0.000259404
0.000242013
0.000226488
0.000212533
0.000199923
0.000188483
0.000178066
0.000168525
0.000159701
0.000149852
0.000809324
0.000713906
0.000631505
0.000562574
0.000505377
0.000457785
0.000417841
0.000383939
0.000354803
0.000329449
0.000307154
0.000287376
0.000269695
0.000253783
0.000239379
0.00022629
0.000214325
0.00020331
0.000192988
0.000182461
0.000814958
0.000730426
0.000654634
0.000589043
0.000533067
0.000485438
0.000444762
0.000409791
0.000379467
0.000352927
0.000329485
0.000308619
0.000289923
0.000273073
0.000257803
0.000243905
0.000231182
0.000219441
0.000208398
0.00019736
0.000814958
0.000730426
0.000654634
0.000589043
0.000533067
0.000485438
0.000444763
0.000409793
0.000379469
0.00035293
0.00032949
0.000308627
0.000289937
0.000273099
0.000257845
0.000243959
0.000231255
0.000219541
0.000208514
0.00019725
0.000809324
0.000713906
0.000631505
0.000562574
0.000505377
0.000457786
0.000417842
0.000383942
0.000354807
0.000329454
0.000307162
0.000287389
0.000269718
0.000253825
0.000239443
0.000226374
0.000214446
0.00020349
0.000193275
0.000183009
0.000786828
0.000662293
0.000567975
0.000495806
0.000439464
0.000394563
0.000357975
0.000327453
0.000301493
0.000279054
0.000259404
0.000242012
0.000226486
0.000212534
0.00019992
0.00018848
0.000178061
0.000168516
0.00015969
0.000149831
0.000663952
0.000488458
0.000404619
0.000347248
0.000305036
0.000272128
0.000245318
0.000222889
0.000203755
0.000187179
0.000172653
0.000159812
0.000148367
0.000138105
0.000128865
0.000120627
0.000113195
0.000106379
0.000100466
9.44952e-05
0.000160509
0.00010736
8.07409e-05
6.55976e-05
5.54896e-05
4.83026e-05
4.3131e-05
3.90791e-05
3.57392e-05
3.29496e-05
3.0578e-05
2.85352e-05
2.67744e-05
2.52467e-05
2.39095e-05
2.27317e-05
2.16928e-05
2.07751e-05
1.99693e-05
1.93076e-05
0.000198681
0.0001383
0.000105187
8.55269e-05
7.25012e-05
6.28901e-05
5.60611e-05
5.07592e-05
4.63879e-05
4.27216e-05
3.96249e-05
3.69549e-05
3.46326e-05
3.26022e-05
3.08177e-05
2.92408e-05
2.78414e-05
2.6595e-05
2.54873e-05
2.46014e-05
0.00071288
0.000556432
0.000466397
0.000402355
0.000354426
0.00031705
0.000286675
0.000261256
0.000239581
0.000220845
0.000204442
0.000189949
0.000177045
0.000165477
0.00015505
0.000145584
0.000136977
0.000129114
0.00012192
0.000115718
0.000809324
0.000713906
0.000631505
0.000562574
0.000505377
0.000457786
0.000417842
0.000383942
0.000354807
0.000329454
0.000307162
0.000287389
0.000269716
0.000253821
0.000239449
0.000226379
0.00021445
0.000203494
0.000193279
0.000183013
0.000823497
0.000753987
0.000688491
0.000628748
0.000575387
0.000528266
0.000486846
0.000450442
0.000418363
0.000389975
0.000364729
0.000342165
0.000321898
0.00030361
0.000287036
0.00027195
0.000258154
0.000245432
0.000233446
0.000221342
0.000826292
0.000764347
0.000706102
0.000651936
0.00060223
0.000557103
0.000516428
0.000479912
0.00044718
0.000417832
0.000391475
0.000367749
0.000346332
0.000326939
0.000309322
0.000293261
0.00027855
0.000264951
0.000252058
0.00023889
0.000826292
0.000764347
0.000706102
0.000651936
0.00060223
0.000557103
0.000516428
0.000479912
0.000447181
0.000417833
0.000391477
0.000367752
0.000346335
0.000326946
0.000309333
0.000293275
0.000278567
0.000264964
0.000252015
0.000238451
0.000823497
0.000753987
0.000688491
0.000628748
0.000575387
0.000528266
0.000486846
0.000450442
0.000418363
0.000389975
0.000364729
0.000342164
0.000321897
0.00030361
0.000287035
0.000271949
0.000258151
0.000245428
0.000233441
0.000221338
0.000809324
0.000713906
0.000631505
0.000562574
0.000505377
0.000457785
0.00041784
0.000383939
0.000354803
0.000329448
0.000307154
0.000287375
0.000269691
0.000253778
0.000239383
0.00022629
0.000214322
0.000203303
0.000192979
0.000182454
0.00071288
0.000556432
0.000466397
0.000402355
0.000354425
0.000317049
0.000286673
0.000261251
0.000239576
0.000220837
0.00020443
0.000189928
0.000177007
0.000165401
0.000154925
0.000145406
0.0001367
0.000128674
0.000121219
0.00011404
0.000198681
0.0001383
0.000105187
8.55269e-05
7.25012e-05
6.28901e-05
5.60609e-05
5.0759e-05
4.63875e-05
4.2721e-05
3.96239e-05
3.69533e-05
3.463e-05
3.25976e-05
3.08102e-05
2.92292e-05
2.7823e-05
2.65652e-05
2.5441e-05
2.45378e-05
0.000218609
0.000155003
0.000118661
9.65068e-05
8.18822e-05
7.08354e-05
6.30853e-05
5.7143e-05
5.22477e-05
4.80952e-05
4.45808e-05
4.15694e-05
3.89484e-05
3.6653e-05
3.46304e-05
3.2837e-05
3.12372e-05
2.98009e-05
2.8512e-05
2.7453e-05
0.000728543
0.000588231
0.000496002
0.000429131
0.000378509
0.000338933
0.000306816
0.000279969
0.000257066
0.000237244
0.000219891
0.000204547
0.000190869
0.000178589
0.000167494
0.000157397
0.000148156
0.000139634
0.000131693
0.000124079
0.000814958
0.000730426
0.000654634
0.000589043
0.000533067
0.000485438
0.000444763
0.000409793
0.000379469
0.00035293
0.000329489
0.000308626
0.000289935
0.000273096
0.000257845
0.000243958
0.000231252
0.000219537
0.000208507
0.00019724
0.000826292
0.000764347
0.000706102
0.000651936
0.00060223
0.000557103
0.000516428
0.000479912
0.000447181
0.000417833
0.000391477
0.000367752
0.000346336
0.000326946
0.000309334
0.000293275
0.000278567
0.000264963
0.000252013
0.000238443
0.000828382
0.0007726
0.000721138
0.00067296
0.000627782
0.00058562
0.000546547
0.000510579
0.000477649
0.000447616
0.000420288
0.000395448
0.000372868
0.000352323
0.000333602
0.000316497
0.000300807
0.000286278
0.000272489
0.000258631
0.000828382
0.0007726
0.000721138
0.00067296
0.000627782
0.00058562
0.000546547
0.000510579
0.000477649
0.000447615
0.000420288
0.000395448
0.000372868
0.000352323
0.000333601
0.000316497
0.000300806
0.000286278
0.000272489
0.000258636
0.000826292
0.000764347
0.000706102
0.000651936
0.00060223
0.000557103
0.000516428
0.000479912
0.00044718
0.000417832
0.000391475
0.000367749
0.000346331
0.000326939
0.000309322
0.000293261
0.000278548
0.000264947
0.000252054
0.000238892
0.000814958
0.000730426
0.000654634
0.000589043
0.000533067
0.000485437
0.000444762
0.000409791
0.000379467
0.000352927
0.000329484
0.000308618
0.000289921
0.00027307
0.000257805
0.000243905
0.00023118
0.000219437
0.000208394
0.000197357
0.000728543
0.000588231
0.000496001
0.000429131
0.000378509
0.000338933
0.000306815
0.000279967
0.000257063
0.00023724
0.000219885
0.000204537
0.000190851
0.000178547
0.00016743
0.000157306
0.000148017
0.000139416
0.000131341
0.000123364
0.000218609
0.000155003
0.000118661
9.65068e-05
8.18822e-05
7.08353e-05
6.30852e-05
5.71429e-05
5.22475e-05
4.80949e-05
4.45803e-05
4.15686e-05
3.89471e-05
3.66506e-05
3.46261e-05
3.28304e-05
3.12269e-05
2.97843e-05
2.84838e-05
2.73973e-05
0.000218609
0.000155003
0.000118661
9.65068e-05
8.18822e-05
7.08353e-05
6.30852e-05
5.71429e-05
5.22475e-05
4.80949e-05
4.45803e-05
4.15686e-05
3.89471e-05
3.66506e-05
3.46262e-05
3.28304e-05
3.12268e-05
2.9784e-05
2.84834e-05
2.73977e-05
0.000728543
0.000588231
0.000496001
0.000429131
0.000378509
0.000338933
0.000306815
0.000279967
0.000257063
0.00023724
0.000219884
0.000204537
0.00019085
0.000178554
0.000167423
0.0001573
0.00014801
0.000139406
0.000131326
0.000123342
0.000814958
0.000730426
0.000654634
0.000589043
0.000533067
0.000485438
0.000444762
0.000409791
0.000379467
0.000352927
0.000329484
0.000308618
0.000289923
0.000273072
0.000257802
0.000243903
0.000231178
0.000219434
0.000208388
0.000197346
0.000826292
0.000764347
0.000706102
0.000651936
0.00060223
0.000557103
0.000516428
0.000479912
0.00044718
0.000417832
0.000391475
0.000367749
0.000346332
0.000326939
0.000309321
0.000293261
0.000278549
0.000264948
0.000252054
0.000238885
0.000828382
0.0007726
0.000721138
0.00067296
0.000627782
0.00058562
0.000546547
0.000510579
0.000477649
0.000447616
0.000420288
0.000395448
0.000372868
0.000352323
0.000333602
0.000316497
0.000300807
0.000286278
0.000272489
0.000258634
0.000828382
0.0007726
0.000721138
0.00067296
0.000627782
0.00058562
0.000546547
0.000510579
0.000477649
0.000447616
0.000420288
0.000395448
0.000372868
0.000352323
0.000333602
0.000316497
0.000300807
0.000286278
0.000272489
0.000258638
0.000826292
0.000764347
0.000706102
0.000651936
0.00060223
0.000557103
0.000516428
0.000479912
0.000447181
0.000417833
0.000391477
0.000367752
0.000346336
0.000326947
0.000309332
0.000293275
0.000278567
0.000264964
0.000252015
0.000238453
0.000814958
0.000730426
0.000654634
0.000589043
0.000533067
0.000485438
0.000444763
0.000409793
0.000379469
0.00035293
0.00032949
0.000308627
0.000289938
0.000273099
0.000257842
0.000243957
0.000231254
0.000219542
0.000208517
0.000197256
0.000728543
0.000588231
0.000496001
0.000429131
0.000378509
0.000338933
0.000306816
0.000279969
0.000257066
0.000237244
0.000219891
0.000204548
0.000190873
0.000178592
0.00016749
0.000157396
0.000148159
0.000139642
0.000131705
0.000124092
0.000218609
0.000155003
0.000118661
9.65068e-05
8.18822e-05
7.08354e-05
6.30853e-05
5.7143e-05
5.22477e-05
4.80952e-05
4.45808e-05
4.15694e-05
3.89486e-05
3.66532e-05
3.46301e-05
3.28368e-05
3.12371e-05
2.98009e-05
2.85121e-05
2.74533e-05
0.000198681
0.0001383
0.000105187
8.55269e-05
7.25012e-05
6.28901e-05
5.60609e-05
5.0759e-05
4.63876e-05
4.2721e-05
3.96239e-05
3.69534e-05
3.46301e-05
3.25979e-05
3.081e-05
2.92291e-05
2.78229e-05
2.6565e-05
2.54407e-05
2.45374e-05
0.00071288
0.000556432
0.000466397
0.000402355
0.000354425
0.00031705
0.000286673
0.000261252
0.000239576
0.000220837
0.00020443
0.000189928
0.00017701
0.000165411
0.000154915
0.0001454
0.000136696
0.00012867
0.000121214
0.000114032
0.000809324
0.000713906
0.000631505
0.000562574
0.000505377
0.000457785
0.000417841
0.000383939
0.000354803
0.000329449
0.000307155
0.000287376
0.000269696
0.000253783
0.000239378
0.000226289
0.000214324
0.000203308
0.000192985
0.000182465
0.000823497
0.000753987
0.000688491
0.000628748
0.000575387
0.000528266
0.000486846
0.000450442
0.000418363
0.000389975
0.000364729
0.000342165
0.000321898
0.00030361
0.000287036
0.000271951
0.000258155
0.000245434
0.000233449
0.000221349
0.000826292
0.000764347
0.000706102
0.000651936
0.00060223
0.000557103
0.000516428
0.000479912
0.000447181
0.000417833
0.000391477
0.000367752
0.000346336
0.000326946
0.000309334
0.000293277
0.000278569
0.000264966
0.000252017
0.000238454
0.000826292
0.000764347
0.000706102
0.000651936
0.00060223
0.000557103
0.000516428
0.000479912
0.00044718
0.000417832
0.000391475
0.000367749
0.000346332
0.000326938
0.000309322
0.000293262
0.00027855
0.000264949
0.000252055
0.000238893
0.000823497
0.000753987
0.000688491
0.000628748
0.000575387
0.000528266
0.000486846
0.000450442
0.000418363
0.000389975
0.000364729
0.000342165
0.000321897
0.00030361
0.000287035
0.00027195
0.000258154
0.000245432
0.000233445
0.000221342
0.000809324
0.000713906
0.000631505
0.000562574
0.000505377
0.000457786
0.000417842
0.000383941
0.000354807
0.000329454
0.000307162
0.000287389
0.000269719
0.000253825
0.000239443
0.000226377
0.000214451
0.000203497
0.000193286
0.000183023
0.00071288
0.000556432
0.000466397
0.000402355
0.000354426
0.00031705
0.000286675
0.000261255
0.000239581
0.000220845
0.000204442
0.000189949
0.000177049
0.000165487
0.000155039
0.000145578
0.000136974
0.000129114
0.000121924
0.000115719
0.000198681
0.0001383
0.000105187
8.55269e-05
7.25012e-05
6.28901e-05
5.60611e-05
5.07592e-05
4.63879e-05
4.27216e-05
3.96249e-05
3.69549e-05
3.46327e-05
3.26024e-05
3.08174e-05
2.92406e-05
2.78412e-05
2.65948e-05
2.54873e-05
2.46026e-05
0.000160509
0.00010736
8.07409e-05
6.55976e-05
5.54896e-05
4.83026e-05
4.3131e-05
3.90791e-05
3.57393e-05
3.29496e-05
3.05781e-05
2.85352e-05
2.67745e-05
2.52469e-05
2.39094e-05
2.27316e-05
2.16928e-05
2.07751e-05
1.99695e-05
1.93079e-05
0.000663952
0.000488458
0.000404619
0.000347248
0.000305036
0.000272128
0.000245319
0.000222889
0.000203756
0.00018718
0.000172654
0.000159814
0.000148371
0.000138112
0.000128862
0.000120627
0.0001132
0.000106391
0.000100473
9.45244e-05
0.000786828
0.000662293
0.000567975
0.000495806
0.000439464
0.000394563
0.000357976
0.000327454
0.000301493
0.000279055
0.000259405
0.000242014
0.000226489
0.000212536
0.000199923
0.000188486
0.000178072
0.000168534
0.000159716
0.000149887
0.000809324
0.000713906
0.000631505
0.000562574
0.000505377
0.000457786
0.000417842
0.000383942
0.000354807
0.000329454
0.000307163
0.00028739
0.000269717
0.000253823
0.00023945
0.000226382
0.000214456
0.000203503
0.000193294
0.000183036
0.000814958
0.000730426
0.000654634
0.000589043
0.000533067
0.000485438
0.000444763
0.000409793
0.000379469
0.00035293
0.00032949
0.000308627
0.000289936
0.000273097
0.000257847
0.000243961
0.000231257
0.000219544
0.000208518
0.000197254
0.000814958
0.000730426
0.000654634
0.000589043
0.000533067
0.000485437
0.000444762
0.000409791
0.000379467
0.000352927
0.000329484
0.000308618
0.000289922
0.00027307
0.000257803
0.000243905
0.00023118
0.000219436
0.000208391
0.000197349
0.000809324
0.000713906
0.000631505
0.000562574
0.000505377
0.000457785
0.000417841
0.000383939
0.000354803
0.000329449
0.000307154
0.000287376
0.000269692
0.000253778
0.000239383
0.000226292
0.000214325
0.000203306
0.00019298
0.000182452
0.000786828
0.000662293
0.000567975
0.000495806
0.000439464
0.000394563
0.000357976
0.000327453
0.000301493
0.000279055
0.000259405
0.000242013
0.000226487
0.000212534
0.000199922
0.000188484
0.000178068
0.000168527
0.000159703
0.00014986
0.000663952
0.000488459
0.000404619
0.000347248
0.000305036
0.000272129
0.00024532
0.000222891
0.000203759
0.000187185
0.000172663
0.000159828
0.000148396
0.000138164
0.000128943
0.000120744
0.000113387
0.000106705
0.000101059
9.4616e-05
0.000160509
0.00010736
8.07409e-05
6.55976e-05
5.54896e-05
4.83026e-05
4.31311e-05
3.90793e-05
3.57395e-05
3.29501e-05
3.05788e-05
2.85364e-05
2.67765e-05
2.52503e-05
2.3915e-05
2.27403e-05
2.17064e-05
2.07971e-05
2.00035e-05
1.93496e-05
0.000107685
6.77183e-05
5.06311e-05
4.14159e-05
3.54049e-05
3.10368e-05
2.77138e-05
2.50818e-05
2.29338e-05
2.11511e-05
1.96513e-05
1.83725e-05
1.72651e-05
1.62962e-05
1.54544e-05
1.47299e-05
1.41013e-05
1.35594e-05
1.31242e-05
1.28333e-05
0.000528907
0.000369984
0.000305097
0.000261371
0.000228528
0.000202476
0.000181115
0.000163075
0.000147541
0.000133986
0.000122052
0.000111471
0.000102142
9.38721e-05
8.64905e-05
7.97059e-05
7.35334e-05
6.80047e-05
6.38188e-05
5.53544e-05
0.000663952
0.000488459
0.000404619
0.000347248
0.000305036
0.000272128
0.00024532
0.000222892
0.00020376
0.000187185
0.000172663
0.000159828
0.000148395
0.000138155
0.000128955
0.000120752
0.000113394
0.000106711
0.000101076
9.46203e-05
0.00071288
0.000556432
0.000466397
0.000402355
0.000354426
0.00031705
0.000286675
0.000261256
0.000239582
0.000220845
0.000204443
0.000189949
0.000177045
0.000165477
0.000155052
0.000145586
0.000136979
0.000129117
0.000121926
0.000115724
0.000728543
0.000588231
0.000496002
0.000429131
0.000378509
0.000338933
0.000306816
0.000279969
0.000257066
0.000237244
0.000219891
0.000204547
0.000190869
0.000178589
0.000167494
0.000157398
0.000148157
0.000139636
0.000131695
0.000124082
0.000728543
0.000588231
0.000496001
0.000429131
0.000378509
0.000338933
0.000306815
0.000279968
0.000257063
0.000237241
0.000219885
0.000204537
0.00019085
0.000178551
0.000167423
0.0001573
0.000148011
0.000139407
0.000131328
0.000123345
0.00071288
0.000556432
0.000466397
0.000402355
0.000354425
0.000317049
0.000286673
0.000261252
0.000239577
0.000220838
0.000204431
0.000189928
0.000177008
0.0001654
0.000154924
0.000145405
0.0001367
0.000128674
0.000121217
0.000114035
0.000663952
0.000488458
0.000404619
0.000347248
0.000305036
0.000272128
0.000245318
0.000222889
0.000203756
0.00018718
0.000172654
0.000159813
0.000148369
0.000138106
0.000128868
0.000120632
0.000113203
0.000106393
0.000100474
9.4523e-05
0.000528907
0.000369984
0.000305097
0.000261371
0.000228528
0.000202476
0.000181115
0.000163074
0.000147541
0.000133986
0.000122052
0.000111471
0.000102141
9.38775e-05
8.6485e-05
7.97018e-05
7.35291e-05
6.80001e-05
6.38127e-05
5.53486e-05
0.000107685
6.77183e-05
5.06311e-05
4.14159e-05
3.54049e-05
3.10368e-05
2.77139e-05
2.50819e-05
2.29338e-05
2.11512e-05
1.96515e-05
1.83728e-05
1.72657e-05
1.62977e-05
1.54566e-05
1.47332e-05
1.41069e-05
1.35689e-05
1.3143e-05
1.28494e-05
4.5356e-05
2.3208e-05
1.65396e-05
1.36494e-05
1.18966e-05
1.06844e-05
9.76082e-06
9.0572e-06
8.49488e-06
8.0316e-06
7.641e-06
7.31297e-06
7.02594e-06
6.76313e-06
6.53318e-06
6.33485e-06
6.16454e-06
6.02347e-06
5.93967e-06
5.86545e-06
0.000107685
6.77183e-05
5.06311e-05
4.14159e-05
3.54049e-05
3.10368e-05
2.77139e-05
2.50819e-05
2.29338e-05
2.11512e-05
1.96516e-05
1.83729e-05
1.72658e-05
1.62977e-05
1.54567e-05
1.47334e-05
1.4107e-05
1.35692e-05
1.31434e-05
1.28499e-05
0.000160509
0.00010736
8.07409e-05
6.55976e-05
5.54896e-05
4.83026e-05
4.31311e-05
3.90793e-05
3.57395e-05
3.29502e-05
3.05789e-05
2.85365e-05
2.67765e-05
2.52502e-05
2.39152e-05
2.27405e-05
2.17067e-05
2.07974e-05
2.0004e-05
1.93513e-05
0.000198681
0.0001383
0.000105187
8.55269e-05
7.25012e-05
6.28901e-05
5.60611e-05
5.07592e-05
4.63879e-05
4.27216e-05
3.96249e-05
3.69549e-05
3.46326e-05
3.26022e-05
3.08177e-05
2.92409e-05
2.78415e-05
2.6595e-05
2.54873e-05
2.46013e-05
0.000218609
0.000155003
0.000118661
9.65068e-05
8.18822e-05
7.08354e-05
6.30853e-05
5.7143e-05
5.22477e-05
4.80952e-05
4.45808e-05
4.15694e-05
3.89484e-05
3.6653e-05
3.46304e-05
3.2837e-05
3.12372e-05
2.98008e-05
2.85118e-05
2.74527e-05
0.000218609
0.000155003
0.000118661
9.65068e-05
8.18822e-05
7.08353e-05
6.30852e-05
5.71429e-05
5.22475e-05
4.80949e-05
4.45803e-05
4.15686e-05
3.8947e-05
3.66505e-05
3.46261e-05
3.28303e-05
3.12267e-05
2.97839e-05
2.84832e-05
2.73968e-05
0.000198681
0.0001383
0.000105187
8.55269e-05
7.25012e-05
6.28901e-05
5.60609e-05
5.0759e-05
4.63876e-05
4.2721e-05
3.9624e-05
3.69534e-05
3.46301e-05
3.25977e-05
3.08102e-05
2.92292e-05
2.7823e-05
2.65651e-05
2.54407e-05
2.45375e-05
0.000160509
0.00010736
8.07409e-05
6.55976e-05
5.54896e-05
4.83026e-05
4.3131e-05
3.90791e-05
3.57393e-05
3.29496e-05
3.05781e-05
2.85352e-05
2.67744e-05
2.52467e-05
2.39096e-05
2.27318e-05
2.1693e-05
2.07753e-05
1.99697e-05
1.93081e-05
0.000107685
6.77183e-05
5.06311e-05
4.14159e-05
3.54049e-05
3.10368e-05
2.77138e-05
2.50818e-05
2.29338e-05
2.11511e-05
1.96513e-05
1.83725e-05
1.72651e-05
1.62962e-05
1.54544e-05
1.47299e-05
1.41013e-05
1.35594e-05
1.31242e-05
1.28332e-05
4.5356e-05
2.3208e-05
1.65396e-05
1.36494e-05
1.18966e-05
1.06844e-05
9.76081e-06
9.0572e-06
8.49488e-06
8.0316e-06
7.64099e-06
7.31296e-06
7.02598e-06
6.76311e-06
6.53317e-06
6.33485e-06
6.16453e-06
6.02344e-06
5.93965e-06
5.86538e-06
5.76609e-06
5.31087e-06
4.88999e-06
4.6268e-06
4.46209e-06
4.3543e-06
4.27371e-06
4.20219e-06
4.14371e-06
4.09217e-06
4.04707e-06
4.00628e-06
3.96688e-06
3.92914e-06
3.89236e-06
3.85936e-06
3.82619e-06
3.79597e-06
3.76619e-06
3.73804e-06
3.71071e-06
3.68378e-06
3.65864e-06
3.63485e-06
3.61072e-06
3.5876e-06
3.56474e-06
3.54267e-06
3.52052e-06
3.49958e-06
3.4784e-06
3.45797e-06
3.43811e-06
3.41849e-06
3.40051e-06
3.38176e-06
3.36444e-06
3.34707e-06
3.33253e-06
3.30713e-06
1.13406e-05
1.06356e-05
1.00022e-05
9.55246e-06
9.23077e-06
8.99127e-06
8.80141e-06
8.62677e-06
8.48354e-06
8.35553e-06
8.23519e-06
8.12821e-06
8.03272e-06
7.93777e-06
7.8451e-06
7.76141e-06
7.68154e-06
7.60818e-06
7.53884e-06
7.47269e-06
7.40949e-06
7.34832e-06
7.29051e-06
7.23726e-06
7.1855e-06
7.13549e-06
7.08671e-06
7.03896e-06
6.99228e-06
6.94659e-06
6.90207e-06
6.85832e-06
6.81546e-06
6.77429e-06
6.73389e-06
6.69616e-06
6.65852e-06
6.62163e-06
6.58701e-06
6.54752e-06
1.62436e-05
1.5473e-05
1.48069e-05
1.42811e-05
1.38296e-05
1.34655e-05
1.31462e-05
1.28713e-05
1.26201e-05
1.23948e-05
1.21905e-05
1.20056e-05
1.18502e-05
1.16832e-05
1.15277e-05
1.13889e-05
1.12568e-05
1.11389e-05
1.10236e-05
1.09119e-05
1.08069e-05
1.06966e-05
1.05959e-05
1.05028e-05
1.04176e-05
1.0335e-05
1.02542e-05
1.01758e-05
1.00998e-05
1.00253e-05
9.95276e-06
9.88244e-06
9.81478e-06
9.74847e-06
9.6839e-06
9.62369e-06
9.56508e-06
9.5076e-06
9.45326e-06
9.39449e-06
1.98203e-05
1.91705e-05
1.85645e-05
1.80086e-05
1.75043e-05
1.70478e-05
1.66339e-05
1.62579e-05
1.59156e-05
1.56025e-05
1.53148e-05
1.50499e-05
1.48156e-05
1.45886e-05
1.43756e-05
1.41775e-05
1.39908e-05
1.38291e-05
1.36537e-05
1.34853e-05
1.33343e-05
1.3192e-05
1.30546e-05
1.2923e-05
1.27975e-05
1.26776e-05
1.25644e-05
1.24541e-05
1.23505e-05
1.22486e-05
1.21507e-05
1.20494e-05
1.19631e-05
1.18659e-05
1.17915e-05
1.16991e-05
1.16282e-05
1.15488e-05
1.14775e-05
1.14018e-05
2.30621e-05
2.19898e-05
2.11423e-05
2.04362e-05
1.98261e-05
1.92913e-05
1.88147e-05
1.8383e-05
1.79867e-05
1.76212e-05
1.7283e-05
1.69705e-05
1.66844e-05
1.64099e-05
1.61537e-05
1.59139e-05
1.56936e-05
1.5485e-05
1.52881e-05
1.51031e-05
1.49293e-05
1.47669e-05
1.45937e-05
1.44333e-05
1.42821e-05
1.41389e-05
1.40028e-05
1.38723e-05
1.37506e-05
1.36314e-05
1.3517e-05
1.34026e-05
1.33002e-05
1.31859e-05
1.3105e-05
1.29919e-05
1.29059e-05
1.28156e-05
1.27338e-05
1.26558e-05
2.42083e-05
2.2955e-05
2.20301e-05
2.12614e-05
2.06008e-05
2.00225e-05
1.95103e-05
1.90516e-05
1.86316e-05
1.82426e-05
1.78817e-05
1.75471e-05
1.72371e-05
1.69457e-05
1.66742e-05
1.64207e-05
1.61835e-05
1.5961e-05
1.5753e-05
1.55598e-05
1.53776e-05
1.52064e-05
1.50406e-05
1.48951e-05
1.47333e-05
1.45719e-05
1.44227e-05
1.42839e-05
1.41579e-05
1.40351e-05
1.39196e-05
1.38034e-05
1.37202e-05
1.35354e-05
1.35409e-05
1.33451e-05
1.32986e-05
1.31989e-05
1.31112e-05
1.30303e-05
2.32118e-05
2.19046e-05
2.10226e-05
2.03036e-05
1.96815e-05
1.91328e-05
1.86438e-05
1.82026e-05
1.77964e-05
1.7421e-05
1.70743e-05
1.67543e-05
1.64591e-05
1.61827e-05
1.59253e-05
1.56851e-05
1.54607e-05
1.52512e-05
1.50554e-05
1.48731e-05
1.47039e-05
1.45451e-05
1.43891e-05
1.42473e-05
1.41004e-05
1.395e-05
1.38116e-05
1.36841e-05
1.35661e-05
1.34496e-05
1.3338e-05
1.32276e-05
1.3141e-05
1.29957e-05
1.29405e-05
1.28266e-05
1.27437e-05
1.26592e-05
1.25771e-05
1.24985e-05
1.97453e-05
1.90377e-05
1.8356e-05
1.77471e-05
1.72058e-05
1.67293e-05
1.63058e-05
1.59224e-05
1.55734e-05
1.52543e-05
1.49611e-05
1.46924e-05
1.44452e-05
1.42142e-05
1.4e-05
1.37995e-05
1.36134e-05
1.34422e-05
1.32822e-05
1.31313e-05
1.299e-05
1.28564e-05
1.27152e-05
1.25932e-05
1.24719e-05
1.23578e-05
1.22463e-05
1.21416e-05
1.20384e-05
1.1933e-05
1.1833e-05
1.17405e-05
1.16563e-05
1.15737e-05
1.14926e-05
1.1413e-05
1.13327e-05
1.12562e-05
1.11834e-05
1.11135e-05
1.59957e-05
1.51788e-05
1.45023e-05
1.39441e-05
1.34798e-05
1.30936e-05
1.27773e-05
1.24992e-05
1.22517e-05
1.20285e-05
1.18244e-05
1.16437e-05
1.14716e-05
1.13102e-05
1.11674e-05
1.10116e-05
1.0874e-05
1.07448e-05
1.06296e-05
1.0516e-05
1.04112e-05
1.03109e-05
1.02107e-05
1.01228e-05
1.00315e-05
9.9461e-06
9.86389e-06
9.78563e-06
9.70999e-06
9.63785e-06
9.56845e-06
9.50191e-06
9.4373e-06
9.37508e-06
9.31441e-06
9.25663e-06
9.19568e-06
9.13712e-06
9.08446e-06
9.03235e-06
1.13057e-05
1.06197e-05
9.91715e-06
9.41337e-06
9.05214e-06
8.79764e-06
8.60208e-06
8.43709e-06
8.30375e-06
8.18489e-06
8.07161e-06
7.97921e-06
7.86885e-06
7.77145e-06
7.67867e-06
7.59033e-06
7.50728e-06
7.42929e-06
7.35602e-06
7.2868e-06
7.22139e-06
7.16003e-06
7.10262e-06
7.0508e-06
6.99858e-06
6.94804e-06
6.89868e-06
6.85073e-06
6.80393e-06
6.75903e-06
6.71521e-06
6.67232e-06
6.6304e-06
6.58976e-06
6.54971e-06
6.51277e-06
6.47762e-06
6.44364e-06
6.41159e-06
6.37551e-06
5.76611e-06
5.31023e-06
4.89004e-06
4.62581e-06
4.45785e-06
4.3469e-06
4.26527e-06
4.19604e-06
4.13983e-06
4.0916e-06
4.04723e-06
4.00836e-06
3.96833e-06
3.93003e-06
3.8934e-06
3.85959e-06
3.82671e-06
3.79598e-06
3.76615e-06
3.73823e-06
3.71048e-06
3.68416e-06
3.65869e-06
3.63559e-06
3.6114e-06
3.58878e-06
3.56593e-06
3.5439e-06
3.52164e-06
3.50037e-06
3.47905e-06
3.45851e-06
3.43834e-06
3.41854e-06
3.39947e-06
3.3813e-06
3.36514e-06
3.34793e-06
3.33337e-06
3.30747e-06
1.13058e-05
1.06202e-05
9.9197e-06
9.41123e-06
9.05569e-06
8.81389e-06
8.62694e-06
8.45276e-06
8.31441e-06
8.18738e-06
8.07156e-06
7.9746e-06
7.86346e-06
7.76724e-06
7.67539e-06
7.58998e-06
7.50602e-06
7.42965e-06
7.35629e-06
7.28748e-06
7.22216e-06
7.16053e-06
7.10289e-06
7.05041e-06
6.99738e-06
6.94619e-06
6.89642e-06
6.84844e-06
6.8018e-06
6.75761e-06
6.71419e-06
6.67165e-06
6.62991e-06
6.59e-06
6.55256e-06
6.51598e-06
6.47861e-06
6.44246e-06
6.40996e-06
6.37408e-06
2.49285e-05
2.43045e-05
2.28411e-05
2.22813e-05
2.22015e-05
2.15556e-05
2.04509e-05
1.92047e-05
1.82124e-05
1.72803e-05
1.63669e-05
1.55498e-05
1.468e-05
1.39722e-05
1.30479e-05
1.25082e-05
1.17927e-05
1.13283e-05
1.07907e-05
1.03568e-05
9.8773e-06
9.41595e-06
9.08012e-06
8.82193e-06
8.51458e-06
8.2124e-06
7.90831e-06
7.66383e-06
7.36184e-06
7.22457e-06
6.99341e-06
6.75662e-06
6.54782e-06
6.30141e-06
6.31844e-06
6.10457e-06
5.90594e-06
5.74212e-06
5.60226e-06
5.53825e-06
4.93799e-05
5.24205e-05
5.09793e-05
4.99687e-05
4.76694e-05
4.55705e-05
4.35246e-05
4.15594e-05
3.96049e-05
3.76955e-05
3.5775e-05
3.43381e-05
3.22838e-05
3.14717e-05
2.95484e-05
2.87308e-05
2.70684e-05
2.62848e-05
2.49244e-05
2.40463e-05
2.30824e-05
2.1917e-05
2.1329e-05
2.02308e-05
1.96604e-05
1.87727e-05
1.80384e-05
1.75134e-05
1.6786e-05
1.62981e-05
1.56706e-05
1.51466e-05
1.45022e-05
1.41176e-05
1.36972e-05
1.3254e-05
1.26621e-05
1.23046e-05
1.18577e-05
1.13799e-05
8.3232e-05
7.95237e-05
7.59156e-05
7.28711e-05
6.97893e-05
6.66599e-05
6.32113e-05
6.00675e-05
5.71519e-05
5.44297e-05
5.18839e-05
4.95218e-05
4.74217e-05
4.53237e-05
4.33441e-05
4.15177e-05
3.9744e-05
3.80768e-05
3.66598e-05
3.49465e-05
3.40914e-05
3.2405e-05
3.17478e-05
3.00229e-05
2.94205e-05
2.80649e-05
2.74607e-05
2.62379e-05
2.56171e-05
2.44965e-05
2.37725e-05
2.29957e-05
2.19745e-05
2.15327e-05
2.07713e-05
1.98099e-05
1.89074e-05
1.8423e-05
1.76715e-05
1.70596e-05
0.000104012
9.77917e-05
9.22755e-05
8.73514e-05
8.28883e-05
7.94457e-05
7.63293e-05
7.29065e-05
6.91603e-05
6.57746e-05
6.2685e-05
5.9863e-05
5.72764e-05
5.48222e-05
5.25253e-05
5.03782e-05
4.83663e-05
4.64758e-05
4.47081e-05
4.30169e-05
4.14951e-05
3.97793e-05
3.80726e-05
3.67896e-05
3.55801e-05
3.46093e-05
3.34471e-05
3.2482e-05
3.14093e-05
3.02115e-05
2.91193e-05
2.83362e-05
2.71115e-05
2.65379e-05
2.55276e-05
2.42094e-05
2.31294e-05
2.23777e-05
2.14668e-05
2.06266e-05
0.000111467
0.000104416
9.84788e-05
9.32755e-05
8.86045e-05
8.44472e-05
8.10998e-05
7.85212e-05
7.4995e-05
7.11871e-05
6.78195e-05
6.47911e-05
6.19916e-05
5.94514e-05
5.70704e-05
5.48329e-05
5.27273e-05
5.07416e-05
4.8866e-05
4.70854e-05
4.54035e-05
4.37704e-05
4.22117e-05
4.04234e-05
3.87048e-05
3.72315e-05
3.61431e-05
3.52325e-05
3.42275e-05
3.31189e-05
3.2092e-05
3.11283e-05
2.99127e-05
2.88413e-05
2.77335e-05
2.62209e-05
2.50929e-05
2.40068e-05
2.33407e-05
2.21263e-05
0.000104373
9.88099e-05
9.37083e-05
8.91503e-05
8.50082e-05
8.14416e-05
7.87726e-05
7.62436e-05
7.2629e-05
6.91677e-05
6.60732e-05
6.32555e-05
6.07055e-05
5.82503e-05
5.59487e-05
5.37847e-05
5.1746e-05
4.9815e-05
4.79897e-05
4.62491e-05
4.45901e-05
4.29999e-05
4.14146e-05
3.99116e-05
3.82758e-05
3.70495e-05
3.55736e-05
3.47242e-05
3.33544e-05
3.24942e-05
3.1084e-05
2.98048e-05
2.85313e-05
2.76906e-05
2.66105e-05
2.51427e-05
2.40251e-05
2.29843e-05
2.21694e-05
2.09919e-05
9.19513e-05
8.45442e-05
7.96238e-05
7.58637e-05
7.25579e-05
7.05526e-05
6.7825e-05
6.44022e-05
6.13311e-05
5.8504e-05
5.58552e-05
5.34348e-05
5.12458e-05
4.89816e-05
4.68667e-05
4.48824e-05
4.30487e-05
4.12835e-05
3.96921e-05
3.81194e-05
3.66462e-05
3.52286e-05
3.36483e-05
3.27622e-05
3.11078e-05
3.0369e-05
2.87751e-05
2.80422e-05
2.67136e-05
2.59921e-05
2.46792e-05
2.35737e-05
2.23627e-05
2.18362e-05
2.09051e-05
2.00625e-05
1.88765e-05
1.79146e-05
1.71913e-05
1.64069e-05
5.50336e-05
5.56287e-05
5.27875e-05
5.19655e-05
5.01831e-05
4.7818e-05
4.56156e-05
4.34457e-05
4.13819e-05
3.93625e-05
3.73188e-05
3.56092e-05
3.37458e-05
3.2017e-05
3.03873e-05
2.87247e-05
2.75809e-05
2.59342e-05
2.51806e-05
2.36946e-05
2.29391e-05
2.16278e-05
2.09025e-05
1.99388e-05
1.90334e-05
1.84211e-05
1.74127e-05
1.69317e-05
1.60462e-05
1.56756e-05
1.49567e-05
1.43497e-05
1.36576e-05
1.33113e-05
1.28067e-05
1.22552e-05
1.18047e-05
1.13192e-05
1.10487e-05
1.08474e-05
2.49488e-05
2.42364e-05
2.28398e-05
2.21037e-05
2.15111e-05
2.07856e-05
2.00093e-05
1.89671e-05
1.81546e-05
1.73663e-05
1.63524e-05
1.57562e-05
1.47701e-05
1.39845e-05
1.31049e-05
1.24683e-05
1.1826e-05
1.13073e-05
1.07807e-05
1.03473e-05
9.83064e-06
9.41656e-06
9.04555e-06
8.85075e-06
8.5209e-06
8.25302e-06
7.92467e-06
7.68336e-06
7.37803e-06
7.22993e-06
6.9989e-06
6.76245e-06
6.54112e-06
6.35209e-06
6.18578e-06
5.95042e-06
6.02496e-06
5.82469e-06
5.66039e-06
5.5768e-06
1.13386e-05
1.06324e-05
1.00047e-05
9.54891e-06
9.21523e-06
8.97166e-06
8.77642e-06
8.60993e-06
8.47057e-06
8.35044e-06
8.23065e-06
8.13176e-06
8.03495e-06
7.93982e-06
7.84664e-06
7.7619e-06
7.68141e-06
7.60809e-06
7.53767e-06
7.47222e-06
7.40831e-06
7.34811e-06
7.29048e-06
7.23819e-06
7.18727e-06
7.1379e-06
7.08962e-06
7.04199e-06
6.99524e-06
6.94897e-06
6.90413e-06
6.86013e-06
6.81713e-06
6.77543e-06
6.73489e-06
6.69573e-06
6.65894e-06
6.62332e-06
6.58891e-06
6.54921e-06
1.59958e-05
1.51807e-05
1.45077e-05
1.39223e-05
1.34706e-05
1.30976e-05
1.27859e-05
1.25059e-05
1.22561e-05
1.20307e-05
1.18245e-05
1.16402e-05
1.14694e-05
1.13079e-05
1.11654e-05
1.10111e-05
1.08697e-05
1.07451e-05
1.06277e-05
1.05154e-05
1.04111e-05
1.03093e-05
1.02109e-05
1.01214e-05
1.00296e-05
9.94364e-06
9.86116e-06
9.78289e-06
9.7073e-06
9.63618e-06
9.56728e-06
9.50121e-06
9.4371e-06
9.37521e-06
9.3152e-06
9.2575e-06
9.19881e-06
9.14092e-06
9.08715e-06
9.03456e-06
5.50513e-05
5.53881e-05
5.22004e-05
5.23633e-05
5.04159e-05
4.80295e-05
4.57845e-05
4.35173e-05
4.13761e-05
3.92987e-05
3.72671e-05
3.53359e-05
3.35872e-05
3.20716e-05
3.01026e-05
2.89698e-05
2.71343e-05
2.63835e-05
2.48033e-05
2.39658e-05
2.28507e-05
2.15249e-05
2.09062e-05
1.97531e-05
1.91567e-05
1.83182e-05
1.73477e-05
1.68688e-05
1.59904e-05
1.56514e-05
1.49303e-05
1.43275e-05
1.36413e-05
1.32611e-05
1.27569e-05
1.24274e-05
1.1805e-05
1.13518e-05
1.10458e-05
1.08041e-05
0.000112481
0.000105306
9.97042e-05
9.56192e-05
9.18824e-05
8.83281e-05
8.4906e-05
8.15549e-05
7.82711e-05
7.50679e-05
7.19396e-05
6.88675e-05
6.61685e-05
6.34287e-05
6.06435e-05
5.82896e-05
5.5818e-05
5.4065e-05
5.15948e-05
4.92511e-05
4.7081e-05
4.49342e-05
4.34131e-05
4.14534e-05
3.99475e-05
3.86404e-05
3.6768e-05
3.56519e-05
3.40636e-05
3.27991e-05
3.12022e-05
2.99141e-05
2.83502e-05
2.75807e-05
2.6377e-05
2.48048e-05
2.341e-05
2.26649e-05
2.15321e-05
2.06645e-05
0.000142898
0.000137872
0.000132437
0.000127148
0.000122112
0.000117334
0.000112756
0.000108409
0.000104258
0.000100294
9.64966e-05
9.28492e-05
8.94477e-05
8.61223e-05
8.2944e-05
7.99088e-05
7.7002e-05
7.42858e-05
7.16593e-05
6.90433e-05
6.66142e-05
6.40451e-05
6.25012e-05
6.03232e-05
5.77246e-05
5.51903e-05
5.3269e-05
5.10252e-05
4.93811e-05
4.72827e-05
4.55184e-05
4.33292e-05
4.10866e-05
3.98165e-05
3.81009e-05
3.55204e-05
3.37602e-05
3.21859e-05
3.06821e-05
2.88694e-05
0.000169934
0.000161436
0.000153887
0.000147045
0.000140778
0.000135062
0.00012978
0.000124829
0.000120094
0.000115608
0.000111351
0.000107307
0.000103452
9.97773e-05
9.62756e-05
9.29353e-05
8.97441e-05
8.67004e-05
8.37916e-05
8.0999e-05
7.83416e-05
7.56507e-05
7.33455e-05
7.0654e-05
6.83105e-05
6.61011e-05
6.46477e-05
6.21464e-05
5.9448e-05
5.65307e-05
5.41589e-05
5.18568e-05
4.96236e-05
4.73608e-05
4.5315e-05
4.21731e-05
4.01435e-05
3.83079e-05
3.64847e-05
3.40097e-05
0.000176834
0.000168318
0.00016065
0.000153656
0.000147223
0.000141299
0.000135859
0.000130852
0.000126092
0.000121523
0.000117168
0.00011303
0.000109094
0.000105324
0.000101738
9.8321e-05
9.50624e-05
9.19569e-05
8.89829e-05
8.61222e-05
8.33779e-05
8.06694e-05
7.82874e-05
7.54429e-05
7.29683e-05
7.06514e-05
6.83857e-05
6.63198e-05
6.45878e-05
6.08807e-05
5.82356e-05
5.57107e-05
5.329e-05
5.08192e-05
4.8533e-05
4.49703e-05
4.27928e-05
4.08054e-05
3.88529e-05
3.62456e-05
0.000170919
0.000162228
0.000154608
0.000147824
0.000141704
0.000136147
0.000131073
0.000126362
0.00012187
0.00011758
0.000113467
0.00010953
0.000105857
0.000102217
9.87494e-05
9.54447e-05
9.22785e-05
8.92615e-05
8.63685e-05
8.35864e-05
8.09085e-05
7.82929e-05
7.59491e-05
7.33124e-05
7.10092e-05
6.87427e-05
6.64712e-05
6.48367e-05
6.21644e-05
5.90204e-05
5.63373e-05
5.37991e-05
5.13416e-05
4.90685e-05
4.6593e-05
4.32485e-05
4.10835e-05
3.89988e-05
3.73491e-05
3.5239e-05
0.000145924
0.000140121
0.000134153
0.000128608
0.000123515
0.00011888
0.000114522
0.000110317
0.000106254
0.000102334
9.85664e-05
9.50198e-05
9.17326e-05
8.83986e-05
8.52112e-05
8.21992e-05
7.92978e-05
7.66426e-05
7.40122e-05
7.14537e-05
6.88992e-05
6.65606e-05
6.42224e-05
6.21841e-05
6.04954e-05
5.83179e-05
5.56086e-05
5.3427e-05
5.12841e-05
4.96645e-05
4.7001e-05
4.47251e-05
4.22637e-05
4.10977e-05
3.92444e-05
3.63897e-05
3.44109e-05
3.25902e-05
3.10676e-05
2.90606e-05
0.000112523
0.000105819
0.000100175
9.57501e-05
9.19074e-05
8.82827e-05
8.48373e-05
8.14963e-05
7.82336e-05
7.50749e-05
7.18962e-05
6.91953e-05
6.61802e-05
6.34698e-05
6.06817e-05
5.83254e-05
5.58703e-05
5.40858e-05
5.15548e-05
4.93582e-05
4.67234e-05
4.55017e-05
4.32687e-05
4.21793e-05
3.99937e-05
3.8818e-05
3.67817e-05
3.57572e-05
3.40767e-05
3.2826e-05
3.11692e-05
2.98999e-05
2.82814e-05
2.75682e-05
2.63348e-05
2.46905e-05
2.3426e-05
2.21556e-05
2.16891e-05
2.04337e-05
4.91057e-05
5.22347e-05
5.07765e-05
4.89163e-05
4.6947e-05
4.50275e-05
4.31519e-05
4.13142e-05
3.94384e-05
3.76352e-05
3.56667e-05
3.45965e-05
3.24476e-05
3.15363e-05
2.95944e-05
2.87347e-05
2.70749e-05
2.6296e-05
2.48675e-05
2.41643e-05
2.28416e-05
2.22231e-05
2.10742e-05
2.06099e-05
1.95666e-05
1.9027e-05
1.8101e-05
1.75902e-05
1.68452e-05
1.63282e-05
1.57024e-05
1.51764e-05
1.45221e-05
1.41765e-05
1.36461e-05
1.31817e-05
1.27325e-05
1.21648e-05
1.19003e-05
1.13345e-05
1.62362e-05
1.5469e-05
1.48086e-05
1.42611e-05
1.38166e-05
1.34536e-05
1.31336e-05
1.28567e-05
1.26083e-05
1.23843e-05
1.21872e-05
1.20081e-05
1.18491e-05
1.16824e-05
1.15276e-05
1.13893e-05
1.12565e-05
1.11394e-05
1.10224e-05
1.09129e-05
1.08051e-05
1.06986e-05
1.05962e-05
1.05052e-05
1.04205e-05
1.03393e-05
1.02594e-05
1.01812e-05
1.0105e-05
1.00298e-05
9.95701e-06
9.8864e-06
9.81851e-06
9.75247e-06
9.68938e-06
9.62583e-06
9.56683e-06
9.5087e-06
9.4544e-06
9.39546e-06
1.97458e-05
1.90419e-05
1.83607e-05
1.77431e-05
1.72027e-05
1.67276e-05
1.63051e-05
1.59218e-05
1.55728e-05
1.52537e-05
1.49602e-05
1.46903e-05
1.44442e-05
1.42129e-05
1.39984e-05
1.3798e-05
1.36113e-05
1.34401e-05
1.32798e-05
1.31289e-05
1.2988e-05
1.28537e-05
1.27139e-05
1.25905e-05
1.24702e-05
1.23542e-05
1.2244e-05
1.2139e-05
1.2036e-05
1.19315e-05
1.1832e-05
1.17407e-05
1.16567e-05
1.15752e-05
1.14941e-05
1.14146e-05
1.13358e-05
1.12598e-05
1.11872e-05
1.11176e-05
9.17936e-05
8.42862e-05
7.94888e-05
7.53661e-05
7.22973e-05
7.04292e-05
6.77383e-05
6.43332e-05
6.12638e-05
5.84292e-05
5.5791e-05
5.32895e-05
5.11624e-05
4.89112e-05
4.67736e-05
4.48199e-05
4.29453e-05
4.12385e-05
3.9594e-05
3.80556e-05
3.65836e-05
3.50582e-05
3.38592e-05
3.21529e-05
3.14534e-05
2.99011e-05
2.91227e-05
2.78014e-05
2.68269e-05
2.57296e-05
2.46005e-05
2.35604e-05
2.2381e-05
2.18416e-05
2.08136e-05
2.00403e-05
1.88151e-05
1.79175e-05
1.72956e-05
1.64203e-05
0.000145761
0.000139909
0.000134032
0.000128607
0.000123524
0.000118896
0.000114532
0.000110314
0.000106235
0.000102298
9.85307e-05
9.48973e-05
9.16701e-05
8.83319e-05
8.5148e-05
8.21233e-05
7.92346e-05
7.65662e-05
7.39522e-05
7.1379e-05
6.88935e-05
6.64586e-05
6.41827e-05
6.20039e-05
6.0521e-05
5.83023e-05
5.58283e-05
5.34932e-05
5.12191e-05
4.95376e-05
4.7319e-05
4.49829e-05
4.26514e-05
4.09452e-05
3.92042e-05
3.63346e-05
3.44039e-05
3.27067e-05
3.10958e-05
2.91698e-05
0.00018828
0.000179629
0.000171799
0.000164666
0.00015812
0.000152094
0.000146494
0.000141233
0.000136268
0.000131562
0.000127087
0.000122821
0.000118776
0.000114872
0.000111142
0.000107567
0.000104136
0.000100861
9.77106e-05
9.46789e-05
9.17697e-05
8.88928e-05
8.63901e-05
8.35525e-05
8.09785e-05
7.83936e-05
7.58852e-05
7.31968e-05
7.1583e-05
6.80539e-05
6.50715e-05
6.228e-05
5.95948e-05
5.74712e-05
5.47693e-05
5.00722e-05
4.68084e-05
4.49152e-05
4.28358e-05
4.12188e-05
0.000210813
0.000201521
0.000193025
0.000185189
0.000177926
0.000171171
0.000164876
0.000158995
0.000153484
0.000148284
0.000143358
0.000138676
0.000134144
0.000129894
0.00012584
0.000121965
0.000118253
0.000114695
0.000111278
0.000107988
0.000104823
0.00010171
9.89196e-05
9.56393e-05
9.28242e-05
9.00975e-05
8.74881e-05
8.46663e-05
8.29242e-05
7.87872e-05
7.55538e-05
7.2446e-05
6.94263e-05
6.70308e-05
6.37042e-05
5.81592e-05
5.44583e-05
5.22207e-05
4.98797e-05
4.80615e-05
0.000216783
0.00020824
0.000199926
0.000192033
0.000184614
0.000177668
0.000171174
0.000165099
0.000159404
0.000154044
0.000148979
0.000144171
0.000139512
0.000135145
0.000130986
0.000127016
0.000123217
0.000119577
0.000116082
0.000112717
0.000109473
0.000106296
0.000103432
0.000100055
9.71996e-05
9.44193e-05
9.17147e-05
8.88682e-05
8.71233e-05
8.2833e-05
7.94646e-05
7.6227e-05
7.30685e-05
7.07521e-05
6.6548e-05
6.06532e-05
5.70102e-05
5.48938e-05
5.25624e-05
5.07096e-05
0.000212016
0.000202348
0.000193631
0.000185671
0.00017835
0.000171586
0.000165308
0.000159454
0.000153965
0.000148795
0.000143907
0.000139268
0.000134825
0.000130601
0.000126576
0.000122736
0.00011907
0.000115562
0.000112197
0.000108944
0.000105805
0.000102728
9.99551e-05
9.67227e-05
9.39106e-05
9.11452e-05
8.84696e-05
8.56345e-05
8.38805e-05
7.97106e-05
7.63908e-05
7.31869e-05
7.02314e-05
6.75229e-05
6.1945e-05
5.81706e-05
5.56564e-05
5.36141e-05
5.1116e-05
4.91554e-05
0.000188218
0.000179613
0.000171795
0.000164661
0.00015811
0.000152087
0.000146495
0.000141242
0.000136285
0.000131587
0.000127118
0.000122875
0.000118808
0.000114905
0.00011118
0.000107608
0.000104184
0.000100914
9.77625e-05
9.47329e-05
9.18197e-05
8.89505e-05
8.64577e-05
8.36302e-05
8.10332e-05
7.84445e-05
7.59054e-05
7.31967e-05
7.15999e-05
6.80302e-05
6.50923e-05
6.22982e-05
5.96192e-05
5.75373e-05
5.45079e-05
4.99937e-05
4.69007e-05
4.49171e-05
4.29365e-05
4.12764e-05
0.000142906
0.000138219
0.000132775
0.000127393
0.000122257
0.000117424
0.000112834
0.000108469
0.000104311
0.000100346
9.65459e-05
9.29677e-05
8.94913e-05
8.61628e-05
8.29955e-05
7.99618e-05
7.70601e-05
7.43611e-05
7.1694e-05
6.91571e-05
6.66114e-05
6.42144e-05
6.25493e-05
6.05681e-05
5.78811e-05
5.54827e-05
5.33061e-05
5.11778e-05
4.94292e-05
4.73317e-05
4.5635e-05
4.34249e-05
4.10879e-05
3.99684e-05
3.79673e-05
3.52575e-05
3.3489e-05
3.16115e-05
3.09082e-05
2.89614e-05
8.27651e-05
7.9182e-05
7.56556e-05
7.26699e-05
6.96573e-05
6.65381e-05
6.31117e-05
5.99944e-05
5.71041e-05
5.44121e-05
5.18973e-05
4.9698e-05
4.74285e-05
4.53374e-05
4.33638e-05
4.15412e-05
3.97448e-05
3.81806e-05
3.6473e-05
3.53635e-05
3.3636e-05
3.29709e-05
3.14135e-05
3.07428e-05
2.92293e-05
2.85592e-05
2.74031e-05
2.63902e-05
2.57014e-05
2.46189e-05
2.38977e-05
2.30832e-05
2.20636e-05
2.16027e-05
2.07675e-05
1.97478e-05
1.89757e-05
1.81777e-05
1.79069e-05
1.70475e-05
1.98134e-05
1.91685e-05
1.856e-05
1.80046e-05
1.75004e-05
1.70434e-05
1.66292e-05
1.62535e-05
1.5912e-05
1.56001e-05
1.5315e-05
1.50574e-05
1.48142e-05
1.45868e-05
1.43746e-05
1.41773e-05
1.39909e-05
1.38298e-05
1.36535e-05
1.34874e-05
1.33344e-05
1.31945e-05
1.30561e-05
1.29264e-05
1.28011e-05
1.26826e-05
1.257e-05
1.24604e-05
1.23573e-05
1.22548e-05
1.21574e-05
1.20555e-05
1.19692e-05
1.18727e-05
1.1795e-05
1.17064e-05
1.16312e-05
1.15537e-05
1.14816e-05
1.14066e-05
2.3215e-05
2.19038e-05
2.10212e-05
2.03038e-05
1.96814e-05
1.91322e-05
1.86427e-05
1.8201e-05
1.77949e-05
1.74197e-05
1.70735e-05
1.67538e-05
1.64593e-05
1.61824e-05
1.59246e-05
1.56839e-05
1.54589e-05
1.52489e-05
1.50528e-05
1.48704e-05
1.47012e-05
1.45422e-05
1.43866e-05
1.42449e-05
1.40987e-05
1.39484e-05
1.38112e-05
1.36838e-05
1.3566e-05
1.34504e-05
1.33383e-05
1.32367e-05
1.31152e-05
1.3038e-05
1.29155e-05
1.28411e-05
1.27513e-05
1.26655e-05
1.25833e-05
1.25047e-05
0.000104439
9.8607e-05
9.35882e-05
8.89156e-05
8.48894e-05
8.13809e-05
7.87803e-05
7.61599e-05
7.25373e-05
6.90912e-05
6.60086e-05
6.31848e-05
6.06657e-05
5.82008e-05
5.58875e-05
5.37176e-05
5.16701e-05
4.97395e-05
4.79112e-05
4.61745e-05
4.45261e-05
4.29362e-05
4.13859e-05
3.98904e-05
3.83461e-05
3.70934e-05
3.57395e-05
3.46813e-05
3.34431e-05
3.23126e-05
3.1059e-05
2.9846e-05
2.86743e-05
2.7688e-05
2.65664e-05
2.51487e-05
2.40253e-05
2.30541e-05
2.22425e-05
2.11016e-05
0.000171039
0.000162254
0.000154644
0.000147593
0.000141611
0.000136115
0.000131063
0.000126344
0.000121838
0.000117535
0.000113412
0.000109455
0.000105799
0.000102152
9.86805e-05
9.53715e-05
9.2208e-05
8.91923e-05
8.63082e-05
8.35379e-05
8.08835e-05
7.82831e-05
7.59511e-05
7.33818e-05
7.10751e-05
6.88296e-05
6.66394e-05
6.50886e-05
6.2407e-05
5.90031e-05
5.64745e-05
5.39746e-05
5.14436e-05
4.93731e-05
4.59544e-05
4.35668e-05
4.14345e-05
3.94788e-05
3.75362e-05
3.53985e-05
0.000211813
0.000202153
0.000193499
0.000185604
0.000178324
0.000171579
0.000165307
0.000159449
0.000153951
0.000148772
0.000143874
0.000139224
0.000134786
0.000130564
0.000126542
0.000122707
0.000119048
0.00011555
0.000112197
0.000108962
0.000105843
0.000102791
0.000100028
9.68535e-05
9.4062e-05
9.13243e-05
8.86719e-05
8.5883e-05
8.4104e-05
7.99469e-05
7.66058e-05
7.33822e-05
7.0566e-05
6.74115e-05
6.19026e-05
5.80654e-05
5.56538e-05
5.37459e-05
5.13296e-05
4.94413e-05
0.000232834
0.000223903
0.000215146
0.00020681
0.000198963
0.000191604
0.000184708
0.000178242
0.000172169
0.000166455
0.000161064
0.000155951
0.000151017
0.000146424
0.000142055
0.000137888
0.000133906
0.000130095
0.000126438
0.000122922
0.000119535
0.000116245
0.000113226
0.000109701
0.000106686
0.000103741
0.000100876
9.78834e-05
9.59011e-05
9.16286e-05
8.82784e-05
8.46695e-05
8.14971e-05
7.7716e-05
7.12641e-05
6.68958e-05
6.41709e-05
6.19688e-05
5.92647e-05
5.713e-05
0.000242928
0.000232407
0.000222865
0.000214073
0.000205908
0.000198294
0.000191174
0.000184501
0.000178236
0.000172343
0.000166787
0.000161517
0.000156399
0.000151661
0.000147159
0.000142867
0.000138766
0.000134838
0.000131069
0.000127442
0.000123946
0.000120544
0.000117416
0.000113774
0.000110721
0.000107732
0.000104819
0.00010178
9.97356e-05
9.54227e-05
9.20164e-05
8.83649e-05
8.50537e-05
8.14522e-05
7.46415e-05
7.00887e-05
6.70545e-05
6.47589e-05
6.19657e-05
5.97586e-05
0.000232846
0.000223874
0.000215124
0.000206798
0.000198958
0.000191604
0.000184711
0.000178248
0.000172179
0.000166468
0.000161081
0.000155971
0.000151019
0.000146415
0.000142036
0.000137861
0.00013387
0.000130049
0.000126381
0.000122852
0.00011945
0.000116142
0.000113114
0.000109581
0.000106584
0.000103648
0.000100793
9.77829e-05
9.58086e-05
9.15593e-05
8.81993e-05
8.45988e-05
8.13831e-05
7.79983e-05
7.15573e-05
6.71373e-05
6.43436e-05
6.21185e-05
5.93795e-05
5.72138e-05
0.000210833
0.00020157
0.000193087
0.000185247
0.000177974
0.000171212
0.000164911
0.000159025
0.000153515
0.000148318
0.000143393
0.000138704
0.00013417
0.00012993
0.000125887
0.000122025
0.000118328
0.000114787
0.000111389
0.000108119
0.000104975
0.00010189
9.91176e-05
9.58514e-05
9.30254e-05
9.03006e-05
8.76991e-05
8.48646e-05
8.30614e-05
7.89579e-05
7.57563e-05
7.2645e-05
6.97975e-05
6.70709e-05
6.15738e-05
5.77317e-05
5.52621e-05
5.33022e-05
5.08647e-05
4.88775e-05
0.000169995
0.000161485
0.000153962
0.000147126
0.000140855
0.000135134
0.000129843
0.000124878
0.000120147
0.000115668
0.000111418
0.000107374
0.000103516
9.98445e-05
9.63508e-05
9.30222e-05
8.98468e-05
8.68181e-05
8.39266e-05
8.11541e-05
7.8517e-05
7.58682e-05
7.35717e-05
7.09183e-05
6.8534e-05
6.65026e-05
6.48282e-05
6.23683e-05
5.96445e-05
5.6791e-05
5.4402e-05
5.20844e-05
4.97085e-05
4.79456e-05
4.46607e-05
4.23467e-05
4.03293e-05
3.83648e-05
3.68069e-05
3.45103e-05
0.000103999
9.77366e-05
9.22235e-05
8.73125e-05
8.28636e-05
7.94419e-05
7.63279e-05
7.29047e-05
6.91717e-05
6.57992e-05
6.27461e-05
5.99587e-05
5.73233e-05
5.48652e-05
5.25704e-05
5.04279e-05
4.84199e-05
4.65414e-05
4.47726e-05
4.31091e-05
4.15815e-05
3.99156e-05
3.81743e-05
3.69658e-05
3.56518e-05
3.48199e-05
3.34604e-05
3.2823e-05
3.15136e-05
3.05913e-05
2.94793e-05
2.84286e-05
2.7257e-05
2.66589e-05
2.53862e-05
2.42076e-05
2.33916e-05
2.23628e-05
2.19756e-05
2.08491e-05
2.30615e-05
2.19884e-05
2.11414e-05
2.04357e-05
1.98266e-05
1.92916e-05
1.88147e-05
1.8383e-05
1.79869e-05
1.76219e-05
1.72857e-05
1.69782e-05
1.66839e-05
1.64101e-05
1.61541e-05
1.59143e-05
1.56941e-05
1.54857e-05
1.52889e-05
1.5104e-05
1.49303e-05
1.47692e-05
1.45969e-05
1.44367e-05
1.42864e-05
1.41436e-05
1.4008e-05
1.38783e-05
1.37573e-05
1.36376e-05
1.35261e-05
1.34077e-05
1.33082e-05
1.31945e-05
1.30964e-05
1.3003e-05
1.29118e-05
1.2823e-05
1.27415e-05
1.26639e-05
2.42079e-05
2.29528e-05
2.20282e-05
2.12615e-05
2.06017e-05
2.00234e-05
1.95111e-05
1.90524e-05
1.86325e-05
1.82438e-05
1.78832e-05
1.75488e-05
1.72389e-05
1.69467e-05
1.66744e-05
1.64202e-05
1.61823e-05
1.59594e-05
1.57511e-05
1.55576e-05
1.53753e-05
1.52043e-05
1.50385e-05
1.48942e-05
1.47332e-05
1.45727e-05
1.44243e-05
1.42862e-05
1.41605e-05
1.40386e-05
1.39234e-05
1.38084e-05
1.37203e-05
1.3551e-05
1.35373e-05
1.33279e-05
1.32868e-05
1.32021e-05
1.31183e-05
1.30383e-05
0.000111447
0.000104385
9.84738e-05
9.32971e-05
8.86411e-05
8.45267e-05
8.11968e-05
7.85394e-05
7.50146e-05
7.1222e-05
6.78562e-05
6.48198e-05
6.19981e-05
5.94393e-05
5.70461e-05
5.48017e-05
5.26929e-05
5.07087e-05
4.88385e-05
4.70669e-05
4.53996e-05
4.37836e-05
4.22534e-05
4.05097e-05
3.88003e-05
3.73358e-05
3.62682e-05
3.52866e-05
3.441e-05
3.31201e-05
3.21839e-05
3.11536e-05
3.00655e-05
2.87032e-05
2.79625e-05
2.64345e-05
2.52219e-05
2.42928e-05
2.3394e-05
2.23767e-05
0.000176873
0.00016848
0.000160825
0.000153791
0.000147334
0.000141393
0.000135933
0.000130907
0.000126131
0.000121548
0.000117178
0.000113024
0.000109061
0.00010529
0.000101708
9.82995e-05
9.50552e-05
9.19649e-05
8.90123e-05
8.61797e-05
8.34712e-05
8.08033e-05
7.84438e-05
7.56871e-05
7.32314e-05
7.09325e-05
6.86526e-05
6.69831e-05
6.46317e-05
6.08795e-05
5.82972e-05
5.57885e-05
5.3426e-05
4.98071e-05
4.71588e-05
4.53375e-05
4.32032e-05
4.12527e-05
3.93474e-05
3.69275e-05
0.000216635
0.000208097
0.00019983
0.000191981
0.00018459
0.000177657
0.000171164
0.000165085
0.000159382
0.000154012
0.000148937
0.000144116
0.000139475
0.000135129
0.000130994
0.000127049
0.00012328
0.000119674
0.000116218
0.000112898
0.000109706
0.000106593
0.000103763
0.00010047
9.76084e-05
9.4832e-05
9.20928e-05
8.93858e-05
8.73731e-05
8.30178e-05
7.96378e-05
7.64476e-05
7.3451e-05
6.75004e-05
6.3462e-05
6.09891e-05
5.86168e-05
5.66154e-05
5.40932e-05
5.20901e-05
0.000242899
0.000232374
0.000222834
0.000214047
0.000205886
0.000198273
0.000191151
0.000184476
0.000178207
0.000172309
0.000166747
0.000161472
0.000156384
0.00015167
0.000147191
0.000142923
0.000138848
0.00013495
0.000131214
0.000127624
0.00012417
0.000120819
0.000117722
0.000114127
0.000111048
0.000108042
0.00010509
0.000102144
9.98197e-05
9.54159e-05
9.20032e-05
8.8496e-05
8.48562e-05
7.79794e-05
7.347e-05
7.06013e-05
6.78801e-05
6.55674e-05
6.27604e-05
6.05032e-05
0.000249141
0.000239485
0.000230105
0.000221219
0.000212875
0.000205056
0.00019773
0.000190857
0.000184401
0.000178325
0.000172597
0.000167162
0.000161899
0.000157046
0.000152436
0.000148045
0.000143853
0.000139843
0.000135997
0.000132302
0.000128742
0.00012529
0.000122087
0.000118365
0.00011522
0.000112148
0.000109149
0.000106069
0.000103882
9.94836e-05
9.60336e-05
9.22446e-05
8.89309e-05
8.46707e-05
7.77246e-05
7.31008e-05
7.01181e-05
6.78461e-05
6.50472e-05
6.28262e-05
0.000242901
0.000232387
0.000222855
0.000214071
0.000205911
0.000198298
0.000191175
0.0001845
0.000178232
0.000172336
0.000166776
0.000161503
0.000156392
0.000151662
0.000147168
0.000142886
0.000138796
0.00013488
0.000131123
0.000127511
0.00012403
0.000120647
0.000117529
0.000113894
0.000110829
0.000107831
0.000104909
0.00010186
9.98034e-05
9.54995e-05
9.20731e-05
8.84267e-05
8.51766e-05
8.15417e-05
7.4789e-05
7.02423e-05
6.72393e-05
6.49826e-05
6.22153e-05
6.00252e-05
0.000216822
0.0002082
0.000199903
0.000192038
0.000184639
0.000177703
0.00017121
0.000165134
0.000159436
0.000154073
0.000149006
0.000144187
0.000139529
0.000135184
0.000131047
0.000127099
0.000123325
0.000119712
0.000116246
0.000112913
0.000109704
0.000106571
0.00010373
0.000100369
9.74894e-05
9.46941e-05
9.19694e-05
8.91118e-05
8.73344e-05
8.30767e-05
7.97444e-05
7.64915e-05
7.35902e-05
7.0614e-05
6.48039e-05
6.08165e-05
5.82057e-05
5.62255e-05
5.37401e-05
5.17151e-05
0.00017664
0.000168107
0.000160522
0.000153598
0.000147212
0.000141316
0.000135893
0.000130897
0.000126135
0.000121569
0.000117223
0.000113101
0.00010914
0.000105379
0.000101805
9.84028e-05
9.51631e-05
9.20745e-05
8.91215e-05
8.62837e-05
8.35661e-05
8.08866e-05
7.85205e-05
7.57041e-05
7.32318e-05
7.0926e-05
6.8629e-05
6.65905e-05
6.48389e-05
6.1126e-05
5.85045e-05
5.59958e-05
5.35513e-05
5.13273e-05
4.78562e-05
4.53716e-05
4.32081e-05
4.12331e-05
3.93235e-05
3.68245e-05
0.000111527
0.000104415
9.84589e-05
9.32514e-05
8.8584e-05
8.44666e-05
8.11392e-05
7.85106e-05
7.4998e-05
7.12154e-05
6.78763e-05
6.48035e-05
6.20565e-05
5.94982e-05
5.71131e-05
5.48777e-05
5.27775e-05
5.07998e-05
4.89337e-05
4.71654e-05
4.54972e-05
4.38814e-05
4.23443e-05
4.05944e-05
3.8872e-05
3.73911e-05
3.62842e-05
3.53604e-05
3.4388e-05
3.32219e-05
3.22574e-05
3.12406e-05
3.0091e-05
2.90348e-05
2.76694e-05
2.63544e-05
2.53681e-05
2.42329e-05
2.38182e-05
2.25829e-05
2.42081e-05
2.29577e-05
2.20332e-05
2.12632e-05
2.06007e-05
2.00222e-05
1.95099e-05
1.90513e-05
1.86315e-05
1.82429e-05
1.78833e-05
1.75506e-05
1.72377e-05
1.69463e-05
1.66749e-05
1.64213e-05
1.61841e-05
1.59617e-05
1.57536e-05
1.55606e-05
1.53787e-05
1.5208e-05
1.50423e-05
1.48985e-05
1.47377e-05
1.45769e-05
1.44277e-05
1.42888e-05
1.41633e-05
1.40404e-05
1.3925e-05
1.38099e-05
1.37256e-05
1.35487e-05
1.3569e-05
1.33504e-05
1.32945e-05
1.32052e-05
1.31204e-05
1.30406e-05
2.30606e-05
2.19883e-05
2.11418e-05
2.04374e-05
1.98282e-05
1.92939e-05
1.88177e-05
1.8386e-05
1.79897e-05
1.76241e-05
1.72856e-05
1.69727e-05
1.66854e-05
1.64105e-05
1.61537e-05
1.59135e-05
1.56927e-05
1.54837e-05
1.52864e-05
1.51013e-05
1.49274e-05
1.47657e-05
1.45928e-05
1.44337e-05
1.42831e-05
1.41406e-05
1.4005e-05
1.38777e-05
1.37536e-05
1.36366e-05
1.3519e-05
1.34139e-05
1.33023e-05
1.31968e-05
1.31e-05
1.29981e-05
1.29121e-05
1.28239e-05
1.27419e-05
1.26645e-05
0.000103967
9.80227e-05
9.24945e-05
8.75225e-05
8.30158e-05
7.95416e-05
7.64321e-05
7.30062e-05
6.92555e-05
6.58601e-05
6.27532e-05
5.99166e-05
5.72838e-05
5.48287e-05
5.25289e-05
5.03813e-05
4.83691e-05
4.6484e-05
4.47206e-05
4.30375e-05
4.15315e-05
3.98263e-05
3.81398e-05
3.68984e-05
3.55832e-05
3.47726e-05
3.34692e-05
3.28635e-05
3.11903e-05
3.03873e-05
2.93569e-05
2.8167e-05
2.75202e-05
2.6527e-05
2.52104e-05
2.41344e-05
2.33654e-05
2.23864e-05
2.19851e-05
2.0876e-05
0.000169992
0.000161583
0.000154022
0.000147145
0.00014085
0.000135116
0.000129827
0.000124871
0.000120131
0.000115637
0.00011137
0.000107316
0.000103437
9.97664e-05
9.62722e-05
9.29443e-05
8.977e-05
8.67464e-05
8.38604e-05
8.10959e-05
7.84692e-05
7.58265e-05
7.35407e-05
7.09362e-05
6.85695e-05
6.6535e-05
6.49141e-05
6.23103e-05
5.90039e-05
5.66732e-05
5.43238e-05
5.19612e-05
4.96938e-05
4.77773e-05
4.46623e-05
4.24177e-05
4.04385e-05
3.85564e-05
3.69725e-05
3.47635e-05
0.000210865
0.000201562
0.000193054
0.000185206
0.000177933
0.000171171
0.000164871
0.000158984
0.000153468
0.000148262
0.000143327
0.000138635
0.000134102
0.000129871
0.000125837
0.000121983
0.000118296
0.000114767
0.000111384
0.000108132
0.000105007
0.000101946
9.91858e-05
9.59719e-05
9.31708e-05
9.04903e-05
8.77439e-05
8.57374e-05
8.20478e-05
7.9048e-05
7.60122e-05
7.29806e-05
7.03678e-05
6.69577e-05
6.14478e-05
5.76991e-05
5.52644e-05
5.34679e-05
5.11559e-05
4.93254e-05
0.000232926
0.000223953
0.000215168
0.000206815
0.000198957
0.000191591
0.00018469
0.000178219
0.000172142
0.000166423
0.000161027
0.000155908
0.00015097
0.000146392
0.000142037
0.000137884
0.000133917
0.00013012
0.00012648
0.000122982
0.000119616
0.000116351
0.00011335
0.000109863
0.000106869
0.000103956
0.000100991
9.87252e-05
9.47721e-05
9.16264e-05
8.83329e-05
8.49709e-05
8.20226e-05
7.80761e-05
7.17005e-05
6.73734e-05
6.46376e-05
6.25332e-05
5.99178e-05
5.78439e-05
0.000242923
0.000232396
0.000222851
0.000214057
0.00020589
0.000198273
0.000191149
0.000184472
0.000178203
0.000172305
0.000166744
0.00016147
0.000156365
0.000151651
0.000147168
0.000142896
0.000138814
0.000134906
0.000131159
0.000127557
0.000124088
0.000120719
0.000117613
0.000113991
0.000110923
0.000107931
0.00010499
0.000102053
9.96752e-05
9.52948e-05
9.19465e-05
8.84138e-05
8.52593e-05
8.16469e-05
7.48996e-05
7.03421e-05
6.74173e-05
6.51735e-05
6.24362e-05
6.02798e-05
0.000232913
0.0002239
0.000215129
0.000206794
0.000198949
0.000191592
0.000184696
0.00017823
0.000172158
0.000166445
0.000161054
0.000155942
0.000150982
0.000146388
0.000142018
0.000137849
0.000133863
0.000130047
0.000126384
0.000122859
0.000119461
0.000116156
0.000113131
0.000109596
0.000106614
0.000103694
0.000100846
9.78699e-05
9.58869e-05
9.16346e-05
8.82882e-05
8.47139e-05
8.15797e-05
7.81952e-05
7.1705e-05
6.73265e-05
6.44625e-05
6.23075e-05
5.96444e-05
5.755e-05
0.00021203
0.000202302
0.000193581
0.000185641
0.000178343
0.000171595
0.000165328
0.000159478
0.000153988
0.000148816
0.000143925
0.000139292
0.000134809
0.000130598
0.000126585
0.000122755
0.0001191
0.000115602
0.000112248
0.000109006
0.000105876
0.00010281
0.000100045
9.68006e-05
9.40051e-05
9.12628e-05
8.85862e-05
8.5798e-05
8.40056e-05
7.98827e-05
7.66104e-05
7.34445e-05
7.06102e-05
6.78075e-05
6.2193e-05
5.83038e-05
5.58611e-05
5.39463e-05
5.15483e-05
4.96555e-05
0.000170848
0.000162166
0.000154541
0.000147776
0.000141676
0.00013614
0.000131091
0.000126388
0.000121891
0.000117602
0.000113493
0.000109654
0.000105851
0.000102227
9.87754e-05
9.548e-05
9.23303e-05
8.93226e-05
8.64479e-05
8.3673e-05
8.10164e-05
7.84058e-05
7.60807e-05
7.34247e-05
7.11354e-05
6.88871e-05
6.66065e-05
6.50059e-05
6.23418e-05
5.9221e-05
5.65647e-05
5.40655e-05
5.15047e-05
4.97222e-05
4.61952e-05
4.37838e-05
4.16576e-05
3.96607e-05
3.77725e-05
3.57142e-05
0.000104146
9.86612e-05
9.36136e-05
8.90742e-05
8.49406e-05
8.13929e-05
7.87495e-05
7.61851e-05
7.25765e-05
6.91374e-05
6.60649e-05
6.332e-05
6.06993e-05
5.82465e-05
5.59509e-05
5.37909e-05
5.17603e-05
4.98364e-05
4.80206e-05
4.6288e-05
4.46421e-05
4.30571e-05
4.14897e-05
3.99888e-05
3.83618e-05
3.71362e-05
3.56298e-05
3.48089e-05
3.34459e-05
3.2676e-05
3.12491e-05
2.99815e-05
2.87409e-05
2.78735e-05
2.65161e-05
2.52995e-05
2.42544e-05
2.31667e-05
2.27452e-05
2.15526e-05
2.32115e-05
2.18997e-05
2.10173e-05
2.0299e-05
1.96773e-05
1.91289e-05
1.86402e-05
1.81993e-05
1.77936e-05
1.74189e-05
1.70732e-05
1.67552e-05
1.64579e-05
1.61815e-05
1.59243e-05
1.56842e-05
1.54599e-05
1.52506e-05
1.5055e-05
1.48729e-05
1.47041e-05
1.45458e-05
1.43905e-05
1.42483e-05
1.41038e-05
1.39535e-05
1.3815e-05
1.36876e-05
1.35699e-05
1.34539e-05
1.33428e-05
1.32326e-05
1.31498e-05
1.29947e-05
1.29704e-05
1.28331e-05
1.2752e-05
1.26691e-05
1.25879e-05
1.25104e-05
1.98124e-05
1.91716e-05
1.85628e-05
1.80066e-05
1.75019e-05
1.70453e-05
1.66316e-05
1.62562e-05
1.59147e-05
1.56022e-05
1.5315e-05
1.50501e-05
1.48156e-05
1.45884e-05
1.43752e-05
1.41769e-05
1.399e-05
1.38285e-05
1.36531e-05
1.34848e-05
1.33339e-05
1.31921e-05
1.30552e-05
1.29235e-05
1.27997e-05
1.26811e-05
1.25676e-05
1.24607e-05
1.23545e-05
1.22538e-05
1.21544e-05
1.20592e-05
1.19633e-05
1.18777e-05
1.17916e-05
1.17112e-05
1.16331e-05
1.15578e-05
1.14852e-05
1.14105e-05
8.2727e-05
7.93612e-05
7.57585e-05
7.27455e-05
6.97679e-05
6.66814e-05
6.32461e-05
6.01183e-05
5.72064e-05
5.44843e-05
5.19344e-05
4.95744e-05
4.74212e-05
4.53393e-05
4.33453e-05
4.15308e-05
3.97385e-05
3.81192e-05
3.6651e-05
3.50117e-05
3.40948e-05
3.24351e-05
3.17479e-05
3.02852e-05
2.95895e-05
2.82545e-05
2.7405e-05
2.66027e-05
2.53259e-05
2.47719e-05
2.36514e-05
2.30789e-05
2.21123e-05
2.17068e-05
2.07609e-05
1.98182e-05
1.92539e-05
1.84813e-05
1.81588e-05
1.73004e-05
0.000142881
0.000137874
0.000132391
0.000127081
0.000122052
0.000117288
0.000112727
0.000108398
0.00010426
0.000100303
9.65122e-05
9.28708e-05
8.94303e-05
8.61153e-05
8.29418e-05
7.99187e-05
7.7014e-05
7.43209e-05
7.17047e-05
6.91164e-05
6.66927e-05
6.414e-05
6.26447e-05
6.04722e-05
5.79046e-05
5.55243e-05
5.32929e-05
5.13751e-05
4.89607e-05
4.75005e-05
4.53656e-05
4.31952e-05
4.17233e-05
4.00815e-05
3.74479e-05
3.56484e-05
3.40506e-05
3.22471e-05
3.15829e-05
2.96874e-05
0.00018822
0.000179604
0.000171759
0.00016462
0.000158079
0.000152066
0.000146476
0.000141223
0.000136264
0.000131563
0.000127092
0.000122826
0.000118749
0.000114853
0.000111131
0.000107564
0.000104147
0.000100885
9.77517e-05
9.4737e-05
9.18446e-05
8.89916e-05
8.65054e-05
8.36747e-05
8.11477e-05
7.86338e-05
7.59436e-05
7.40834e-05
7.07985e-05
6.8159e-05
6.54369e-05
6.27671e-05
6.03881e-05
5.81084e-05
5.3441e-05
5.00664e-05
4.78732e-05
4.61787e-05
4.41408e-05
4.24557e-05
0.000212022
0.000202274
0.000193555
0.00018562
0.000178323
0.000171575
0.000165305
0.000159451
0.000153957
0.000148782
0.000143889
0.000139243
0.000134785
0.000130565
0.000126546
0.000122713
0.000119057
0.000115562
0.000112213
0.000108981
0.000105866
0.000102819
0.000100064
9.68738e-05
9.40966e-05
9.14056e-05
8.86128e-05
8.66509e-05
8.2928e-05
7.99895e-05
7.69826e-05
7.39651e-05
7.12237e-05
6.83853e-05
6.28076e-05
5.88884e-05
5.64592e-05
5.45433e-05
5.2155e-05
5.02351e-05
0.000216784
0.000208142
0.000199845
0.000191982
0.000184586
0.000177652
0.000171164
0.000165092
0.000159396
0.000154037
0.000148974
0.000144168
0.000139515
0.000135159
0.000131012
0.000127055
0.000123272
0.00011965
0.000116177
0.000112837
0.000109622
0.000106481
0.000103641
0.000100289
9.74336e-05
9.46679e-05
9.19356e-05
8.92585e-05
8.71091e-05
8.29774e-05
7.99347e-05
7.67538e-05
7.39017e-05
7.09528e-05
6.51317e-05
6.11246e-05
5.86414e-05
5.66742e-05
5.42306e-05
5.22322e-05
0.000210809
0.000201551
0.000193061
0.000185217
0.000177944
0.000171186
0.000164891
0.000159011
0.000153508
0.000148315
0.000143394
0.00013872
0.000134168
0.000129915
0.00012586
0.000121986
0.000118277
0.000114724
0.000111311
0.000108026
0.000104864
0.000101756
9.89748e-05
9.56923e-05
9.29099e-05
9.02152e-05
8.76268e-05
8.48779e-05
8.30811e-05
7.90277e-05
7.58918e-05
7.28274e-05
7.00794e-05
6.73613e-05
6.18101e-05
5.80167e-05
5.55843e-05
5.37271e-05
5.13972e-05
4.94882e-05
0.000188194
0.000179631
0.000171778
0.000164635
0.000158097
0.000152095
0.000146521
0.000141283
0.000136336
0.000131644
0.000127177
0.000122955
0.000118843
0.000114941
0.000111215
0.000107646
0.000104222
0.000100953
9.78067e-05
9.4775e-05
9.1858e-05
8.89827e-05
8.64923e-05
8.36102e-05
8.10445e-05
7.84839e-05
7.59299e-05
7.32452e-05
7.16273e-05
6.81371e-05
6.52587e-05
6.25114e-05
5.99224e-05
5.77788e-05
5.30363e-05
4.96949e-05
4.76514e-05
4.59522e-05
4.39977e-05
4.22727e-05
0.000145865
0.000139971
0.000133912
0.000128406
0.00012338
0.000118818
0.000114507
0.000110321
0.000106278
0.000102374
9.86062e-05
9.52035e-05
9.17206e-05
8.83957e-05
8.52456e-05
8.22203e-05
7.9372e-05
7.66921e-05
7.41153e-05
7.14997e-05
6.90595e-05
6.65899e-05
6.43937e-05
6.21256e-05
6.05354e-05
5.84569e-05
5.57469e-05
5.35253e-05
5.1375e-05
4.9789e-05
4.71594e-05
4.49465e-05
4.23834e-05
4.18245e-05
3.86708e-05
3.65089e-05
3.47067e-05
3.28021e-05
3.21031e-05
3.01201e-05
9.19538e-05
8.44732e-05
7.95447e-05
7.57897e-05
7.24929e-05
7.04933e-05
6.77644e-05
6.43476e-05
6.12842e-05
5.84709e-05
5.583e-05
5.35398e-05
5.11669e-05
4.89168e-05
4.68368e-05
4.4847e-05
4.30477e-05
4.12892e-05
3.97135e-05
3.81364e-05
3.67011e-05
3.52381e-05
3.37788e-05
3.27455e-05
3.11235e-05
3.03951e-05
2.88264e-05
2.81052e-05
2.67952e-05
2.60624e-05
2.47705e-05
2.3692e-05
2.2516e-05
2.19744e-05
2.09242e-05
1.99187e-05
1.90484e-05
1.81365e-05
1.77971e-05
1.69849e-05
1.9746e-05
1.90388e-05
1.83557e-05
1.77449e-05
1.72021e-05
1.67247e-05
1.6301e-05
1.59176e-05
1.5569e-05
1.52505e-05
1.49583e-05
1.46917e-05
1.44425e-05
1.42115e-05
1.39975e-05
1.37974e-05
1.36114e-05
1.34407e-05
1.3281e-05
1.31306e-05
1.29897e-05
1.2857e-05
1.27167e-05
1.25953e-05
1.24739e-05
1.23599e-05
1.22485e-05
1.21442e-05
1.20413e-05
1.1937e-05
1.18368e-05
1.17455e-05
1.16616e-05
1.15792e-05
1.14978e-05
1.14191e-05
1.13421e-05
1.12663e-05
1.11942e-05
1.11254e-05
1.6236e-05
1.54652e-05
1.48041e-05
1.42547e-05
1.38164e-05
1.34551e-05
1.31366e-05
1.28596e-05
1.26112e-05
1.23868e-05
1.21853e-05
1.2003e-05
1.18494e-05
1.16828e-05
1.15271e-05
1.13884e-05
1.12563e-05
1.11388e-05
1.10233e-05
1.09125e-05
1.08079e-05
1.06976e-05
1.05972e-05
1.05042e-05
1.04205e-05
1.03389e-05
1.02585e-05
1.01808e-05
1.01041e-05
1.00299e-05
9.95739e-06
9.88704e-06
9.81894e-06
9.75377e-06
9.6899e-06
9.62962e-06
9.57125e-06
9.51422e-06
9.46e-06
9.40303e-06
4.90828e-05
5.21998e-05
5.07158e-05
4.89232e-05
4.70132e-05
4.51257e-05
4.32506e-05
4.14043e-05
3.95288e-05
3.7673e-05
3.57861e-05
3.4383e-05
3.22638e-05
3.14726e-05
2.95496e-05
2.87415e-05
2.70769e-05
2.63103e-05
2.49249e-05
2.41435e-05
2.29905e-05
2.20225e-05
2.13265e-05
2.03019e-05
1.97505e-05
1.89325e-05
1.81429e-05
1.75862e-05
1.68486e-05
1.6306e-05
1.57364e-05
1.50717e-05
1.46771e-05
1.41908e-05
1.3795e-05
1.32358e-05
1.27791e-05
1.23967e-05
1.21137e-05
1.15801e-05
0.000112494
0.000105527
9.98029e-05
9.5427e-05
9.15991e-05
8.80223e-05
8.46212e-05
8.13194e-05
7.80927e-05
7.49451e-05
7.18589e-05
6.8844e-05
6.60801e-05
6.33714e-05
6.05931e-05
5.82587e-05
5.57826e-05
5.40618e-05
5.15904e-05
4.93014e-05
4.70877e-05
4.49747e-05
4.34935e-05
4.14959e-05
4.00129e-05
3.87881e-05
3.69007e-05
3.58347e-05
3.39045e-05
3.26906e-05
3.13836e-05
2.97332e-05
2.89463e-05
2.77279e-05
2.61175e-05
2.47046e-05
2.39289e-05
2.27992e-05
2.23614e-05
2.11536e-05
0.000145941
0.000139866
0.000133862
0.000128362
0.000123307
0.000118713
0.000114365
0.000110156
0.0001061
0.000102189
9.84468e-05
9.48405e-05
9.15853e-05
8.82612e-05
8.50924e-05
8.20734e-05
7.91989e-05
7.6536e-05
7.39349e-05
7.13781e-05
6.88973e-05
6.6482e-05
6.4228e-05
6.20314e-05
6.05562e-05
5.84346e-05
5.59155e-05
5.34795e-05
5.1251e-05
4.93614e-05
4.71867e-05
4.47216e-05
4.34081e-05
4.15587e-05
3.87079e-05
3.6779e-05
3.50065e-05
3.31167e-05
3.22647e-05
3.04088e-05
0.000170926
0.000162139
0.000154533
0.000147764
0.000141644
0.000136078
0.000131002
0.00012628
0.000121767
0.000117469
0.000113362
0.000109424
0.000105776
0.000102134
9.86663e-05
9.53601e-05
9.21998e-05
8.91864e-05
8.63051e-05
8.35366e-05
8.0884e-05
7.82882e-05
7.5959e-05
7.33622e-05
7.1066e-05
6.88493e-05
6.66296e-05
6.50792e-05
6.15325e-05
5.90307e-05
5.66023e-05
5.42069e-05
5.17127e-05
5.00466e-05
4.66762e-05
4.42829e-05
4.21797e-05
4.02697e-05
3.83638e-05
3.6177e-05
0.000176834
0.000168345
0.0001607
0.000153695
0.000147237
0.000141287
0.000135831
0.000130818
0.000126044
0.000121473
0.000117126
0.000112995
0.000109086
0.000105314
0.000101728
9.83137e-05
9.50646e-05
9.19694e-05
8.90088e-05
8.61662e-05
8.34464e-05
8.07611e-05
7.83904e-05
7.55784e-05
7.31303e-05
7.08382e-05
6.85378e-05
6.6821e-05
6.4578e-05
6.09503e-05
5.8431e-05
5.60244e-05
5.36284e-05
5.15766e-05
4.81054e-05
4.57033e-05
4.35858e-05
4.16809e-05
3.9803e-05
3.73182e-05
0.000169925
0.000161505
0.000153958
0.000147099
0.000140814
0.000135091
0.00012981
0.000124853
0.000120128
0.000115653
0.0001114
0.000107367
0.000103504
9.98253e-05
9.63215e-05
9.29806e-05
8.9795e-05
8.67546e-05
8.38507e-05
8.10668e-05
7.84112e-05
7.57373e-05
7.34293e-05
7.07574e-05
6.841e-05
6.63143e-05
6.46397e-05
6.24813e-05
5.97428e-05
5.68133e-05
5.44846e-05
5.22063e-05
4.98371e-05
4.81951e-05
4.49072e-05
4.26732e-05
4.07111e-05
3.88226e-05
3.72885e-05
3.50196e-05
0.000142812
0.00013815
0.000132651
0.000127275
0.000122188
0.000117406
0.000112855
0.000108523
0.000104382
0.000100423
9.66215e-05
9.3036e-05
8.95576e-05
8.62235e-05
8.30506e-05
8.00087e-05
7.712e-05
7.4404e-05
7.17766e-05
6.91834e-05
6.66868e-05
6.42068e-05
6.25922e-05
6.05224e-05
5.78574e-05
5.54871e-05
5.32733e-05
5.12466e-05
4.94247e-05
4.74472e-05
4.57261e-05
4.35565e-05
4.12014e-05
4.05209e-05
3.76548e-05
3.56862e-05
3.40877e-05
3.22945e-05
3.16446e-05
2.97291e-05
0.000112474
0.000105965
0.000100143
9.5719e-05
9.1909e-05
8.83196e-05
8.49004e-05
8.1577e-05
7.83286e-05
7.5163e-05
7.20225e-05
6.92147e-05
6.63278e-05
6.34331e-05
6.08367e-05
5.81926e-05
5.61576e-05
5.40434e-05
5.18533e-05
4.90754e-05
4.74619e-05
4.49872e-05
4.37817e-05
4.16412e-05
3.99746e-05
3.88471e-05
3.68497e-05
3.58503e-05
3.4167e-05
3.29318e-05
3.12681e-05
2.99844e-05
2.84125e-05
2.79319e-05
2.62285e-05
2.47589e-05
2.39097e-05
2.27529e-05
2.23049e-05
2.10972e-05
5.50979e-05
5.56231e-05
5.27902e-05
5.1995e-05
5.01997e-05
4.78197e-05
4.56103e-05
4.34405e-05
4.13771e-05
3.93579e-05
3.73349e-05
3.55699e-05
3.37957e-05
3.19005e-05
3.04701e-05
2.86034e-05
2.76628e-05
2.59778e-05
2.52352e-05
2.37177e-05
2.30081e-05
2.1645e-05
2.10098e-05
1.98816e-05
1.92136e-05
1.84265e-05
1.7435e-05
1.69596e-05
1.60881e-05
1.57275e-05
1.50124e-05
1.44199e-05
1.37775e-05
1.32806e-05
1.29611e-05
1.24474e-05
1.19227e-05
1.15015e-05
1.12341e-05
1.101e-05
1.59966e-05
1.51751e-05
1.44999e-05
1.39409e-05
1.34765e-05
1.30898e-05
1.27736e-05
1.24952e-05
1.22482e-05
1.20249e-05
1.18219e-05
1.16426e-05
1.14708e-05
1.13083e-05
1.11646e-05
1.10099e-05
1.08728e-05
1.07438e-05
1.0629e-05
1.05157e-05
1.04116e-05
1.03108e-05
1.02127e-05
1.01249e-05
1.00334e-05
9.94787e-06
9.86559e-06
9.78765e-06
9.71221e-06
9.64078e-06
9.57187e-06
9.50583e-06
9.44209e-06
9.38002e-06
9.31967e-06
9.26229e-06
9.20441e-06
9.14718e-06
9.09373e-06
9.04137e-06
1.13376e-05
1.06319e-05
9.99722e-06
9.54317e-06
9.21163e-06
8.96919e-06
8.77365e-06
8.60827e-06
8.46956e-06
8.34791e-06
8.23057e-06
8.12688e-06
8.03262e-06
7.93692e-06
7.84349e-06
7.75971e-06
7.67985e-06
7.60688e-06
7.53754e-06
7.472e-06
7.4087e-06
7.34806e-06
7.29108e-06
7.23709e-06
7.18709e-06
7.1379e-06
7.08927e-06
7.04199e-06
6.99527e-06
6.94966e-06
6.90492e-06
6.86094e-06
6.81809e-06
6.77723e-06
6.73725e-06
6.69986e-06
6.66289e-06
6.62635e-06
6.59213e-06
6.55291e-06
2.49091e-05
2.42104e-05
2.27286e-05
2.2029e-05
2.14121e-05
2.0695e-05
1.99074e-05
1.88875e-05
1.80932e-05
1.72739e-05
1.63685e-05
1.56173e-05
1.46677e-05
1.39218e-05
1.30204e-05
1.24481e-05
1.17648e-05
1.12815e-05
1.07567e-05
1.033e-05
9.83124e-06
9.39265e-06
9.06772e-06
8.77103e-06
8.54101e-06
8.2331e-06
7.96008e-06
7.64538e-06
7.46408e-06
7.21962e-06
6.97175e-06
6.74308e-06
6.5627e-06
6.31489e-06
6.32598e-06
6.11325e-06
5.923e-06
5.7683e-06
5.63521e-06
5.56784e-06
5.50411e-05
5.52861e-05
5.23872e-05
5.14816e-05
4.9638e-05
4.73084e-05
4.51515e-05
4.30509e-05
4.10432e-05
3.90662e-05
3.7089e-05
3.52402e-05
3.34247e-05
3.19381e-05
2.99835e-05
2.88477e-05
2.70175e-05
2.62681e-05
2.47028e-05
2.38565e-05
2.27663e-05
2.14347e-05
2.08462e-05
1.9738e-05
1.91253e-05
1.83511e-05
1.73913e-05
1.69087e-05
1.61438e-05
1.55277e-05
1.49197e-05
1.41957e-05
1.38386e-05
1.31974e-05
1.29503e-05
1.24226e-05
1.18946e-05
1.14665e-05
1.11615e-05
1.09422e-05
9.18612e-05
8.42871e-05
7.94497e-05
7.56466e-05
7.23064e-05
7.03018e-05
6.74884e-05
6.40709e-05
6.10166e-05
5.82097e-05
5.55995e-05
5.31328e-05
5.0991e-05
4.87633e-05
4.66381e-05
4.46898e-05
4.28194e-05
4.11164e-05
3.94781e-05
3.79488e-05
3.64868e-05
3.49885e-05
3.37694e-05
3.22638e-05
3.13611e-05
3.00978e-05
2.89096e-05
2.79096e-05
2.66176e-05
2.5735e-05
2.46538e-05
2.34702e-05
2.28293e-05
2.1926e-05
2.1028e-05
2.00211e-05
1.91583e-05
1.82657e-05
1.789e-05
1.70454e-05
0.000104364
9.88983e-05
9.38641e-05
8.92632e-05
8.50495e-05
8.13987e-05
7.86952e-05
7.60927e-05
7.24512e-05
6.89852e-05
6.58995e-05
6.30832e-05
6.05645e-05
5.81128e-05
5.58065e-05
5.36407e-05
5.15967e-05
4.96691e-05
4.78442e-05
4.61121e-05
4.44687e-05
4.28881e-05
4.13407e-05
3.98642e-05
3.83442e-05
3.71045e-05
3.57537e-05
3.46986e-05
3.32941e-05
3.22096e-05
3.10339e-05
2.99111e-05
2.87945e-05
2.79056e-05
2.66585e-05
2.5494e-05
2.44708e-05
2.34905e-05
2.29604e-05
2.17975e-05
0.000111443
0.000104442
9.85451e-05
9.3349e-05
8.86606e-05
8.44725e-05
8.1099e-05
7.84857e-05
7.49619e-05
7.11542e-05
6.77806e-05
6.47467e-05
6.19505e-05
5.94076e-05
5.70238e-05
5.47847e-05
5.26788e-05
5.06957e-05
4.88245e-05
4.70516e-05
4.53813e-05
4.37611e-05
4.22236e-05
4.04683e-05
3.87721e-05
3.73299e-05
3.62181e-05
3.53864e-05
3.42826e-05
3.33441e-05
3.22072e-05
3.12778e-05
3.00957e-05
2.91601e-05
2.77735e-05
2.6582e-05
2.54961e-05
2.47447e-05
2.39112e-05
2.28481e-05
0.000103972
9.79879e-05
9.24641e-05
8.75036e-05
8.30024e-05
7.95341e-05
7.64182e-05
7.29972e-05
6.925e-05
6.58556e-05
6.27502e-05
5.99188e-05
5.73008e-05
5.48449e-05
5.2547e-05
5.03968e-05
4.83851e-05
4.64969e-05
4.4725e-05
4.3049e-05
4.15096e-05
3.98227e-05
3.80498e-05
3.68742e-05
3.55508e-05
3.47848e-05
3.34259e-05
3.28232e-05
3.15393e-05
3.05679e-05
2.94882e-05
2.84821e-05
2.73226e-05
2.67679e-05
2.5517e-05
2.44034e-05
2.36111e-05
2.26495e-05
2.22659e-05
2.11724e-05
8.27427e-05
7.94106e-05
7.58226e-05
7.28232e-05
6.98466e-05
6.67515e-05
6.33089e-05
6.01744e-05
5.72573e-05
5.45317e-05
5.19827e-05
4.96485e-05
4.75111e-05
4.53701e-05
4.34133e-05
4.15506e-05
3.9811e-05
3.81598e-05
3.66057e-05
3.53297e-05
3.36836e-05
3.29325e-05
3.14009e-05
3.07161e-05
2.92193e-05
2.85455e-05
2.74351e-05
2.63755e-05
2.574e-05
2.4651e-05
2.39506e-05
2.31483e-05
2.21367e-05
2.17673e-05
2.08403e-05
1.99187e-05
1.93631e-05
1.86062e-05
1.82914e-05
1.74392e-05
4.91298e-05
5.22856e-05
5.08435e-05
4.9054e-05
4.71353e-05
4.52278e-05
4.33383e-05
4.14785e-05
3.9598e-05
3.77185e-05
3.59563e-05
3.43373e-05
3.29107e-05
3.10146e-05
3.00556e-05
2.83007e-05
2.75156e-05
2.60025e-05
2.52634e-05
2.39335e-05
2.3215e-05
2.20357e-05
2.13056e-05
2.04447e-05
1.95577e-05
1.90217e-05
1.81237e-05
1.76159e-05
1.68765e-05
1.63487e-05
1.58007e-05
1.51573e-05
1.46826e-05
1.4234e-05
1.3829e-05
1.32866e-05
1.27809e-05
1.24838e-05
1.21372e-05
1.16147e-05
2.49582e-05
2.42009e-05
2.27855e-05
2.20911e-05
2.15096e-05
2.07979e-05
2.00248e-05
1.89863e-05
1.8174e-05
1.73361e-05
1.6424e-05
1.57321e-05
1.4836e-05
1.38418e-05
1.31701e-05
1.24037e-05
1.18702e-05
1.12708e-05
1.08167e-05
1.03448e-05
9.8687e-06
9.41952e-06
9.07703e-06
8.85208e-06
8.52657e-06
8.24565e-06
7.93267e-06
7.68344e-06
7.39587e-06
7.24406e-06
7.02036e-06
6.77413e-06
6.58315e-06
6.33117e-06
6.33542e-06
6.11934e-06
5.92385e-06
5.76913e-06
5.63372e-06
5.56472e-06
1.13063e-05
1.06195e-05
9.91874e-06
9.41245e-06
9.05211e-06
8.79666e-06
8.60123e-06
8.43619e-06
8.30336e-06
8.18248e-06
8.07132e-06
7.98092e-06
7.87048e-06
7.7677e-06
7.67765e-06
7.58797e-06
7.50692e-06
7.42794e-06
7.35605e-06
7.28693e-06
7.22191e-06
7.16079e-06
7.10382e-06
7.05206e-06
6.99961e-06
6.94899e-06
6.89962e-06
6.85187e-06
6.80542e-06
6.76101e-06
6.71758e-06
6.67506e-06
6.63365e-06
6.59379e-06
6.55596e-06
6.51893e-06
6.48235e-06
6.44681e-06
6.41467e-06
6.37852e-06
5.76587e-06
5.30948e-06
4.88845e-06
4.62406e-06
4.45601e-06
4.34487e-06
4.26298e-06
4.19401e-06
4.1378e-06
4.08994e-06
4.04604e-06
4.00612e-06
3.96668e-06
3.92846e-06
3.89149e-06
3.85839e-06
3.82529e-06
3.79517e-06
3.76545e-06
3.73764e-06
3.71033e-06
3.68373e-06
3.65883e-06
3.63469e-06
3.61185e-06
3.5885e-06
3.56604e-06
3.5439e-06
3.52246e-06
3.50097e-06
3.48e-06
3.45929e-06
3.43947e-06
3.41973e-06
3.4021e-06
3.38401e-06
3.36697e-06
3.34963e-06
3.33498e-06
3.30953e-06
1.13058e-05
1.06192e-05
9.91743e-06
9.40891e-06
9.04683e-06
8.78921e-06
8.59259e-06
8.42808e-06
8.29554e-06
8.17723e-06
8.06693e-06
7.97227e-06
7.86285e-06
7.76505e-06
7.67129e-06
7.58506e-06
7.50095e-06
7.42489e-06
7.35171e-06
7.28332e-06
7.21902e-06
7.15803e-06
7.10154e-06
7.04828e-06
6.9983e-06
6.94776e-06
6.89844e-06
6.85079e-06
6.80528e-06
6.76043e-06
6.71668e-06
6.6738e-06
6.63236e-06
6.59239e-06
6.5553e-06
6.51885e-06
6.48279e-06
6.44746e-06
6.41543e-06
6.37937e-06
1.59958e-05
1.51778e-05
1.45031e-05
1.39386e-05
1.34681e-05
1.30772e-05
1.27567e-05
1.24793e-05
1.22333e-05
1.20121e-05
1.18104e-05
1.16295e-05
1.14615e-05
1.13005e-05
1.11576e-05
1.10016e-05
1.08606e-05
1.07364e-05
1.06187e-05
1.05075e-05
1.0404e-05
1.03031e-05
1.02055e-05
1.01191e-05
1.00283e-05
9.94341e-06
9.86191e-06
9.78472e-06
9.71095e-06
9.63901e-06
9.5703e-06
9.50364e-06
9.44002e-06
9.37801e-06
9.31898e-06
9.26247e-06
9.20542e-06
9.14891e-06
9.09563e-06
9.04312e-06
1.97457e-05
1.90432e-05
1.83608e-05
1.77467e-05
1.71991e-05
1.67175e-05
1.62901e-05
1.59051e-05
1.55561e-05
1.5238e-05
1.49464e-05
1.46781e-05
1.44338e-05
1.4203e-05
1.39886e-05
1.3788e-05
1.36014e-05
1.34304e-05
1.32706e-05
1.31201e-05
1.298e-05
1.28466e-05
1.27074e-05
1.25869e-05
1.24674e-05
1.23537e-05
1.22437e-05
1.21406e-05
1.20379e-05
1.19336e-05
1.18344e-05
1.1743e-05
1.16609e-05
1.15783e-05
1.14997e-05
1.1422e-05
1.13464e-05
1.1272e-05
1.12006e-05
1.11321e-05
2.32117e-05
2.19005e-05
2.10201e-05
2.03013e-05
1.96782e-05
1.91277e-05
1.86369e-05
1.81943e-05
1.77875e-05
1.7412e-05
1.70653e-05
1.67456e-05
1.64516e-05
1.61749e-05
1.59171e-05
1.56765e-05
1.54516e-05
1.52417e-05
1.50459e-05
1.48638e-05
1.4695e-05
1.45367e-05
1.43818e-05
1.42411e-05
1.40966e-05
1.39477e-05
1.38104e-05
1.36852e-05
1.35671e-05
1.3452e-05
1.33412e-05
1.32329e-05
1.31417e-05
1.2997e-05
1.29479e-05
1.28398e-05
1.27588e-05
1.26775e-05
1.25976e-05
1.25211e-05
2.4208e-05
2.29548e-05
2.20304e-05
2.12615e-05
2.06005e-05
2.00215e-05
1.95087e-05
1.90495e-05
1.86291e-05
1.82398e-05
1.78786e-05
1.75436e-05
1.72339e-05
1.69422e-05
1.66703e-05
1.64163e-05
1.61787e-05
1.59559e-05
1.57476e-05
1.55544e-05
1.53723e-05
1.52016e-05
1.5036e-05
1.48925e-05
1.47321e-05
1.45724e-05
1.44241e-05
1.42874e-05
1.41615e-05
1.40407e-05
1.39247e-05
1.38225e-05
1.36885e-05
1.36403e-05
1.3415e-05
1.34174e-05
1.32927e-05
1.32123e-05
1.31309e-05
1.30528e-05
2.30606e-05
2.19874e-05
2.11412e-05
2.0437e-05
1.9828e-05
1.9294e-05
1.88178e-05
1.83862e-05
1.79898e-05
1.7624e-05
1.72854e-05
1.69724e-05
1.66856e-05
1.64106e-05
1.61538e-05
1.59136e-05
1.56928e-05
1.54838e-05
1.52866e-05
1.51014e-05
1.49276e-05
1.47659e-05
1.45933e-05
1.44333e-05
1.4283e-05
1.41408e-05
1.40059e-05
1.38775e-05
1.37567e-05
1.36381e-05
1.35323e-05
1.34036e-05
1.3311e-05
1.32104e-05
1.30947e-05
1.30146e-05
1.29187e-05
1.28337e-05
1.27528e-05
1.26766e-05
1.9813e-05
1.91745e-05
1.8566e-05
1.80099e-05
1.75052e-05
1.70484e-05
1.66345e-05
1.62587e-05
1.59168e-05
1.5604e-05
1.53166e-05
1.50525e-05
1.4817e-05
1.45899e-05
1.43766e-05
1.41784e-05
1.39911e-05
1.383e-05
1.36537e-05
1.34874e-05
1.33342e-05
1.3194e-05
1.30553e-05
1.29257e-05
1.28004e-05
1.26819e-05
1.25695e-05
1.24604e-05
1.23577e-05
1.22562e-05
1.21592e-05
1.20595e-05
1.19705e-05
1.18812e-05
1.17961e-05
1.17172e-05
1.16385e-05
1.15646e-05
1.14928e-05
1.14191e-05
1.62368e-05
1.54685e-05
1.48069e-05
1.42596e-05
1.38218e-05
1.34596e-05
1.31396e-05
1.28623e-05
1.26133e-05
1.23892e-05
1.21895e-05
1.201e-05
1.18521e-05
1.16829e-05
1.15303e-05
1.1389e-05
1.12585e-05
1.11394e-05
1.10246e-05
1.09135e-05
1.08087e-05
1.06993e-05
1.05978e-05
1.05064e-05
1.04212e-05
1.03397e-05
1.02597e-05
1.01817e-05
1.0106e-05
1.00313e-05
9.95943e-06
9.88946e-06
9.82196e-06
9.75691e-06
9.69312e-06
9.63317e-06
9.57493e-06
9.51837e-06
9.46477e-06
9.40804e-06
1.13383e-05
1.06313e-05
1.00017e-05
9.54659e-06
9.21589e-06
8.9735e-06
8.77838e-06
8.61203e-06
8.4727e-06
8.35022e-06
8.23183e-06
8.13382e-06
8.03669e-06
7.93779e-06
7.84725e-06
7.76085e-06
7.68246e-06
7.60783e-06
7.53905e-06
7.47315e-06
7.4096e-06
7.34927e-06
7.29172e-06
7.23937e-06
7.18797e-06
7.13847e-06
7.09015e-06
7.04265e-06
6.99623e-06
6.95041e-06
6.90612e-06
6.86255e-06
6.81997e-06
6.7793e-06
6.7391e-06
6.70141e-06
6.66422e-06
6.62779e-06
6.59368e-06
6.55471e-06
5.76619e-06
5.31028e-06
4.88969e-06
4.62564e-06
4.45787e-06
4.34693e-06
4.26516e-06
4.196e-06
4.13999e-06
4.09115e-06
4.04762e-06
4.00866e-06
3.96854e-06
3.92911e-06
3.89359e-06
3.85902e-06
3.8272e-06
3.79554e-06
3.76673e-06
3.73828e-06
3.71109e-06
3.68447e-06
3.65938e-06
3.63614e-06
3.61197e-06
3.58923e-06
3.56644e-06
3.54447e-06
3.52247e-06
3.50137e-06
3.48036e-06
3.45992e-06
3.4403e-06
3.42062e-06
3.40252e-06
3.38427e-06
3.36711e-06
3.34977e-06
3.33508e-06
3.30968e-06
)
;

boundaryField
{
    inlet
    {
        type            calculated;
        value           uniform 0.000851986;
    }
    ami1
    {
        type            cyclicAMI;
        value           nonuniform List<scalar> 
100
(
1.46283e-05
1.6739e-05
1.95866e-05
2.68677e-05
2.62918e-05
2.88399e-05
2.64235e-05
2.05286e-05
1.83011e-05
1.46292e-05
1.83013e-05
4.50265e-05
9.1612e-05
0.000107192
0.000119015
0.00011738
0.000108836
9.05924e-05
4.50251e-05
1.67395e-05
2.0529e-05
9.06063e-05
0.00013945
0.000175383
0.000190662
0.000189558
0.000176283
0.000139463
9.16127e-05
1.95856e-05
2.64252e-05
0.000108837
0.000176261
0.000213795
0.000231004
0.000229932
0.000213735
0.000175393
0.000107154
2.68705e-05
2.88509e-05
0.00011736
0.000189525
0.000229934
0.000250734
0.000250724
0.000230938
0.00019065
0.000119005
2.6313e-05
2.63094e-05
0.000118993
0.00019064
0.000231
0.000250727
0.000250734
0.00022993
0.00018955
0.000117472
2.89096e-05
2.68804e-05
0.000107202
0.000175348
0.000213789
0.000229939
0.000230986
0.000213793
0.000176269
0.000108936
2.64672e-05
1.95888e-05
9.15833e-05
0.000139428
0.000176247
0.000189558
0.000190654
0.000175374
0.00013946
9.06205e-05
2.05303e-05
1.67393e-05
4.50271e-05
9.06343e-05
0.000108855
0.000117388
0.000119016
0.000107207
9.16389e-05
4.50322e-05
1.83017e-05
1.46283e-05
1.83018e-05
2.05295e-05
2.64268e-05
2.88458e-05
2.63028e-05
2.68679e-05
1.95881e-05
1.67391e-05
1.46284e-05
)
;
    }
    walls
    {
        type            nutkWallFunction;
        blending        stepwise;
        value           nonuniform List<scalar> 
2560
(
0
9.40055e-06
1.69775e-05
2.22372e-05
2.4929e-05
2.4929e-05
2.22372e-05
1.69775e-05
9.40055e-06
0
0
3.31268e-06
9.3526e-06
1.38415e-05
1.62058e-05
1.62058e-05
1.38415e-05
9.3526e-06
3.31268e-06
0
0
5.57024e-07
5.34227e-06
9.03107e-06
1.10106e-05
1.10106e-05
9.03107e-06
5.34227e-06
5.57024e-07
0
0
0
2.97694e-06
6.0758e-06
7.73693e-06
7.73694e-06
6.0758e-06
2.97694e-06
0
0
0
0
1.35316e-06
4.06425e-06
5.51776e-06
5.51777e-06
4.06426e-06
1.35316e-06
0
0
0
0
1.71353e-07
2.54593e-06
3.80334e-06
3.80335e-06
2.54595e-06
1.71369e-07
0
0
0
0
0
1.44605e-06
2.57709e-06
2.57711e-06
1.44609e-06
0
0
0
0
0
0
5.7811e-07
1.62162e-06
1.62165e-06
5.7818e-07
0
0
0
0
0
0
0
8.23141e-07
8.23196e-07
0
0
0
0
0
0
0
0
1.36833e-07
1.36919e-07
0
0
0
0
0
0
0
0
0
0
0
0
0
0
0
0
0
0
0
0
0
0
0
0
0
0
0
0
0
0
0
0
0
0
0
0
0
0
0
0
0
0
0
0
0
0
0
0
0
0
0
0
0
0
0
0
0
0
0
0
0
0
0
0
0
0
0
0
0
0
0
0
0
0
0
0
0
0
0
0
0
0
0
0
0
0
0
0
0
0
0
0
0
0
0
0
0
0
0
0
0
0
0
0
0
9.40055e-06
1.69775e-05
2.22372e-05
2.4929e-05
2.4929e-05
2.22372e-05
1.69775e-05
9.40055e-06
0
0
3.31268e-06
9.3526e-06
1.38415e-05
1.62058e-05
1.62058e-05
1.38415e-05
9.3526e-06
3.31268e-06
0
0
5.57024e-07
5.34227e-06
9.03107e-06
1.10106e-05
1.10106e-05
9.03107e-06
5.34227e-06
5.57024e-07
0
0
0
2.97694e-06
6.0758e-06
7.73693e-06
7.73694e-06
6.0758e-06
2.97694e-06
0
0
0
0
1.35316e-06
4.06425e-06
5.51776e-06
5.51777e-06
4.06426e-06
1.35316e-06
0
0
0
0
1.71353e-07
2.54593e-06
3.80334e-06
3.80335e-06
2.54595e-06
1.71368e-07
0
0
0
0
0
1.44605e-06
2.57709e-06
2.57711e-06
1.44609e-06
0
0
0
0
0
0
5.78111e-07
1.62162e-06
1.62165e-06
5.78181e-07
0
0
0
0
0
0
0
8.23141e-07
8.23196e-07
0
0
0
0
0
0
0
0
1.36833e-07
1.36919e-07
0
0
0
0
0
0
0
0
0
0
0
0
0
0
0
0
0
0
0
0
0
0
0
0
0
0
0
0
0
0
0
0
0
0
0
0
0
0
0
0
0
0
0
0
0
0
0
0
0
0
0
0
0
0
0
0
0
0
0
0
0
0
0
0
0
0
0
0
0
0
0
0
0
0
0
0
0
0
0
0
0
0
0
0
0
0
0
0
0
0
0
0
0
0
0
0
0
0
0
0
0
0
0
0
0
9.40055e-06
1.69775e-05
2.22372e-05
2.4929e-05
2.4929e-05
2.22372e-05
1.69775e-05
9.40055e-06
0
0
3.31268e-06
9.3526e-06
1.38415e-05
1.62058e-05
1.62058e-05
1.38415e-05
9.3526e-06
3.31268e-06
0
0
5.57024e-07
5.34227e-06
9.03107e-06
1.10106e-05
1.10106e-05
9.03107e-06
5.34227e-06
5.57024e-07
0
0
0
2.97694e-06
6.0758e-06
7.73694e-06
7.73693e-06
6.0758e-06
2.97694e-06
0
0
0
0
1.35316e-06
4.06426e-06
5.51777e-06
5.51776e-06
4.06425e-06
1.35316e-06
0
0
0
0
1.71369e-07
2.54595e-06
3.80335e-06
3.80334e-06
2.54593e-06
1.71354e-07
0
0
0
0
0
1.44609e-06
2.57711e-06
2.5771e-06
1.44605e-06
0
0
0
0
0
0
5.78182e-07
1.62165e-06
1.62162e-06
5.78112e-07
0
0
0
0
0
0
0
8.23197e-07
8.23143e-07
0
0
0
0
0
0
0
0
1.3692e-07
1.36834e-07
0
0
0
0
0
0
0
0
0
0
0
0
0
0
0
0
0
0
0
0
0
0
0
0
0
0
0
0
0
0
0
0
0
0
0
0
0
0
0
0
0
0
0
0
0
0
0
0
0
0
0
0
0
0
0
0
0
0
0
0
0
0
0
0
0
0
0
0
0
0
0
0
0
0
0
0
0
0
0
0
0
0
0
0
0
0
0
0
0
0
0
0
0
0
0
0
0
0
0
0
0
0
0
0
0
9.40055e-06
1.69775e-05
2.22372e-05
2.4929e-05
2.4929e-05
2.22372e-05
1.69775e-05
9.40055e-06
0
0
3.31268e-06
9.3526e-06
1.38415e-05
1.62058e-05
1.62058e-05
1.38415e-05
9.3526e-06
3.31268e-06
0
0
5.57024e-07
5.34227e-06
9.03107e-06
1.10106e-05
1.10106e-05
9.03107e-06
5.34227e-06
5.57024e-07
0
0
0
2.97694e-06
6.0758e-06
7.73694e-06
7.73693e-06
6.0758e-06
2.97694e-06
0
0
0
0
1.35317e-06
4.06426e-06
5.51777e-06
5.51776e-06
4.06425e-06
1.35316e-06
0
0
0
0
1.71369e-07
2.54595e-06
3.80335e-06
3.80334e-06
2.54593e-06
1.71353e-07
0
0
0
0
0
1.44609e-06
2.57711e-06
2.57709e-06
1.44605e-06
0
0
0
0
0
0
5.78183e-07
1.62165e-06
1.62162e-06
5.78113e-07
0
0
0
0
0
0
0
8.23198e-07
8.23144e-07
0
0
0
0
0
0
0
0
1.36921e-07
1.36835e-07
0
0
0
0
0
0
0
0
0
0
0
0
0
0
0
0
0
0
0
0
0
0
0
0
0
0
0
0
0
0
0
0
0
0
0
0
0
0
0
0
0
0
0
0
0
0
0
0
0
0
0
0
0
0
0
0
0
0
0
0
0
0
0
0
0
0
0
0
0
0
0
0
0
0
0
0
0
0
0
0
0
0
0
0
0
0
0
0
0
0
0
0
0
0
0
0
0
0
0
0
0
0
0
0
0
0
0
0
0
0
0
0
0
0
0
0
0
0
0
0
0
0
0
0
0
0
0
0
0
0
0
0
0
0
0
0
0
0
0
0
0
0
0
0
0
0
0
0
0
0
0
0
0
0
0
0
0
0
0
0
0
0
0
0
0
0
0
0
0
0
0
0
0
0
0
0
0
0
0
0
0
0
0
0
0
0
0
0
0
0
0
0
0
0
0
0
0
0
0
0
0
0
0
0
0
0
0
0
0
0
0
0
0
0
0
0
0
0
0
0
0
0
0
0
0
0
0
0
0
0
0
0
0
0
0
0
0
0
0
0
0
0
0
0
0
0
0
0
0
0
0
0
0
0
0
0
0
0
0
0
0
0
0
0
0
0
0
0
0
0
0
0
0
0
0
0
0
0
0
0
0
0
0
0
0
0
0
0
0
0
0
0
0
0
0
0
0
0
0
0
0
0
0
0
0
0
0
0
0
0
0
0
0
0
0
0
0
0
0
0
0
0
0
0
0
0
0
0
0
0
0
0
0
0
0
0
0
0
0
0
0
0
0
0
0
0
0
0
0
0
0
0
0
0
0
0
0
0
0
0
0
0
0
0
0
0
0
0
0
0
0
0
0
0
0
0
0
0
0
0
0
0
0
0
0
0
0
0
0
0
0
0
0
0
0
0
0
0
0
0
0
0
0
0
0
0
0
0
0
0
0
0
0
0
0
0
0
0
0
0
0
0
0
0
0
0
0
0
0
0
0
0
0
0
0
0
0
0
0
0
0
0
0
0
0
0
0
0
0
0
0
0
0
0
0
0
0
0
0
0
0
0
0
0
0
0
0
0
0
0
0
0
0
0
0
0
0
0
0
0
0
0
0
0
0
0
0
0
0
0
0
0
0
0
0
0
0
0
0
0
0
0
0
0
0
0
0
0
0
0
0
0
0
0
0
0
0
0
0
0
0
0
0
0
0
0
0
0
0
0
0
0
0
0
0
0
0
0
0
0
0
0
0
0
0
0
0
0
0
0
0
0
0
0
0
0
0
0
0
0
0
0
0
0
0
0
0
0
0
0
0
0
0
0
0
0
0
0
0
0
0
0
0
0
0
0
0
0
0
0
0
0
0
0
0
0
0
0
0
0
0
0
0
0
0
0
0
0
0
0
0
0
0
0
0
0
0
0
0
0
0
0
0
0
0
0
0
0
0
0
0
0
0
0
0
0
0
0
0
0
0
0
0
0
0
0
0
0
0
0
0
0
0
0
0
0
0
0
0
0
0
0
0
0
0
0
0
0
0
0
0
0
0
0
0
0
0
0
0
0
0
0
0
0
0
0
0
0
0
0
0
0
0
0
0
0
0
0
0
0
0
0
0
0
0
0
0
0
0
0
0
0
0
0
0
0
0
0
0
0
0
0
0
0
0
0
0
0
0
0
0
0
0
0
0
0
0
0
0
0
0
0
0
0
0
0
0
0
0
0
0
0
0
0
0
0
0
0
0
0
0
0
0
0
0
0
0
0
0
0
0
0
0
0
0
0
0
0
0
0
0
0
0
0
0
0
0
0
0
0
0
0
0
0
0
0
0
0
0
0
0
0
0
0
0
0
0
0
0
0
0
0
0
0
0
0
0
0
0
0
0
0
0
0
0
0
0
0
0
0
0
0
0
0
0
0
0
0
0
0
0
0
0
0
0
0
0
0
0
0
0
0
0
0
0
0
0
0
0
0
0
0
0
0
0
0
0
0
0
0
0
0
0
0
0
0
0
0
0
0
0
0
0
0
0
0
0
0
0
0
0
0
0
0
0
0
0
0
0
0
0
0
0
0
0
0
0
0
0
0
0
0
0
0
0
0
0
0
0
0
0
0
0
0
0
0
0
0
0
0
0
0
0
0
0
0
0
0
0
0
0
0
0
0
0
0
0
0
0
0
0
0
0
0
0
0
0
0
0
0
0
0
0
0
0
0
0
0
0
0
0
0
0
0
0
0
0
0
0
0
0
0
0
0
0
0
0
0
0
0
0
0
0
0
0
0
0
0
0
0
0
0
0
0
0
0
0
0
0
0
0
0
0
0
0
0
0
0
0
0
0
0
0
0
0
0
0
0
0
0
0
0
0
0
0
0
0
0
0
0
0
0
0
0
0
0
0
0
0
0
0
0
0
0
0
0
0
0
0
0
0
0
0
0
0
0
0
0
0
0
0
0
0
0
0
0
0
0
0
0
0
0
0
0
0
0
0
0
0
0
0
0
0
0
0
0
0
0
0
0
0
0
0
0
0
0
0
0
0
0
0
0
0
0
0
0
0
0
0
0
0
0
0
0
0
0
0
0
0
0
0
0
0
0
0
0
0
0
0
0
0
0
0
0
0
0
0
0
0
0
0
0
0
0
0
0
0
0
0
0
0
0
0
0
0
0
0
0
0
0
0
0
0
0
0
0
0
0
0
0
0
0
0
0
0
0
0
0
0
0
0
0
0
0
0
0
0
0
0
0
0
0
0
0
0
0
0
0
0
0
0
0
0
0
0
0
0
0
0
0
0
0
0
0
0
0
0
0
0
0
0
0
0
0
0
0
0
0
0
0
0
0
0
0
0
0
0
0
0
0
0
0
0
0
0
0
0
0
0
0
0
0
0
0
0
0
0
0
0
0
0
0
0
0
0
0
0
0
0
0
0
0
0
0
0
0
0
0
0
0
0
0
0
0
0
0
0
0
0
0
0
0
0
0
0
0
0
0
0
0
0
0
0
0
0
0
0
0
0
0
0
0
0
0
0
0
0
0
0
0
0
0
0
0
0
0
0
0
0
0
0
0
0
0
0
0
0
0
0
0
0
0
0
0
0
0
0
0
0
0
0
0
0
0
0
0
0
0
0
0
0
0
0
0
0
0
0
0
0
0
0
0
0
0
0
0
0
0
0
0
0
0
0
0
0
0
0
0
0
0
0
0
0
0
0
0
0
0
0
0
0
0
0
0
0
0
0
0
0
0
0
0
0
0
0
0
0
0
0
0
0
0
0
0
0
0
0
0
0
0
0
0
0
0
0
0
0
0
0
0
0
0
0
0
0
0
0
0
0
0
0
0
0
0
0
0
0
0
0
0
0
0
0
0
0
0
0
0
0
0
0
0
0
0
0
0
0
0
0
0
0
0
0
0
0
0
0
0
0
0
0
0
0
0
0
0
0
0
0
0
0
0
0
0
0
0
0
0
0
0
0
0
0
0
0
0
0
0
0
0
0
0
0
0
0
0
0
0
0
0
0
0
0
0
0
0
0
0
0
0
0
0
0
0
0
0
0
0
0
0
0
0
0
0
0
0
0
0
0
0
0
0
0
0
0
0
0
0
0
0
0
0
0
0
0
0
0
0
0
0
0
0
0
0
0
0
0
0
0
0
0
0
0
0
0
0
0
0
0
0
0
0
0
0
0
0
0
0
0
0
0
0
0
0
0
0
0
0
0
0
0
0
0
0
0
0
0
0
0
0
0
0
0
0
0
0
0
0
0
0
0
0
0
0
0
0
0
0
0
0
0
0
0
0
0
0
0
0
0
0
0
0
0
0
0
0
0
0
0
0
0
0
0
0
0
0
0
0
0
0
0
0
0
0
0
0
0
0
0
0
0
0
0
0
0
0
0
0
0
0
0
0
0
0
0
0
0
0
0
0
0
0
0
0
0
0
0
0
0
0
0
0
0
0
0
0
0
0
0
0
0
0
0
0
0
0
0
0
0
0
0
0
0
0
0
0
0
0
0
0
0
0
0
0
0
0
0
0
0
0
0
0
0
0
0
0
0
0
0
0
0
0
0
0
0
0
0
0
0
0
0
0
0
0
0
0
0
0
0
0
0
0
0
0
0
0
0
0
0
0
0
0
0
0
0
0
0
0
0
0
0
0
0
0
0
0
0
0
0
0
0
0
0
0
0
0
0
0
0
0
0
0
0
0
0
0
0
0
0
0
0
0
0
0
0
0
0
0
0
0
0
0
0
0
)
;
    }
    ami2
    {
        type            cyclicAMI;
        value           nonuniform List<scalar> 
121
(
1.63167e-05
1.93739e-05
2.0956e-05
2.1042e-05
2.70537e-05
3.12712e-05
2.992e-05
2.26147e-05
1.81067e-05
1.77738e-05
1.63164e-05
1.7774e-05
2.59973e-05
5.31292e-05
9.2504e-05
0.000108413
0.000116796
0.00010955
9.76233e-05
5.97616e-05
2.60073e-05
1.93726e-05
1.81066e-05
5.97724e-05
0.000117558
0.000144962
0.000175726
0.000181308
0.000175567
0.000148921
0.00011757
5.29901e-05
2.09518e-05
2.26129e-05
9.75403e-05
0.000148843
0.000193003
0.000215419
0.000221883
0.000217211
0.000192969
0.000144962
9.22699e-05
2.10386e-05
2.99158e-05
0.00010957
0.000175626
0.000217109
0.000237458
0.000248737
0.000237464
0.000215429
0.00017576
0.000108409
2.70543e-05
3.12649e-05
0.00011677
0.00018132
0.000221807
0.000248721
0.000253888
0.000248721
0.000221905
0.000181218
0.000116833
3.12724e-05
2.70501e-05
0.000108385
0.00017575
0.000215443
0.000237503
0.000248731
0.000237494
0.000217217
0.000175538
0.000109442
2.99214e-05
2.10379e-05
9.22513e-05
0.000144953
0.000192974
0.000217214
0.000221882
0.00021541
0.000192954
0.000148892
9.7624e-05
2.26151e-05
2.09517e-05
5.29806e-05
0.000117563
0.000148934
0.000175573
0.000181305
0.000175716
0.000144912
0.000117544
5.97932e-05
1.81071e-05
1.93722e-05
2.59874e-05
5.97664e-05
9.75755e-05
0.00010954
0.00011678
0.000108392
9.22568e-05
5.30019e-05
2.60124e-05
1.77741e-05
1.63163e-05
1.77738e-05
1.81065e-05
2.26137e-05
2.99172e-05
3.12689e-05
2.70528e-05
2.10383e-05
2.09521e-05
1.93727e-05
1.63168e-05
)
;
    }
    outlet
    {
        type            calculated;
        value           nonuniform List<scalar> 
121
(
3.30713e-06
6.54752e-06
9.39449e-06
1.14018e-05
1.26558e-05
1.30303e-05
1.24985e-05
1.11135e-05
9.03235e-06
6.37551e-06
3.30747e-06
6.37408e-06
5.53825e-06
1.13799e-05
1.70596e-05
2.06266e-05
2.21263e-05
2.09919e-05
1.64069e-05
1.08474e-05
5.5768e-06
6.54921e-06
9.03456e-06
1.08041e-05
2.06645e-05
2.88694e-05
3.40097e-05
3.62456e-05
3.5239e-05
2.90606e-05
2.04337e-05
1.13345e-05
9.39546e-06
1.11176e-05
1.64203e-05
2.91698e-05
4.12188e-05
4.80615e-05
5.07096e-05
4.91554e-05
4.12764e-05
2.89614e-05
1.70475e-05
1.14066e-05
1.25047e-05
2.11016e-05
3.53985e-05
4.94413e-05
5.713e-05
5.97586e-05
5.72138e-05
4.88775e-05
3.45103e-05
2.08491e-05
1.26639e-05
1.30383e-05
2.23767e-05
3.69275e-05
5.20901e-05
6.05032e-05
6.28262e-05
6.00252e-05
5.17151e-05
3.68245e-05
2.25829e-05
1.30406e-05
1.26645e-05
2.0876e-05
3.47635e-05
4.93254e-05
5.78439e-05
6.02798e-05
5.755e-05
4.96555e-05
3.57142e-05
2.15526e-05
1.25104e-05
1.14105e-05
1.73004e-05
2.96874e-05
4.24557e-05
5.02351e-05
5.22322e-05
4.94882e-05
4.22727e-05
3.01201e-05
1.69849e-05
1.11254e-05
9.40303e-06
1.15801e-05
2.11536e-05
3.04088e-05
3.6177e-05
3.73182e-05
3.50196e-05
2.97291e-05
2.10972e-05
1.101e-05
9.04137e-06
6.55291e-06
5.56784e-06
1.09422e-05
1.70454e-05
2.17975e-05
2.28481e-05
2.11724e-05
1.74392e-05
1.16147e-05
5.56472e-06
6.37852e-06
3.30953e-06
6.37937e-06
9.04312e-06
1.11321e-05
1.25211e-05
1.30528e-05
1.26766e-05
1.14191e-05
9.40804e-06
6.55471e-06
3.30968e-06
)
;
    }
}


// ************************************************************************* //
