/*--------------------------------*- C++ -*----------------------------------*\
| =========                 |                                                 |
| \\      /  F ield         | OpenFOAM: The Open Source CFD Toolbox           |
|  \\    /   O peration     | Version:  2212                                  |
|   \\  /    A nd           | Website:  www.openfoam.com                      |
|    \\/     M anipulation  |                                                 |
\*---------------------------------------------------------------------------*/
FoamFile
{
    version     2.0;
    format      ascii;
    arch        "LSB;label=32;scalar=64";
    class       surfaceScalarField;
    location    "3";
    object      meshPhi;
}
// * * * * * * * * * * * * * * * * * * * * * * * * * * * * * * * * * * * * * //

dimensions      [0 3 -1 0 0 0 0];

oriented        oriented;

internalField   nonuniform List<scalar> 
1755
(
4.67492e-22
3.4714e-08
-3.4714e-08
4.67492e-22
3.4714e-08
-3.4714e-08
-4.67492e-22
3.4714e-08
-3.4714e-08
1.22692e-36
3.4714e-08
-3.4714e-08
3.4714e-08
-3.4714e-08
1.8027e-21
6.5559e-08
-3.0845e-08
9.01348e-22
6.5559e-08
-3.0845e-08
1.8027e-21
6.5559e-08
-3.0845e-08
9.01348e-22
6.5559e-08
-3.0845e-08
6.5559e-08
-3.0845e-08
0
9.05895e-08
-2.50304e-08
-2.54581e-21
9.05895e-08
-2.50304e-08
0
9.05895e-08
-2.50304e-08
0
9.05895e-08
-2.50304e-08
9.05895e-08
-2.50304e-08
-5.28972e-37
1.08218e-07
-1.76285e-08
-5.28972e-37
1.08218e-07
-1.76285e-08
1.55751e-21
1.08218e-07
-1.76285e-08
0
1.08218e-07
-1.76285e-08
-5.28972e-37
1.08218e-07
-1.76285e-08
1.08218e-07
-1.76285e-08
-3.47248e-21
1.17323e-07
-9.10464e-09
-3.47248e-21
1.17323e-07
-9.10464e-09
-1.73624e-21
1.17323e-07
-9.10464e-09
-3.47248e-21
1.17323e-07
-9.10464e-09
-3.47248e-21
1.17323e-07
-9.10464e-09
1.17323e-07
-9.10464e-09
-1.79717e-21
1.17323e-07
4.74934e-22
1.79717e-21
1.17323e-07
7.68583e-22
-8.22846e-37
1.17323e-07
4.74159e-22
1.79717e-21
1.17323e-07
4.74934e-22
1.79717e-21
1.17323e-07
4.74756e-22
3.59434e-21
1.17323e-07
4.74934e-22
1.17323e-07
-1.73624e-21
1.08218e-07
9.10464e-09
-1.52814e-36
1.08218e-07
9.10464e-09
-3.47248e-21
1.08218e-07
9.10464e-09
-1.73624e-21
1.08218e-07
9.10464e-09
-1.52814e-36
1.08218e-07
9.10464e-09
-3.47248e-21
1.08218e-07
9.10464e-09
1.08218e-07
3.11502e-21
9.05895e-08
1.76285e-08
4.67253e-21
9.05895e-08
1.76285e-08
4.67253e-21
9.05895e-08
1.76285e-08
3.11502e-21
9.05895e-08
1.76285e-08
3.11502e-21
9.05895e-08
1.76285e-08
3.11502e-21
9.05895e-08
1.76285e-08
9.05895e-08
1.76285e-08
0
6.5559e-08
2.50304e-08
1.2729e-21
6.5559e-08
2.50304e-08
2.54581e-21
6.5559e-08
2.50304e-08
2.35099e-37
6.5559e-08
2.50304e-08
1.2729e-21
6.5559e-08
2.50304e-08
1.2729e-21
6.5559e-08
2.50304e-08
2.50304e-08
2.70404e-21
3.4714e-08
3.0845e-08
9.01348e-22
3.4714e-08
3.0845e-08
9.01348e-22
3.4714e-08
3.0845e-08
9.01348e-22
3.4714e-08
3.0845e-08
-3.82036e-37
3.4714e-08
3.0845e-08
3.4714e-08
3.0845e-08
6.02441e-37
3.4714e-08
-4.67492e-22
3.4714e-08
-4.67492e-22
3.4714e-08
-4.67492e-22
3.4714e-08
-9.34984e-22
3.4714e-08
3.4714e-08
9.01348e-22
3.0845e-08
-6.5559e-08
0
3.0845e-08
-6.5559e-08
0
3.0845e-08
-6.5559e-08
0
3.0845e-08
-6.5559e-08
9.01348e-22
3.0845e-08
-6.5559e-08
-6.5559e-08
-3.90736e-21
5.80257e-08
-5.80257e-08
-1.30245e-21
5.80257e-08
-5.80257e-08
-2.60491e-21
5.80257e-08
-5.80257e-08
-1.30245e-21
5.80257e-08
-5.80257e-08
5.80257e-08
-5.80257e-08
0
7.99557e-08
-4.69604e-08
-1.64631e-21
7.99557e-08
-4.69604e-08
-3.29262e-21
7.99557e-08
-4.69604e-08
-1.64631e-21
7.99557e-08
-4.69604e-08
-3.29262e-21
7.99557e-08
-4.69604e-08
7.99557e-08
-4.69604e-08
-3.81982e-21
9.53421e-08
-3.30149e-08
-5.72973e-21
9.53421e-08
-3.30149e-08
-3.81982e-21
9.53421e-08
-3.30149e-08
-3.81982e-21
9.53421e-08
-3.30149e-08
-1.90991e-21
9.53421e-08
-3.30149e-08
9.53421e-08
-3.30149e-08
-2.07554e-21
1.03272e-07
-1.70341e-08
-2.07554e-21
1.03272e-07
-1.70341e-08
-2.07554e-21
1.03272e-07
-1.70341e-08
-4.15107e-21
1.03272e-07
-1.70341e-08
-4.15107e-21
1.03272e-07
-1.70341e-08
1.03272e-07
-1.70341e-08
4.26403e-21
1.03272e-07
1.36743e-22
-1.58692e-36
1.03272e-07
1.47164e-22
2.13202e-21
1.03272e-07
1.36566e-22
-1.58692e-36
1.03272e-07
1.36905e-22
2.13202e-21
1.03272e-07
1.36905e-22
1.03272e-07
1.36743e-22
2.07554e-21
9.53421e-08
1.70341e-08
4.15107e-21
9.53421e-08
1.70341e-08
4.15107e-21
9.53421e-08
1.70341e-08
0
9.53421e-08
1.70341e-08
2.07554e-21
9.53421e-08
1.70341e-08
9.53421e-08
1.70341e-08
-5.72973e-21
7.99557e-08
3.30149e-08
-3.81982e-21
7.99557e-08
3.30149e-08
-5.72973e-21
7.99557e-08
3.30149e-08
-7.63965e-21
7.99557e-08
3.30149e-08
-7.63965e-21
7.99557e-08
3.30149e-08
-7.63965e-21
7.99557e-08
3.30149e-08
7.99557e-08
-1.64631e-21
5.80257e-08
4.69604e-08
-4.93893e-21
5.80257e-08
4.69604e-08
-1.64631e-21
5.80257e-08
4.69604e-08
-3.29262e-21
5.80257e-08
4.69604e-08
-3.29262e-21
5.80257e-08
4.69604e-08
-1.64631e-21
5.80257e-08
4.69604e-08
5.80257e-08
0
3.0845e-08
5.80257e-08
-2.60491e-21
3.0845e-08
5.80257e-08
-1.30245e-21
3.0845e-08
5.80257e-08
0
3.0845e-08
5.80257e-08
-3.32077e-36
3.0845e-08
5.80257e-08
-1.30245e-21
3.0845e-08
5.80257e-08
5.80257e-08
0
6.5559e-08
-6.17135e-37
6.5559e-08
-6.17135e-37
6.5559e-08
9.01348e-22
6.5559e-08
-9.01348e-22
6.5559e-08
6.5559e-08
-2.54581e-21
2.50304e-08
-9.05895e-08
2.54581e-21
2.50304e-08
-9.05895e-08
1.2729e-21
2.50304e-08
-9.05895e-08
1.2729e-21
2.50304e-08
-9.05895e-08
0
2.50304e-08
-9.05895e-08
-3.81871e-21
2.50304e-08
-9.05895e-08
-9.05895e-08
0
4.69604e-08
-7.99557e-08
-1.64631e-21
4.69604e-08
-7.99557e-08
1.64631e-21
4.69604e-08
-7.99557e-08
-3.29262e-21
4.69604e-08
-7.99557e-08
-3.29262e-21
4.69604e-08
-7.99557e-08
4.69604e-08
-7.99557e-08
-1.96677e-21
6.45823e-08
-6.45823e-08
4.4081e-37
6.45823e-08
-6.45823e-08
8.81621e-37
6.45823e-08
-6.45823e-08
4.4081e-37
6.45823e-08
-6.45823e-08
4.4081e-37
6.45823e-08
-6.45823e-08
6.45823e-08
-6.45823e-08
2.21265e-21
7.69129e-08
-4.53455e-08
4.42529e-21
7.69129e-08
-4.53455e-08
4.42529e-21
7.69129e-08
-4.53455e-08
2.21265e-21
7.69129e-08
-4.53455e-08
2.21265e-21
7.69129e-08
-4.53455e-08
7.69129e-08
-4.53455e-08
-2.36722e-21
8.32578e-08
-2.33789e-08
-4.73445e-21
8.32578e-08
-2.33789e-08
-4.73445e-21
8.32578e-08
-2.33789e-08
-7.10167e-21
8.32578e-08
-2.33789e-08
-4.70198e-37
8.32578e-08
-2.33789e-08
8.32578e-08
-2.33789e-08
7.25985e-21
8.32578e-08
3.8955e-22
4.8399e-21
8.32578e-08
2.25407e-22
7.25985e-21
8.32578e-08
3.8955e-22
4.11423e-37
8.32578e-08
3.8955e-22
0
8.32578e-08
3.89453e-22
8.32578e-08
3.8955e-22
-4.73445e-21
7.69129e-08
2.33789e-08
-5.87747e-38
7.69129e-08
2.33789e-08
-7.10167e-21
7.69129e-08
2.33789e-08
0
7.69129e-08
2.33789e-08
-4.73445e-21
7.69129e-08
2.33789e-08
7.69129e-08
4.42529e-21
6.45823e-08
4.53455e-08
2.21265e-21
6.45823e-08
4.53455e-08
2.21265e-21
6.45823e-08
4.53455e-08
2.21265e-21
6.45823e-08
4.53455e-08
2.21265e-21
6.45823e-08
4.53455e-08
6.45823e-08
4.53455e-08
0
4.69604e-08
6.45823e-08
0
4.69604e-08
6.45823e-08
1.96677e-21
4.69604e-08
6.45823e-08
3.93354e-21
4.69604e-08
6.45823e-08
1.96677e-21
4.69604e-08
6.45823e-08
4.69604e-08
6.45823e-08
1.64631e-21
2.50304e-08
7.99557e-08
1.64631e-21
2.50304e-08
7.99557e-08
0
2.50304e-08
7.99557e-08
1.64631e-21
2.50304e-08
7.99557e-08
1.64631e-21
2.50304e-08
7.99557e-08
1.64631e-21
2.50304e-08
7.99557e-08
0
9.05895e-08
0
9.05895e-08
0
9.05895e-08
0
9.05895e-08
0
9.05895e-08
9.05895e-08
-2.7918e-36
1.76285e-08
-1.08218e-07
1.55751e-21
1.76285e-08
-1.08218e-07
-1.55751e-21
1.76285e-08
-1.08218e-07
-2.7918e-36
1.76285e-08
-1.08218e-07
-1.55751e-21
1.76285e-08
-1.08218e-07
1.55751e-21
1.76285e-08
-1.08218e-07
1.76285e-08
-5.72973e-21
3.30149e-08
-9.53421e-08
-5.72973e-21
3.30149e-08
-9.53421e-08
-3.81982e-21
3.30149e-08
-9.53421e-08
-3.81982e-21
3.30149e-08
-9.53421e-08
-5.72973e-21
3.30149e-08
-9.53421e-08
-5.72973e-21
3.30149e-08
-9.53421e-08
5.43666e-37
4.53455e-08
-7.69129e-08
-4.42529e-21
4.53455e-08
-7.69129e-08
-2.21265e-21
4.53455e-08
-7.69129e-08
5.43666e-37
4.53455e-08
-7.69129e-08
1.08733e-36
4.53455e-08
-7.69129e-08
4.53455e-08
-2.4451e-21
5.3958e-08
-5.3958e-08
0
5.3958e-08
-5.3958e-08
-2.4451e-21
5.3958e-08
-5.3958e-08
-2.4451e-21
5.3958e-08
-5.3958e-08
2.4451e-21
5.3958e-08
-5.3958e-08
5.3958e-08
5.18262e-21
5.83852e-08
-2.78061e-08
2.59131e-21
5.83852e-08
-2.78061e-08
2.59131e-21
5.83852e-08
-2.78061e-08
-2.59131e-21
5.83852e-08
-2.78061e-08
-2.59131e-21
5.83852e-08
-2.78061e-08
5.83852e-08
-2.6412e-21
5.83852e-08
-1.10635e-22
-2.6412e-21
5.83852e-08
6.52213e-23
-2.6412e-21
5.83852e-08
-1.10466e-22
2.6412e-21
5.83852e-08
-1.10466e-22
-2.6412e-21
5.83852e-08
-1.10635e-22
5.18262e-21
5.3958e-08
2.78061e-08
2.59131e-21
5.3958e-08
2.78061e-08
2.59131e-21
5.3958e-08
2.78061e-08
2.59131e-21
5.3958e-08
2.78061e-08
5.3958e-08
2.78061e-08
-2.4451e-21
4.53455e-08
5.3958e-08
0
4.53455e-08
5.3958e-08
-2.4451e-21
4.53455e-08
5.3958e-08
-2.4451e-21
4.53455e-08
5.3958e-08
-2.4451e-21
4.53455e-08
5.3958e-08
4.53455e-08
2.21265e-21
3.30149e-08
7.69129e-08
6.63794e-21
3.30149e-08
7.69129e-08
2.21265e-21
3.30149e-08
7.69129e-08
6.63794e-21
3.30149e-08
7.69129e-08
2.21265e-21
3.30149e-08
7.69129e-08
3.30149e-08
1.90991e-21
1.76285e-08
9.53421e-08
8.22846e-37
1.76285e-08
9.53421e-08
8.22846e-37
1.76285e-08
9.53421e-08
1.90991e-21
1.76285e-08
9.53421e-08
-3.81982e-21
1.76285e-08
9.53421e-08
1.76285e-08
3.11502e-21
1.08218e-07
1.55751e-21
1.08218e-07
3.11502e-21
1.08218e-07
1.55751e-21
1.08218e-07
3.11502e-21
1.08218e-07
1.08218e-07
-1.73624e-21
9.10464e-09
-1.17323e-07
1.73624e-21
9.10464e-09
-1.17323e-07
-1.73624e-21
9.10464e-09
-1.17323e-07
-1.73624e-21
9.10464e-09
-1.17323e-07
0
9.10464e-09
-1.17323e-07
9.10464e-09
-1.17323e-07
4.15107e-21
1.70341e-08
-1.03272e-07
2.07554e-21
1.70341e-08
-1.03272e-07
4.15107e-21
1.70341e-08
-1.03272e-07
2.07554e-21
1.70341e-08
-1.03272e-07
4.15107e-21
1.70341e-08
-1.03272e-07
-1.03272e-07
0
2.33789e-08
-8.32578e-08
-1.32243e-37
2.33789e-08
-8.32578e-08
0
2.33789e-08
-8.32578e-08
0
2.33789e-08
-8.32578e-08
2.33789e-08
-2.59131e-21
2.78061e-08
-5.83852e-08
-7.49378e-37
2.78061e-08
-5.83852e-08
-7.77394e-21
2.78061e-08
-5.83852e-08
-1.29566e-20
2.78061e-08
-5.83852e-08
2.78061e-08
-2.73232e-21
3.00804e-08
-3.00804e-08
-2.73232e-21
3.00804e-08
-3.00804e-08
-2.05712e-37
3.00804e-08
-3.00804e-08
-5.46463e-21
3.00804e-08
-3.00804e-08
3.00804e-08
0
3.00804e-08
-6.76406e-23
2.93874e-38
3.00804e-08
-1.96455e-23
2.78043e-21
3.00804e-08
-6.77254e-23
5.87747e-38
3.00804e-08
-6.78991e-23
3.00804e-08
-6.77254e-23
-2.20405e-37
2.78061e-08
3.00804e-08
2.73232e-21
2.78061e-08
3.00804e-08
2.73232e-21
2.78061e-08
3.00804e-08
-2.20405e-37
2.78061e-08
3.00804e-08
2.78061e-08
3.00804e-08
5.18262e-21
2.33789e-08
5.83852e-08
7.77394e-21
2.33789e-08
5.83852e-08
2.59131e-21
2.33789e-08
5.83852e-08
5.18262e-21
2.33789e-08
5.83852e-08
2.33789e-08
5.83852e-08
-4.70198e-37
1.70341e-08
8.32578e-08
-4.73445e-21
1.70341e-08
8.32578e-08
-4.73445e-21
1.70341e-08
8.32578e-08
-4.70198e-37
1.70341e-08
8.32578e-08
1.70341e-08
8.32578e-08
-2.07554e-21
9.10464e-09
1.03272e-07
0
9.10464e-09
1.03272e-07
1.76324e-37
9.10464e-09
1.03272e-07
2.07554e-21
9.10464e-09
1.03272e-07
9.10464e-09
1.03272e-07
-1.73624e-21
1.17323e-07
-1.73624e-21
1.17323e-07
-5.76727e-37
1.17323e-07
-1.73624e-21
1.17323e-07
-1.73624e-21
1.17323e-07
-1.79717e-21
7.78842e-22
-1.17323e-07
1.79717e-21
1.05983e-21
-1.17323e-07
-1.79717e-21
7.79101e-22
-1.17323e-07
-7.59709e-37
7.78842e-22
-1.17323e-07
0
7.78584e-22
-1.17323e-07
7.78842e-22
4.26403e-21
1.36743e-22
-1.03272e-07
-1.44228e-36
-1.9387e-23
-1.03272e-07
0
1.36485e-22
-1.03272e-07
-1.44228e-36
1.37002e-22
-1.03272e-07
0
-1.03272e-07
-2.41995e-21
2.21271e-22
-8.32578e-08
2.41995e-21
2.18169e-22
-8.32578e-08
2.41995e-21
2.21271e-22
-8.32578e-08
2.21271e-22
-8.32578e-08
2.6412e-21
-2.01625e-23
-5.83852e-08
2.6412e-21
-1.10118e-22
-5.83852e-08
0
-2.06795e-23
-5.83852e-08
-2.01625e-23
-5.83852e-08
8.3413e-21
-4.4461e-23
-3.00804e-08
2.78043e-21
-4.3427e-23
-3.00804e-08
5.56087e-21
-4.4461e-23
-3.00804e-08
-4.4461e-23
-3.00804e-08
7.15092e-37
1.11669e-22
1.11152e-22
0
4.2393e-23
1.92154e-23
0
1.11152e-22
1.11152e-22
0
1.11152e-22
1.11068e-22
1.11152e-22
1.11152e-22
-2.78043e-21
-1.5613e-22
3.00804e-08
-2.78043e-21
-1.54579e-22
3.00804e-08
-7.34684e-39
-1.5613e-22
3.00804e-08
-7.34684e-39
-1.5613e-22
3.00804e-08
-1.5613e-22
3.00804e-08
2.6412e-21
-3.89809e-22
5.83852e-08
2.6412e-21
-3.89809e-22
5.83852e-08
-2.6412e-21
-3.89809e-22
5.83852e-08
2.6412e-21
-3.89809e-22
5.83852e-08
-3.89809e-22
5.83852e-08
-7.25985e-21
2.1972e-23
8.32578e-08
-2.41995e-21
-4.53657e-22
8.32578e-08
-2.41995e-21
2.2489e-23
8.32578e-08
-7.25985e-21
2.17135e-23
8.32578e-08
2.17135e-23
8.32578e-08
2.13202e-21
-4.74853e-22
1.03272e-07
4.26403e-21
-7.68244e-22
1.03272e-07
2.13202e-21
-4.74336e-22
1.03272e-07
4.26403e-21
-4.74853e-22
1.03272e-07
-4.74336e-22
1.03272e-07
-3.59434e-21
1.17323e-07
-7.51903e-37
1.17323e-07
0
1.17323e-07
-7.51903e-37
1.17323e-07
1.17323e-07
-5.92798e-37
-9.10464e-09
-1.08218e-07
-1.73624e-21
-9.10464e-09
-1.08218e-07
-5.92798e-37
-9.10464e-09
-1.08218e-07
-1.1856e-36
-9.10464e-09
-1.08218e-07
1.73624e-21
-9.10464e-09
-1.08218e-07
-9.10464e-09
-1.08218e-07
2.07554e-21
-1.70341e-08
-9.53421e-08
2.35099e-37
-1.70341e-08
-9.53421e-08
0
-1.70341e-08
-9.53421e-08
-2.07554e-21
-1.70341e-08
-9.53421e-08
2.35099e-37
-1.70341e-08
-9.53421e-08
-1.70341e-08
-9.53421e-08
-2.36722e-21
-2.33789e-08
-7.69129e-08
-4.84891e-37
-2.33789e-08
-7.69129e-08
-7.10167e-21
-2.33789e-08
-7.69129e-08
-4.73445e-21
-2.33789e-08
-7.69129e-08
-4.84891e-37
-2.33789e-08
-7.69129e-08
-2.33789e-08
-7.69129e-08
-5.18262e-21
-2.78061e-08
-5.3958e-08
-7.64071e-37
-2.78061e-08
-5.3958e-08
-2.59131e-21
-2.78061e-08
-5.3958e-08
2.59131e-21
-2.78061e-08
-5.3958e-08
-5.18262e-21
-2.78061e-08
-5.3958e-08
-2.78061e-08
-5.3958e-08
-2.73232e-21
-2.78061e-08
-2.20405e-37
-3.00804e-08
-2.78061e-08
-2.73232e-21
-3.00804e-08
-2.78061e-08
-2.20405e-37
-3.00804e-08
-2.78061e-08
-5.46463e-21
-3.00804e-08
-2.78061e-08
-3.00804e-08
-2.78061e-08
-5.56087e-21
-3.00804e-08
2.27475e-23
-5.56087e-21
-3.00804e-08
-1.53715e-22
-8.3413e-21
-3.00804e-08
2.28363e-23
-1.11217e-20
-3.00804e-08
2.28363e-23
-3.00804e-08
2.27475e-23
2.73232e-21
-2.78061e-08
2.78061e-08
0
-2.78061e-08
2.78061e-08
2.73232e-21
-2.78061e-08
2.78061e-08
-2.73232e-21
-2.78061e-08
2.78061e-08
-2.78061e-08
2.78061e-08
-2.59131e-21
-2.33789e-08
5.3958e-08
-2.59131e-21
-2.33789e-08
5.3958e-08
0
-2.33789e-08
5.3958e-08
0
-2.33789e-08
5.3958e-08
-2.33789e-08
5.3958e-08
-4.73445e-21
-1.70341e-08
7.69129e-08
-4.73445e-21
-1.70341e-08
7.69129e-08
-2.36722e-21
-1.70341e-08
7.69129e-08
0
-1.70341e-08
7.69129e-08
-1.70341e-08
7.69129e-08
-2.07554e-21
-9.10464e-09
9.53421e-08
-2.07554e-21
-9.10464e-09
9.53421e-08
2.35099e-37
-9.10464e-09
9.53421e-08
2.35099e-37
-9.10464e-09
9.53421e-08
-9.10464e-09
9.53421e-08
1.73624e-21
1.08218e-07
1.73624e-21
1.08218e-07
0
1.08218e-07
-1.62732e-36
1.08218e-07
1.08218e-07
3.11502e-21
-1.76285e-08
-9.05895e-08
-5.1933e-37
-1.76285e-08
-9.05895e-08
4.67253e-21
-1.76285e-08
-9.05895e-08
1.55751e-21
-1.76285e-08
-9.05895e-08
1.55751e-21
-1.76285e-08
-9.05895e-08
-1.76285e-08
-9.05895e-08
3.81982e-21
-3.30149e-08
-7.99557e-08
3.81982e-21
-3.30149e-08
-7.99557e-08
1.90991e-21
-3.30149e-08
-7.99557e-08
1.90991e-21
-3.30149e-08
-7.99557e-08
1.90991e-21
-3.30149e-08
-7.99557e-08
-3.30149e-08
-7.99557e-08
0
-4.53455e-08
-6.45823e-08
0
-4.53455e-08
-6.45823e-08
0
-4.53455e-08
-6.45823e-08
4.42529e-21
-4.53455e-08
-6.45823e-08
2.21265e-21
-4.53455e-08
-6.45823e-08
-4.53455e-08
-6.45823e-08
-2.4451e-21
-5.3958e-08
-4.53455e-08
-2.4451e-21
-5.3958e-08
-4.53455e-08
-3.52648e-37
-5.3958e-08
-4.53455e-08
-4.8902e-21
-5.3958e-08
-4.53455e-08
-3.52648e-37
-5.3958e-08
-4.53455e-08
-5.3958e-08
-4.53455e-08
0
-2.33789e-08
0
-5.83852e-08
-2.33789e-08
2.59131e-21
-5.83852e-08
-2.33789e-08
0
-5.83852e-08
-2.33789e-08
5.18262e-21
-5.83852e-08
-2.33789e-08
-5.83852e-08
-2.33789e-08
2.6412e-21
-5.83852e-08
-3.8955e-22
2.6412e-21
-5.83852e-08
-3.93509e-22
-2.6412e-21
-5.83852e-08
-3.8955e-22
2.6412e-21
-5.83852e-08
-3.8955e-22
-5.83852e-08
-3.89631e-22
-2.59131e-21
-5.3958e-08
2.33789e-08
2.59131e-21
-5.3958e-08
2.33789e-08
2.59131e-21
-5.3958e-08
2.33789e-08
-2.59131e-21
-5.3958e-08
2.33789e-08
-5.3958e-08
2.33789e-08
-4.8902e-21
-4.53455e-08
4.53455e-08
-2.4451e-21
-4.53455e-08
4.53455e-08
-7.3353e-21
-4.53455e-08
4.53455e-08
-2.4451e-21
-4.53455e-08
4.53455e-08
-4.53455e-08
4.53455e-08
0
-3.30149e-08
6.45823e-08
-2.21265e-21
-3.30149e-08
6.45823e-08
2.21265e-21
-3.30149e-08
6.45823e-08
0
-3.30149e-08
6.45823e-08
-3.30149e-08
6.45823e-08
-5.72973e-21
-1.76285e-08
7.99557e-08
-1.90991e-21
-1.76285e-08
7.99557e-08
-3.81982e-21
-1.76285e-08
7.99557e-08
-5.72973e-21
-1.76285e-08
7.99557e-08
-1.76285e-08
7.99557e-08
-2.71833e-36
9.05895e-08
1.55751e-21
9.05895e-08
-2.71833e-36
9.05895e-08
-2.71833e-36
9.05895e-08
9.05895e-08
-1.01019e-38
-2.50304e-08
-6.5559e-08
1.2729e-21
-2.50304e-08
-6.5559e-08
2.54581e-21
-2.50304e-08
-6.5559e-08
2.54581e-21
-2.50304e-08
-6.5559e-08
1.01019e-38
-2.50304e-08
-6.5559e-08
-2.50304e-08
-6.5559e-08
3.29262e-21
-4.69604e-08
-5.80257e-08
1.64631e-21
-4.69604e-08
-5.80257e-08
3.29262e-21
-4.69604e-08
-5.80257e-08
1.64631e-21
-4.69604e-08
-5.80257e-08
3.29262e-21
-4.69604e-08
-5.80257e-08
-4.69604e-08
-5.80257e-08
1.96677e-21
-6.45823e-08
-4.69604e-08
0
-6.45823e-08
-4.69604e-08
0
-6.45823e-08
-4.69604e-08
0
-6.45823e-08
-4.69604e-08
0
-6.45823e-08
-4.69604e-08
-6.45823e-08
-4.69604e-08
0
-7.69129e-08
-3.30149e-08
0
-7.69129e-08
-3.30149e-08
-2.21265e-21
-7.69129e-08
-3.30149e-08
4.42529e-21
-7.69129e-08
-3.30149e-08
-4.42529e-21
-7.69129e-08
-3.30149e-08
-7.69129e-08
-3.30149e-08
-2.36722e-21
-1.70341e-08
0
-8.32578e-08
-1.70341e-08
-1.17549e-37
-8.32578e-08
-1.70341e-08
-2.36722e-21
-8.32578e-08
-1.70341e-08
0
-8.32578e-08
-1.70341e-08
-8.32578e-08
-1.70341e-08
-2.41995e-21
-8.32578e-08
-1.36646e-22
2.41995e-21
-8.32578e-08
-1.39845e-22
4.11423e-37
-8.32578e-08
-1.37002e-22
-2.41995e-21
-8.32578e-08
-1.37002e-22
-8.32578e-08
-1.37002e-22
-5.28972e-37
-7.69129e-08
1.70341e-08
0
-7.69129e-08
1.70341e-08
4.73445e-21
-7.69129e-08
1.70341e-08
0
-7.69129e-08
1.70341e-08
-7.69129e-08
1.70341e-08
-4.42529e-21
-6.45823e-08
3.30149e-08
-4.42529e-21
-6.45823e-08
3.30149e-08
-6.63794e-21
-6.45823e-08
3.30149e-08
-2.21265e-21
-6.45823e-08
3.30149e-08
-6.45823e-08
3.30149e-08
3.93354e-21
-4.69604e-08
4.69604e-08
1.96677e-21
-4.69604e-08
4.69604e-08
1.96677e-21
-4.69604e-08
4.69604e-08
3.93354e-21
-4.69604e-08
4.69604e-08
-4.69604e-08
4.69604e-08
-1.64631e-21
-2.50304e-08
5.80257e-08
0
-2.50304e-08
5.80257e-08
-1.64631e-21
-2.50304e-08
5.80257e-08
-1.64631e-21
-2.50304e-08
5.80257e-08
-2.50304e-08
5.80257e-08
-1.2729e-21
6.5559e-08
1.2729e-21
6.5559e-08
1.2729e-21
6.5559e-08
-1.2729e-21
6.5559e-08
6.5559e-08
1.8027e-21
-3.0845e-08
-3.4714e-08
9.01348e-22
-3.0845e-08
-3.4714e-08
9.01348e-22
-3.0845e-08
-3.4714e-08
1.8027e-21
-3.0845e-08
-3.4714e-08
9.01348e-22
-3.0845e-08
-3.4714e-08
-3.0845e-08
-3.4714e-08
-1.30245e-21
-5.80257e-08
-3.0845e-08
1.30245e-21
-5.80257e-08
-3.0845e-08
-1.30245e-21
-5.80257e-08
-3.0845e-08
-2.60491e-21
-5.80257e-08
-3.0845e-08
-1.30245e-21
-5.80257e-08
-3.0845e-08
-5.80257e-08
-3.0845e-08
8.81621e-37
-7.99557e-08
-2.50304e-08
-3.29262e-21
-7.99557e-08
-2.50304e-08
0
-7.99557e-08
-2.50304e-08
0
-7.99557e-08
-2.50304e-08
-3.29262e-21
-7.99557e-08
-7.99557e-08
-5.72973e-21
-9.53421e-08
-1.76285e-08
-3.81982e-21
-9.53421e-08
-1.76285e-08
0
-9.53421e-08
-1.76285e-08
-3.81982e-21
-9.53421e-08
-1.76285e-08
-3.81982e-21
-9.53421e-08
-1.76285e-08
-9.53421e-08
4.15107e-21
-9.10464e-09
-2.07554e-21
-1.03272e-07
-9.10464e-09
-4.15107e-21
-1.03272e-07
-9.10464e-09
2.35099e-37
-1.03272e-07
-9.10464e-09
2.35099e-37
-1.03272e-07
-9.10464e-09
-1.03272e-07
4.26403e-21
-1.03272e-07
-4.74853e-22
2.13202e-21
-1.03272e-07
-7.68583e-22
2.13202e-21
-1.03272e-07
-4.74417e-22
4.26403e-21
-1.03272e-07
-4.74853e-22
-1.03272e-07
-4.74853e-22
-2.07554e-21
-9.53421e-08
9.10464e-09
-4.15107e-21
-9.53421e-08
9.10464e-09
-2.07554e-21
-9.53421e-08
9.10464e-09
-4.15107e-21
-9.53421e-08
9.10464e-09
-9.53421e-08
9.10464e-09
1.90991e-21
-7.99557e-08
1.76285e-08
5.72973e-21
-7.99557e-08
1.76285e-08
5.72973e-21
-7.99557e-08
1.76285e-08
3.81982e-21
-7.99557e-08
1.76285e-08
-7.99557e-08
1.76285e-08
1.64631e-21
-5.80257e-08
2.50304e-08
4.93893e-21
-5.80257e-08
2.50304e-08
1.64631e-21
-5.80257e-08
2.50304e-08
3.29262e-21
-5.80257e-08
2.50304e-08
-5.80257e-08
2.50304e-08
0
-3.0845e-08
3.0845e-08
-3.262e-36
-3.0845e-08
3.0845e-08
-2.60491e-21
-3.0845e-08
3.0845e-08
0
-3.0845e-08
3.0845e-08
-3.0845e-08
3.0845e-08
9.01348e-22
3.4714e-08
0
3.4714e-08
0
3.4714e-08
0
3.4714e-08
3.4714e-08
9.34984e-22
-3.4714e-08
5.59278e-37
-3.4714e-08
0
-3.4714e-08
0
-3.4714e-08
9.34984e-22
-3.4714e-08
-3.4714e-08
1.8027e-21
-6.5559e-08
0
-6.5559e-08
0
-6.5559e-08
9.01348e-22
-6.5559e-08
9.01348e-22
3.81871e-21
-9.05895e-08
2.54581e-21
-9.05895e-08
1.2729e-21
-9.05895e-08
-9.05895e-08
4.67253e-21
-1.08218e-07
4.67253e-21
-1.08218e-07
3.11502e-21
-1.08218e-07
3.11502e-21
-1.08218e-07
-1.08218e-07
-1.52814e-36
-5.20871e-21
-1.17323e-07
-1.52814e-36
-1.17323e-07
-1.73624e-21
-1.17323e-07
-1.17323e-07
0
-1.17323e-07
1.79717e-21
-1.17323e-07
1.79717e-21
-1.17323e-07
-7.64071e-37
-1.17323e-07
-1.17323e-07
1.73624e-21
-1.08218e-07
1.73624e-21
-1.08218e-07
3.47248e-21
-1.08218e-07
3.47248e-21
-1.08218e-07
-1.08218e-07
3.11502e-21
-9.05895e-08
1.55751e-21
-9.05895e-08
1.55751e-21
-9.05895e-08
3.11502e-21
-9.05895e-08
-9.05895e-08
-1.2729e-21
-6.5559e-08
-1.2729e-21
-6.5559e-08
-1.2729e-21
-6.5559e-08
-5.87747e-38
-6.5559e-08
-6.5559e-08
-9.01348e-22
-3.4714e-08
-9.01348e-22
-3.4714e-08
0
-3.4714e-08
-9.01348e-22
-3.4714e-08
-3.4714e-08
4.67492e-22
-9.34984e-22
0
4.67492e-22
)
;

boundaryField
{
    inlet
    {
        type            calculated;
        value           nonuniform List<scalar> 0();
    }
    ami1
    {
        type            cyclicAMI;
        value           nonuniform List<scalar> 0();
    }
    walls
    {
        type            calculated;
        value           nonuniform List<scalar> 
250
(
-2.90979e-14
-2.43942e-14
-1.84387e-14
-1.28555e-14
-6.40674e-15
-1.34856e-21
6.40674e-15
1.28555e-14
1.84387e-14
2.43942e-14
2.90979e-14
-2.90979e-14
-2.43942e-14
-1.84387e-14
-1.28555e-14
-6.40674e-15
-1.0774e-21
6.40674e-15
1.28555e-14
1.84387e-14
2.43942e-14
2.90979e-14
-2.90979e-14
-2.43942e-14
-1.84387e-14
-1.28555e-14
-6.40674e-15
-1.34856e-21
6.40674e-15
1.28555e-14
1.84387e-14
2.43942e-14
2.90979e-14
-2.90979e-14
-2.43942e-14
-1.84387e-14
-1.28555e-14
-6.40674e-15
-1.34856e-21
6.40674e-15
1.28555e-14
1.84387e-14
2.43942e-14
2.90979e-14
-2.90979e-14
-2.43942e-14
-1.84387e-14
-1.28555e-14
-6.40674e-15
-1.34856e-21
6.40674e-15
1.28555e-14
1.84387e-14
2.43942e-14
2.90979e-14
-1.28555e-14
-6.40674e-15
-1.3483e-21
6.40674e-15
1.28555e-14
1.84387e-14
2.43942e-14
2.90979e-14
-1.34856e-21
6.40674e-15
1.28555e-14
1.84387e-14
-2.90979e-14
-2.43942e-14
-1.84387e-14
-1.28555e-14
-6.40674e-15
-1.34856e-21
6.40674e-15
1.28555e-14
1.84387e-14
2.43942e-14
2.90979e-14
-2.90979e-14
-2.43942e-14
-1.84387e-14
-1.28555e-14
-6.40674e-15
-1.0774e-21
6.40674e-15
1.28555e-14
1.84387e-14
2.43942e-14
2.90979e-14
-2.90979e-14
-2.43942e-14
-1.84387e-14
-1.28555e-14
-6.40674e-15
-1.34856e-21
6.40674e-15
1.28555e-14
1.84387e-14
2.43942e-14
2.90979e-14
-2.90979e-14
-2.43942e-14
-1.84387e-14
-1.28555e-14
-6.40674e-15
-1.34856e-21
6.40674e-15
1.28555e-14
1.84387e-14
2.43942e-14
2.90979e-14
-2.90979e-14
-2.43942e-14
-1.84387e-14
-1.28555e-14
-6.40674e-15
-1.34856e-21
6.40674e-15
1.28555e-14
1.84387e-14
2.43942e-14
2.90979e-14
-2.90979e-14
-2.43942e-14
-1.84387e-14
-1.28555e-14
-6.40674e-15
2.90979e-14
2.43942e-14
1.84387e-14
1.28555e-14
6.40674e-15
2.90979e-14
2.43942e-14
1.84387e-14
1.28555e-14
6.40674e-15
-8.11493e-22
-6.40674e-15
-1.28555e-14
-1.84387e-14
-2.43942e-14
-2.90979e-14
2.90979e-14
2.43942e-14
1.84387e-14
1.28555e-14
6.40674e-15
-8.21752e-22
-6.40674e-15
-1.28555e-14
-1.84387e-14
-2.43942e-14
-2.90979e-14
2.90979e-14
2.43942e-14
1.84387e-14
1.28555e-14
6.40674e-15
-8.11316e-22
-6.40674e-15
-1.28555e-14
-1.84387e-14
-2.43942e-14
-2.90979e-14
2.90979e-14
2.43942e-14
1.28555e-14
6.40674e-15
-8.11316e-22
-6.40674e-15
-1.28555e-14
-1.84387e-14
-2.43942e-14
-2.90979e-14
2.90979e-14
2.43942e-14
-8.11316e-22
-6.40674e-15
-1.28555e-14
-1.84387e-14
-2.43942e-14
-2.90979e-14
-6.40674e-15
-1.28555e-14
-1.84387e-14
-2.43942e-14
-2.90979e-14
2.90979e-14
2.43942e-14
1.84387e-14
1.28555e-14
6.40674e-15
-8.11493e-22
-6.40674e-15
-1.28555e-14
-1.84387e-14
-2.43942e-14
-2.90979e-14
2.90979e-14
2.43942e-14
1.84387e-14
1.28555e-14
6.40674e-15
-8.21752e-22
-6.40674e-15
-1.28555e-14
-1.84387e-14
-2.43942e-14
-2.90979e-14
2.90979e-14
2.43942e-14
1.84387e-14
1.28555e-14
6.40674e-15
-8.11316e-22
-6.40674e-15
-1.28555e-14
-1.84387e-14
-2.43942e-14
-2.90979e-14
2.90979e-14
2.43942e-14
1.84387e-14
1.28555e-14
6.40674e-15
-8.11316e-22
-6.40674e-15
-1.28555e-14
-1.84387e-14
-2.43942e-14
-2.90979e-14
2.90979e-14
2.43942e-14
1.84387e-14
1.28555e-14
6.40674e-15
-8.11316e-22
-6.40674e-15
-1.28555e-14
-1.84387e-14
-2.43942e-14
-2.90979e-14
2.43942e-14
1.84387e-14
1.28555e-14
6.40674e-15
-8.11316e-22
1.84387e-14
1.28555e-14
)
;
    }
    ami2
    {
        type            cyclicAMI;
        value           nonuniform List<scalar> 0();
    }
    outlet
    {
        type            calculated;
        value           nonuniform List<scalar> 0();
    }
    procBoundary5to6
    {
        type            processor;
        value           nonuniform List<scalar> 
177
(
6.13461e-37
3.4714e-08
5.87747e-37
2.54581e-21
-9.05895e-08
2.50304e-08
0
-3.47248e-21
-1.17323e-07
3.59434e-21
4.74934e-22
-3.47248e-21
9.10464e-09
3.11502e-21
1.2729e-21
6.5559e-08
0
-3.0845e-08
-4.67492e-22
9.01348e-22
3.0845e-08
6.5559e-08
-2.60491e-21
-5.80257e-08
5.80257e-08
0
-5.72973e-21
-2.07554e-21
2.13202e-21
2.07554e-21
-9.53421e-08
-3.81982e-21
3.30149e-08
-3.29262e-21
4.69604e-08
1.30245e-21
3.0845e-08
-9.01348e-22
0
2.50304e-08
0
7.99557e-08
4.4081e-37
2.21265e-21
-4.73445e-21
7.25985e-21
0
2.33789e-08
2.21265e-21
3.93354e-21
-4.69604e-08
5.5836e-37
2.50304e-08
7.99557e-08
0
-2.7918e-36
-1.08218e-07
-1.90991e-21
3.30149e-08
-9.53421e-08
-4.42529e-21
-7.69129e-08
-2.4451e-21
-5.3958e-08
-2.59131e-21
-2.78061e-08
-1.20488e-36
5.83852e-08
-1.10207e-22
2.59131e-21
-5.3958e-08
-2.4451e-21
5.3958e-08
6.63794e-21
7.69129e-08
8.22846e-37
9.53421e-08
0
-1.55294e-36
2.07554e-21
1.70341e-08
4.73445e-21
-8.32578e-08
-7.77394e-21
-5.83852e-08
-2.73232e-21
-3.00804e-08
2.93874e-38
-2.20405e-37
0
-4.70198e-37
-2.07554e-21
-9.10464e-09
1.73624e-21
1.17323e-07
-7.59709e-37
-1.17323e-07
1.37002e-22
-1.44228e-36
1.37002e-22
-1.03272e-07
2.41995e-21
8.32578e-08
2.6412e-21
5.83852e-08
5.56087e-21
1.11152e-22
3.00804e-08
7.15092e-37
-2.78043e-21
2.6412e-21
-7.25985e-21
4.26403e-21
-1.79717e-21
1.73624e-21
-4.15107e-21
-4.84891e-37
-5.18262e-21
-2.73232e-21
-2.78043e-21
5.46463e-21
0
-4.73445e-21
2.07554e-21
0
4.67253e-21
1.90991e-21
-2.21265e-21
0
2.59131e-21
-2.6412e-21
-2.59131e-21
-7.3353e-21
0
-3.81982e-21
-1.55751e-21
1.01019e-38
3.29262e-21
1.96677e-21
0
0
4.11423e-37
0
-4.42529e-21
1.96677e-21
-1.64631e-21
0
5.96931e-37
-2.60491e-21
-2.50304e-08
-1.64631e-21
-2.50304e-08
-7.63965e-21
-1.76285e-08
2.07554e-21
-9.10464e-09
-3.05629e-36
-4.15107e-21
1.90991e-21
3.29262e-21
2.60491e-21
9.01348e-22
-4.67492e-22
-6.5559e-08
-3.96729e-37
-6.5559e-08
3.81871e-21
9.05895e-08
4.67253e-21
-1.52814e-36
1.17323e-07
-1.79717e-21
3.47248e-21
1.55751e-21
-5.87747e-38
0
-4.67492e-22
)
;
    }
    procBoundary5to7
    {
        type            processor;
        value           nonuniform List<scalar> 
131
(
4.67492e-22
-5.82237e-37
2.54581e-21
1.55751e-21
-5.20871e-21
8.19632e-37
1.5286e-36
0
-2.54581e-21
-9.01348e-22
-6.00604e-37
-1.8027e-21
1.30245e-21
-4.93893e-21
-8.22846e-37
4.15107e-21
4.26403e-21
-4.15107e-21
5.72973e-21
-8.22846e-37
1.30245e-21
-9.01348e-22
0
-8.81621e-37
-9.40395e-37
2.21265e-21
4.73445e-21
-2.41995e-21
8.81621e-38
-6.63794e-21
-1.96677e-21
-3.29262e-21
0
2.76241e-36
1.90991e-21
-4.42529e-21
2.4451e-21
-2.59131e-21
2.6412e-21
5.18262e-21
2.4451e-21
-2.21265e-21
-8.22846e-37
5.87747e-37
1.64569e-36
-2.07554e-21
4.73445e-21
-5.18262e-21
2.73232e-21
5.56087e-21
2.73232e-21
7.64071e-37
4.73445e-21
-2.35099e-37
1.73624e-21
3.59434e-21
1.17323e-07
1.70447e-36
1.03272e-07
-3.52648e-37
8.32578e-08
0
5.83852e-08
5.56087e-21
3.00804e-08
-7.15092e-37
0
1.20488e-36
2.41995e-21
-2.13202e-21
1.79717e-21
5.20871e-21
2.07554e-21
2.36722e-21
-2.59131e-21
-2.73232e-21
-3.00804e-08
-2.78043e-21
1.91018e-37
2.59131e-21
1.17549e-37
-4.15107e-21
1.58692e-36
-3.11502e-21
-1.90991e-21
9.40395e-37
-2.93874e-37
7.34684e-37
-5.83852e-08
2.6412e-21
0
4.8902e-21
-4.99585e-37
5.72973e-21
-1.55751e-21
1.2729e-21
-3.29262e-21
-3.93354e-21
2.21265e-21
0
-8.32578e-08
-3.80658e-37
5.87747e-37
2.21265e-21
1.96677e-21
1.64631e-21
1.2729e-21
0
1.30245e-21
3.29262e-21
1.90991e-21
-4.15107e-21
-1.03272e-07
2.13202e-21
-2.07554e-21
1.90991e-21
3.29262e-21
3.29138e-36
-1.8027e-21
4.67492e-22
3.82036e-37
2.54581e-21
1.55751e-21
1.62732e-36
-1.17323e-07
-1.79717e-21
3.47248e-21
1.55751e-21
1.2729e-21
-9.01348e-22
-5.73053e-37
)
;
    }
}


// ************************************************************************* //
