/*--------------------------------*- C++ -*----------------------------------*\
| =========                 |                                                 |
| \\      /  F ield         | OpenFOAM: The Open Source CFD Toolbox           |
|  \\    /   O peration     | Version:  2212                                  |
|   \\  /    A nd           | Website:  www.openfoam.com                      |
|    \\/     M anipulation  |                                                 |
\*---------------------------------------------------------------------------*/
FoamFile
{
    version     2.0;
    format      ascii;
    arch        "LSB;label=32;scalar=64";
    class       labelList;
    location    "constant/polyMesh";
    object      pointProcAddressing;
}
// * * * * * * * * * * * * * * * * * * * * * * * * * * * * * * * * * * * * * //


974
(
2545
2546
2547
2548
2549
2550
2551
2552
2553
2586
2587
2588
2589
2590
2591
2592
2593
2594
2626
2627
2628
2629
2630
2631
2632
2633
2634
2635
2664
2665
2666
2667
2668
2669
2670
2671
2672
2673
2674
2675
2676
2705
2706
2707
2708
2709
2710
2711
2712
2713
2714
2715
2716
2717
2746
2747
2748
2749
2750
2751
2752
2753
2754
2755
2756
2757
2758
2787
2788
2789
2790
2791
2792
2793
2794
2795
2796
2797
2798
2799
2828
2829
2830
2831
2832
2833
2834
2835
2836
2837
2838
2839
2840
2869
2870
2871
2872
2873
2874
2875
2876
2877
2878
2879
2880
2881
2910
2911
2912
2913
2914
2915
2916
2917
2918
2919
2920
2921
2951
2952
2953
2954
2955
2956
2957
2958
2959
2960
2961
2962
2992
2993
2994
2995
2996
2997
2998
2999
3000
3001
3002
3003
3037
3038
3039
3040
3041
3042
3043
3044
3045
3078
3079
3080
3081
3082
3083
3084
3085
3086
3118
3119
3120
3121
3122
3123
3124
3125
3126
3127
3156
3157
3158
3159
3160
3161
3162
3163
3164
3165
3166
3167
3168
3197
3198
3199
3200
3201
3202
3203
3204
3205
3206
3207
3208
3209
3238
3239
3240
3241
3242
3243
3244
3245
3246
3247
3248
3249
3250
3279
3280
3281
3282
3283
3284
3285
3286
3287
3288
3289
3290
3291
3320
3321
3322
3323
3324
3325
3326
3327
3328
3329
3330
3331
3332
3361
3362
3363
3364
3365
3366
3367
3368
3369
3370
3371
3372
3373
3402
3403
3404
3405
3406
3407
3408
3409
3410
3411
3412
3413
3443
3444
3445
3446
3447
3448
3449
3450
3451
3452
3453
3454
3484
3485
3486
3487
3488
3489
3490
3491
3492
3493
3494
3495
3528
3529
3530
3531
3532
3533
3534
3535
3536
3537
3569
3570
3571
3572
3573
3574
3575
3576
3577
3578
3610
3611
3612
3613
3614
3615
3616
3617
3618
3619
3648
3649
3650
3651
3652
3653
3654
3655
3656
3657
3658
3659
3660
3689
3690
3691
3692
3693
3694
3695
3696
3697
3698
3699
3700
3701
3730
3731
3732
3733
3734
3735
3736
3737
3738
3739
3740
3741
3742
3771
3772
3773
3774
3775
3776
3777
3778
3779
3780
3781
3782
3783
3812
3813
3814
3815
3816
3817
3818
3819
3820
3821
3822
3823
3824
3853
3854
3855
3856
3857
3858
3859
3860
3861
3862
3863
3864
3865
3894
3895
3896
3897
3898
3899
3900
3901
3902
3903
3904
3905
3935
3936
3937
3938
3939
3940
3941
3942
3943
3944
3945
3946
3976
3977
3978
3979
3980
3981
3982
3983
3984
3985
3986
3987
4020
4021
4022
4023
4024
4025
4026
4027
4028
4029
4061
4062
4063
4064
4065
4066
4067
4068
4069
4070
4102
4103
4104
4105
4106
4107
4108
4109
4110
4111
4140
4141
4142
4143
4144
4145
4146
4147
4148
4149
4150
4151
4152
4181
4182
4183
4184
4185
4186
4187
4188
4189
4190
4191
4192
4193
4222
4223
4224
4225
4226
4227
4228
4229
4230
4231
4232
4233
4234
4263
4264
4265
4266
4267
4268
4269
4270
4271
4272
4273
4274
4275
4304
4305
4306
4307
4308
4309
4310
4311
4312
4313
4314
4315
4316
4345
4346
4347
4348
4349
4350
4351
4352
4353
4354
4355
4356
4357
4386
4387
4388
4389
4390
4391
4392
4393
4394
4395
4396
4397
4427
4428
4429
4430
4431
4432
4433
4434
4435
4436
4437
4438
4468
4469
4470
4471
4472
4473
4474
4475
4476
4477
4478
4479
4512
4513
4514
4515
4516
4517
4518
4519
4520
4521
4553
4554
4555
4556
4557
4558
4559
4560
4561
4562
4594
4595
4596
4597
4598
4599
4600
4601
4602
4603
4632
4633
4634
4635
4636
4637
4638
4639
4640
4641
4642
4643
4644
4673
4674
4675
4676
4677
4678
4679
4680
4681
4682
4683
4684
4685
4714
4715
4716
4717
4718
4719
4720
4721
4722
4723
4724
4725
4726
4755
4756
4757
4758
4759
4760
4761
4762
4763
4764
4765
4766
4767
4796
4797
4798
4799
4800
4801
4802
4803
4804
4805
4806
4807
4808
4837
4838
4839
4840
4841
4842
4843
4844
4845
4846
4847
4848
4849
4878
4879
4880
4881
4882
4883
4884
4885
4886
4887
4888
4889
4919
4920
4921
4922
4923
4924
4925
4926
4927
4928
4929
4930
4960
4961
4962
4963
4964
4965
4966
4967
4968
4969
4970
4971
5004
5005
5006
5007
5008
5009
5010
5011
5012
5013
5045
5046
5047
5048
5049
5050
5051
5052
5053
5054
5086
5087
5088
5089
5090
5091
5092
5093
5094
5095
5124
5125
5126
5127
5128
5129
5130
5131
5132
5133
5134
5135
5136
5165
5166
5167
5168
5169
5170
5171
5172
5173
5174
5175
5176
5177
5206
5207
5208
5209
5210
5211
5212
5213
5214
5215
5216
5217
5218
5247
5248
5249
5250
5251
5252
5253
5254
5255
5256
5257
5258
5259
5288
5289
5290
5291
5292
5293
5294
5295
5296
5297
5298
5299
5300
5329
5330
5331
5332
5333
5334
5335
5336
5337
5338
5339
5340
5341
5370
5371
5372
5373
5374
5375
5376
5377
5378
5379
5380
5381
5411
5412
5413
5414
5415
5416
5417
5418
5419
5420
5421
5422
5452
5453
5454
5455
5456
5457
5458
5459
5460
5461
5462
5463
5616
5617
5618
5619
5620
5621
5622
5623
5624
5625
5626
5627
5628
5657
5658
5659
5660
5661
5662
5663
5664
5665
5666
5667
5668
5669
5698
5699
5700
5701
5702
5703
5704
5705
5706
5707
5708
5709
5710
5739
5740
5741
5742
5743
5744
5745
5746
5747
5748
5749
5750
5751
5780
5781
5782
5783
5784
5785
5786
5787
5788
5789
5790
5791
5792
5821
5822
5823
5824
5825
5826
5827
5828
5829
5830
5831
5832
5833
5862
5863
5864
5865
5866
5867
5868
5869
5870
5871
5872
5873
5903
5904
5905
5906
5907
5908
5909
5910
5911
5912
5913
5914
5944
5945
5946
5947
5948
5949
5950
5951
5952
5953
5954
5955
)


// ************************************************************************* //
