/*--------------------------------*- C++ -*----------------------------------*\
| =========                 |                                                 |
| \\      /  F ield         | OpenFOAM: The Open Source CFD Toolbox           |
|  \\    /   O peration     | Version:  2212                                  |
|   \\  /    A nd           | Website:  www.openfoam.com                      |
|    \\/     M anipulation  |                                                 |
\*---------------------------------------------------------------------------*/
FoamFile
{
    version     2.0;
    format      ascii;
    arch        "LSB;label=32;scalar=64";
    class       surfaceVectorField;
    location    "0.8";
    object      Uf;
}
// * * * * * * * * * * * * * * * * * * * * * * * * * * * * * * * * * * * * * //

dimensions      [0 1 -1 0 0 0 0];

internalField   nonuniform List<vector> 
1786
(
(0.0801639 -0.00049718 0.000362514)
(0.0784059 -0.000536736 0.00036531)
(0.0917052 -0.000550417 0.000380302)
(0.0798079 -0.000475101 0.000369723)
(0.0779936 -0.000505018 0.000376192)
(0.0915726 -0.000527412 0.000393117)
(0.079454 -0.000446523 0.000365068)
(0.077592 -0.000469207 0.000373607)
(0.0914266 -0.000498265 0.000394135)
(0.0791107 -0.000414593 0.000352423)
(0.0772062 -0.000432494 0.000362099)
(0.0912731 -0.000465349 0.000386165)
(0.0787834 -0.000381177 0.000334496)
(0.0768424 -0.00039551 0.000344671)
(0.091118 -0.000430445 0.000371821)
(0.0784751 -0.00034801 0.000313317)
(0.0765035 -0.00035911 0.000323596)
(0.0909652 -0.000395293 0.000353372)
(0.0781871 -0.000316679 0.000290506)
(0.0761895 -0.000324875 0.000300385)
(0.0908171 -0.000361827 0.000332718)
(0.0779199 -0.000288127 0.000267125)
(0.0759003 -0.000294239 0.000276187)
(0.0906748 -0.000331516 0.000311503)
(0.0776724 -0.000263216 0.000243937)
(0.0756334 -0.000267132 0.000251827)
(0.0905399 -0.000304544 0.000290346)
(0.0774461 -0.000243861 0.000222356)
(0.075392 -0.000245645 0.000228078)
(0.0904137 -0.000279041 0.000268071)
(0.0751775 -0.000232605 0.00020643)
(0.0902995 -0.000250359 0.000241383)
(0.0762832 -0.000542083 0.000380631)
(0.0726229 -0.000521844 0.000391081)
(0.0887064 -0.000677758 0.000344346)
(0.0758228 -0.000497311 0.000381397)
(0.0721078 -0.000474586 0.000389662)
(0.0884598 -0.000620338 0.000361681)
(0.0753883 -0.000453606 0.000371945)
(0.0716303 -0.000431863 0.000377408)
(0.0882215 -0.000565741 0.000365977)
(0.0749834 -0.000411698 0.000355925)
(0.0711894 -0.000393157 0.000358239)
(0.0879939 -0.000513912 0.000360636)
(0.0746089 -0.000371492 0.000335665)
(0.0707861 -0.000355264 0.000335461)
(0.0877799 -0.000464473 0.000348634)
(0.0742648 -0.000334041 0.000312609)
(0.0704224 -0.000318674 0.00031032)
(0.0875804 -0.000418379 0.000332125)
(0.0739496 -0.000300868 0.000287712)
(0.0700907 -0.000284938 0.000283368)
(0.0873952 -0.00037744 0.000312329)
(0.0736619 -0.000272205 0.000262072)
(0.0697941 -0.000256172 0.000255665)
(0.0872228 -0.000342467 0.000290791)
(0.0733987 -0.00024847 0.000237205)
(0.0695189 -0.000232645 0.000229699)
(0.0870639 -0.00031289 0.000269758)
(0.0731583 -0.000232185 0.000214403)
(0.0692752 -0.000214644 0.000207173)
(0.0869169 -0.000284953 0.0002487)
(0.0690576 -0.000203278 0.000186689)
(0.0867875 -0.000250464 0.000222373)
(0.0687179 -0.000451218 0.000403982)
(0.0632636 -0.000376625 0.000370417)
(0.0826509 -0.000644861 0.000361249)
(0.0681828 -0.000408142 0.000388482)
(0.0627232 -0.000340846 0.000353528)
(0.082289 -0.000578723 0.000362018)
(0.0676985 -0.000372346 0.000365352)
(0.0622391 -0.000312297 0.000329098)
(0.0819615 -0.000522126 0.000352471)
(0.0672625 -0.000340048 0.000337802)
(0.0617951 -0.000287058 0.000300296)
(0.0816663 -0.000471194 0.000335505)
(0.0668706 -0.000308162 0.000308466)
(0.0614002 -0.000259462 0.000269272)
(0.0813996 -0.000424581 0.000315094)
(0.0665195 -0.000276289 0.000278773)
(0.0610443 -0.000230835 0.000239346)
(0.0811629 -0.000380209 0.000292555)
(0.0662053 -0.000246199 0.000249648)
(0.0607293 -0.00020422 0.000211941)
(0.0809485 -0.000339196 0.000268405)
(0.0659228 -0.000220736 0.000222936)
(0.0604473 -0.000178936 0.000187014)
(0.0807557 -0.000301489 0.000243702)
(0.0656648 -0.00020176 0.000199999)
(0.0601919 -0.000159615 0.000166479)
(0.0805756 -0.000272559 0.000222539)
(0.0654285 -0.000188272 0.000179923)
(0.0599654 -0.000147637 0.000149191)
(0.0804168 -0.000249246 0.000203917)
(0.0597634 -0.000135567 0.000133698)
(0.0802778 -0.000212376 0.00017998)
(0.0585241 -0.000335912 0.000326176)
(0.0509439 -0.000230469 0.000241521)
(0.0736942 -0.000559108 0.000305299)
(0.0579693 -0.000304788 0.000309298)
(0.0504127 -0.000208922 0.000228293)
(0.0732266 -0.000498936 0.000295485)
(0.0574707 -0.000277844 0.000286625)
(0.0499406 -0.000190121 0.000211761)
(0.0728159 -0.00044982 0.000280713)
(0.0570227 -0.000253775 0.000259829)
(0.0495191 -0.000173363 0.000192685)
(0.0724535 -0.000402373 0.000260118)
(0.0566205 -0.000227296 0.000230858)
(0.0491367 -0.0001568 0.000172349)
(0.0721224 -0.000357447 0.000236764)
(0.0562599 -0.000197794 0.000202099)
(0.0487991 -0.000139595 0.00015194)
(0.0718301 -0.000317619 0.000213947)
(0.0559381 -0.000170876 0.000176086)
(0.0484901 -0.000123072 0.000133096)
(0.0715713 -0.00028261 0.000192325)
(0.0556514 -0.000147193 0.000153311)
(0.0482171 -0.000108146 0.000116589)
(0.0713413 -0.000251274 0.000172163)
(0.055398 -0.000127649 0.00013409)
(0.0479705 -9.31458e-05 0.000102296)
(0.0711361 -0.000220721 0.00015346)
(0.0551689 -0.000114158 0.000119157)
(0.0477516 -8.28947e-05 9.04916e-05)
(0.0709483 -0.00020006 0.000138029)
(0.0549586 -0.000102258 0.000106674)
(0.0475546 -7.28857e-05 8.21749e-05)
(0.0707813 -0.000178719 0.000124792)
(0.0473889 -6.0105e-05 7.35708e-05)
(0.0706319 -0.00014321 0.000109339)
(0.0443792 -0.000103072 0.000171294)
(0.0352419 -6.13054e-05 0.000105302)
(0.0589864 -0.000282752 0.000182658)
(0.0439218 -9.00097e-05 0.000158723)
(0.0348404 -5.28239e-05 9.84174e-05)
(0.0584998 -0.000248852 0.000167075)
(0.0435104 -7.96178e-05 0.00014482)
(0.034481 -4.62075e-05 9.07178e-05)
(0.0580729 -0.000222008 0.000151342)
(0.0431442 -6.95062e-05 0.00013056)
(0.0341589 -3.95488e-05 8.27815e-05)
(0.057689 -0.000192915 0.000135552)
(0.0428198 -6.01814e-05 0.000117157)
(0.0338743 -3.25478e-05 7.53866e-05)
(0.0573471 -0.000165078 0.000121138)
(0.0425275 -5.29691e-05 0.000105077)
(0.0336225 -2.62826e-05 6.91714e-05)
(0.057042 -0.000145623 0.000109121)
(0.0422615 -4.66866e-05 9.39103e-05)
(0.0333947 -2.15197e-05 6.34808e-05)
(0.0567656 -0.000132071 9.8582e-05)
(0.0420215 -4.02575e-05 8.37969e-05)
(0.0331897 -1.77753e-05 5.77692e-05)
(0.0565159 -0.00011887 8.87641e-05)
(0.0418082 -3.45781e-05 7.51286e-05)
(0.0330074 -1.42267e-05 5.27488e-05)
(0.0562921 -0.000105562 8.03465e-05)
(0.0416146 -2.89041e-05 6.82493e-05)
(0.0328445 -1.16341e-05 4.8434e-05)
(0.0560893 -9.49382e-05 7.32347e-05)
(0.041441 -1.95163e-05 6.23518e-05)
(0.0326974 -8.14818e-06 4.53655e-05)
(0.0559063 -8.35809e-05 6.75376e-05)
(0.032584 -9.46973e-08 4.27266e-05)
(0.0557517 -5.5311e-05 6.15149e-05)
(0.0288213 -3.22405e-05 5.40965e-05)
(0.0364038 -0.000119833 3.20014e-05)
(0.0284928 -3.06676e-05 4.9733e-05)
(0.0360112 -0.000111688 2.7304e-05)
(0.0281951 -2.82848e-05 4.55216e-05)
(0.0356597 -0.000103502 2.36702e-05)
(0.0279326 -2.5253e-05 4.18384e-05)
(0.0353438 -9.30931e-05 2.12835e-05)
(0.027703 -2.24992e-05 3.88968e-05)
(0.0350647 -8.37795e-05 2.05474e-05)
(0.027499 -2.02377e-05 3.64844e-05)
(0.0348168 -7.7071e-05 2.0723e-05)
(0.0273156 -1.81816e-05 3.4209e-05)
(0.0345946 -7.1179e-05 2.09174e-05)
(0.027152 -1.61182e-05 3.20761e-05)
(0.0343946 -6.46968e-05 2.08328e-05)
(0.0270076 -1.43075e-05 3.0197e-05)
(0.0342179 -5.84407e-05 2.08943e-05)
(0.0268781 -1.27045e-05 2.87113e-05)
(0.0340604 -5.33409e-05 2.08854e-05)
(0.0267657 -9.87581e-06 2.77504e-05)
(0.0339184 -4.83621e-05 2.13147e-05)
(0.0338083 -4.08387e-05 2.23824e-05)
(0.1044 -0.000571053 0.000399759)
(0.103326 -0.000688689 0.000341832)
(0.108923 -0.000591665 0.000435039)
(0.1045 -0.000546711 0.00041235)
(0.103384 -0.000644544 0.00036806)
(0.109099 -0.000566592 0.000441159)
(0.104576 -0.000517331 0.000414436)
(0.103424 -0.000600155 0.000381333)
(0.109251 -0.000538043 0.000439802)
(0.104632 -0.000484093 0.000407726)
(0.10345 -0.000554292 0.00038307)
(0.109383 -0.00050586 0.000431317)
(0.104671 -0.000449236 0.000394939)
(0.103465 -0.000508453 0.000376377)
(0.109495 -0.000471773 0.000417387)
(0.104696 -0.000415191 0.000378685)
(0.10347 -0.000464521 0.000364153)
(0.10959 -0.000437989 0.000400308)
(0.10471 -0.000384026 0.000361141)
(0.103467 -0.000425117 0.000348889)
(0.109671 -0.00040664 0.000382201)
(0.104714 -0.000356813 0.000343881)
(0.103456 -0.000390997 0.000332454)
(0.109739 -0.000378921 0.000364801)
(0.104711 -0.000330457 0.00032512)
(0.103443 -0.000363489 0.000316739)
(0.109798 -0.00035358 0.000347484)
(0.104705 -0.000293736 0.000296416)
(0.103423 -0.000331806 0.000297356)
(0.109849 -0.000322026 0.000323712)
(0.103404 -0.000275062 0.000261475)
(0.109893 -0.000275968 0.000287148)
(0.102328 -0.000757689 0.000313614)
(0.100187 -0.00080813 0.000297211)
(0.107304 -0.000853208 0.000302091)
(0.102327 -0.000694437 0.000339832)
(0.100117 -0.0007343 0.00032275)
(0.107389 -0.000782297 0.000325061)
(0.102318 -0.000634315 0.000352206)
(0.10005 -0.000667291 0.000335154)
(0.107464 -0.000716145 0.000337683)
(0.102303 -0.000576334 0.000353633)
(0.099989 -0.000603273 0.000336168)
(0.107531 -0.000652619 0.000340917)
(0.102284 -0.000521709 0.000347335)
(0.0999305 -0.000544359 0.000329802)
(0.107589 -0.000593122 0.000336754)
(0.102261 -0.000472841 0.000335781)
(0.0998751 -0.000489887 0.000318053)
(0.107639 -0.000539161 0.000327468)
(0.102235 -0.000431119 0.000321081)
(0.099823 -0.000443781 0.000302728)
(0.107683 -0.0004922 0.000315541)
(0.102206 -0.000396749 0.000306186)
(0.0997681 -0.000402625 0.000284905)
(0.10772 -0.000451829 0.000302505)
(0.102174 -0.000363492 0.000290283)
(0.0997171 -0.000368783 0.000269739)
(0.107754 -0.000415192 0.000288695)
(0.102144 -0.000312494 0.000263154)
(0.0996662 -0.000332528 0.000252754)
(0.107782 -0.000372536 0.000270129)
(0.0996256 -0.000264084 0.000218208)
(0.107809 -0.000309198 0.000238937)
(0.098089 -0.00078356 0.000306922)
(0.0943263 -0.000758402 0.000286249)
(0.103768 -0.000947388 0.000271599)
(0.0979567 -0.000706894 0.000318581)
(0.0941151 -0.000684323 0.000290745)
(0.10373 -0.00085559 0.000281778)
(0.0978401 -0.00063708 0.000319266)
(0.0939289 -0.000615577 0.000285992)
(0.103701 -0.000772562 0.000284473)
(0.0977375 -0.000572561 0.000312498)
(0.0937648 -0.000549656 0.00027466)
(0.103683 -0.000694299 0.000280215)
(0.0976454 -0.000513515 0.000301138)
(0.0936172 -0.000490072 0.000261889)
(0.103669 -0.000624427 0.000271406)
(0.0975611 -0.000460916 0.000286494)
(0.0934931 -0.000438224 0.000247212)
(0.103659 -0.000563206 0.000259529)
(0.0974818 -0.000414042 0.000269293)
(0.0933772 -0.00039358 0.000231445)
(0.103653 -0.000508224 0.000245548)
(0.0974063 -0.00037324 0.000251552)
(0.0932735 -0.000351972 0.000214367)
(0.103645 -0.000456765 0.000229701)
(0.0973365 -0.000337732 0.000234318)
(0.0931717 -0.000323432 0.000198973)
(0.103642 -0.000417888 0.000215751)
(0.0972758 -0.000284881 0.000209221)
(0.0930817 -0.000291391 0.000182547)
(0.103638 -0.000378514 0.000200741)
(0.0930037 -0.000226419 0.000156564)
(0.10364 -0.000308377 0.000175389)
(0.0910044 -0.000754842 0.000269639)
(0.0835992 -0.000649309 0.000219954)
(0.0975605 -0.000980079 0.000240422)
(0.0907035 -0.000675903 0.000264345)
(0.083186 -0.000579649 0.000206846)
(0.0973605 -0.000879563 0.000228341)
(0.0904419 -0.000607285 0.000254813)
(0.0828307 -0.000524466 0.000193798)
(0.0971974 -0.000797308 0.000215709)
(0.0902124 -0.000539505 0.000240627)
(0.0825144 -0.000465831 0.00017919)
(0.0970615 -0.000712549 0.000201379)
(0.0900116 -0.000477807 0.000224138)
(0.0822327 -0.000409068 0.000164047)
(0.0969498 -0.000630117 0.000185617)
(0.089836 -0.000426477 0.000207361)
(0.0819801 -0.000365003 0.00014897)
(0.096854 -0.000564567 0.00016915)
(0.0896812 -0.000383025 0.000191059)
(0.0817612 -0.000330248 0.00013531)
(0.0967772 -0.000510033 0.00015358)
(0.089543 -0.000343232 0.000175396)
(0.0815597 -0.000298045 0.000123302)
(0.0967065 -0.000459863 0.000139267)
(0.0894167 -0.000311873 0.000161523)
(0.0813826 -0.000266676 0.000112802)
(0.0966449 -0.000413864 0.000126313)
(0.0892964 -0.000283589 0.000148638)
(0.0812146 -0.000244265 0.000104568)
(0.0965837 -0.000382578 0.000116511)
(0.0891862 -0.000236668 0.000132548)
(0.0810647 -0.000220747 9.59369e-05)
(0.096531 -0.000346848 0.000107155)
(0.0809289 -0.000170731 8.43096e-05)
(0.0964876 -0.000284462 9.48615e-05)
(0.0768323 -0.000467931 0.000178395)
(0.0606056 -0.000322813 8.15277e-05)
(0.0848161 -0.000675028 0.000145584)
(0.0763777 -0.000417879 0.000159595)
(0.0601314 -0.000288235 7.10818e-05)
(0.0844559 -0.00060406 0.000118636)
(0.0759726 -0.000370396 0.000142415)
(0.0597157 -0.000258796 6.25336e-05)
(0.0841417 -0.000543612 9.58546e-05)
(0.0756125 -0.000321146 0.000127073)
(0.0593404 -0.000226203 5.63268e-05)
(0.0838658 -0.000482572 7.78593e-05)
(0.0752927 -0.000278995 0.000113926)
(0.0590061 -0.000195499 5.25376e-05)
(0.0836151 -0.00042621 6.38529e-05)
(0.0750051 -0.000247936 0.00010265)
(0.0587064 -0.000172346 5.01289e-05)
(0.0833926 -0.000381342 5.36584e-05)
(0.0747452 -0.000223053 9.28069e-05)
(0.0584379 -0.000154701 4.76913e-05)
(0.0831951 -0.000344531 4.54497e-05)
(0.0745111 -0.000199855 8.4466e-05)
(0.0581951 -0.000138242 4.52613e-05)
(0.0830157 -0.000309317 3.92438e-05)
(0.0743006 -0.000179382 7.76303e-05)
(0.0579792 -0.000122601 4.34286e-05)
(0.0828538 -0.000276912 3.47414e-05)
(0.074107 -0.000162659 7.21629e-05)
(0.0577839 -0.000110464 4.18929e-05)
(0.082703 -0.00025093 3.14142e-05)
(0.0739245 -0.000133605 6.77214e-05)
(0.057608 -9.89531e-05 4.17245e-05)
(0.0825666 -0.000232197 2.94713e-05)
(0.0574578 -7.33987e-05 4.26344e-05)
(0.0824407 -0.000188678 3.11783e-05)
(0.0472963 -0.000203979 -1.53762e-05)
(0.0552874 -0.000292649 -9.02532e-05)
(0.0468591 -0.000189044 -1.85421e-05)
(0.0548178 -0.000273594 -9.62854e-05)
(0.046465 -0.000173111 -1.89083e-05)
(0.054403 -0.000253509 -9.71266e-05)
(0.0461139 -0.000157157 -1.63514e-05)
(0.0540193 -0.000233699 -9.24366e-05)
(0.045802 -0.00014384 -1.20569e-05)
(0.0536781 -0.000216103 -8.36819e-05)
(0.0455213 -0.00013261 -7.71967e-06)
(0.0533657 -0.000200866 -7.40696e-05)
(0.0452677 -0.000121042 -3.98401e-06)
(0.0530887 -0.00018473 -6.48752e-05)
(0.0450416 -0.000109157 -5.99592e-07)
(0.0528342 -0.000166482 -5.60569e-05)
(0.0448415 -9.86749e-05 2.51078e-06)
(0.0526116 -0.00014936 -4.75676e-05)
(0.0446617 -9.0005e-05 5.60927e-06)
(0.0524082 -0.000135233 -3.99937e-05)
(0.0444994 -8.08224e-05 9.41878e-06)
(0.0522273 -0.000123872 -3.26299e-05)
(0.0520754 -0.000114079 -2.50743e-05)
(0.114001 -0.000564896 0.00045728)
(0.113289 -0.000738001 0.000371763)
(0.116198 -0.000514392 0.000428775)
(0.114235 -0.00053521 0.000448417)
(0.113498 -0.000685054 0.000374148)
(0.116471 -0.000485205 0.000414916)
(0.114448 -0.0005041 0.000436226)
(0.113691 -0.000634342 0.000372289)
(0.116722 -0.000456058 0.000399917)
(0.114641 -0.000471715 0.000420771)
(0.113868 -0.000584429 0.000365783)
(0.116952 -0.000426051 0.000383017)
(0.114814 -0.000439657 0.000403181)
(0.114029 -0.000537189 0.000355313)
(0.117163 -0.000396163 0.000364736)
(0.11497 -0.000409469 0.000384895)
(0.114175 -0.000494239 0.000342394)
(0.117355 -0.000367753 0.000346091)
(0.115111 -0.000382066 0.000367269)
(0.114308 -0.000455192 0.000328724)
(0.117529 -0.000341496 0.000327929)
(0.115239 -0.000355774 0.000349317)
(0.114429 -0.000420515 0.000315414)
(0.11769 -0.000317725 0.000311003)
(0.115356 -0.000323615 0.000325435)
(0.11454 -0.000385071 0.000298575)
(0.117836 -0.000293676 0.000293015)
(0.115464 -0.000281697 0.000292853)
(0.114644 -0.000340943 0.000273834)
(0.11797 -0.000261393 0.000267453)
(0.114738 -0.00028766 0.00024344)
(0.118089 -0.000221239 0.00023481)
(0.112793 -0.000855393 0.000290508)
(0.111284 -0.000973883 0.000251897)
(0.1152 -0.000829656 0.000233665)
(0.112963 -0.000781789 0.000299712)
(0.111406 -0.000884689 0.000259101)
(0.115419 -0.000758507 0.000238398)
(0.113121 -0.000712551 0.000303417)
(0.111525 -0.000800791 0.000262284)
(0.115624 -0.000692348 0.000240008)
(0.113266 -0.000648136 0.000301675)
(0.11164 -0.00072135 0.000260768)
(0.115814 -0.000629721 0.000238023)
(0.1134 -0.000590417 0.000295568)
(0.111749 -0.000652252 0.000254799)
(0.11599 -0.000572812 0.000232833)
(0.113523 -0.000539179 0.000286787)
(0.111849 -0.000593756 0.000246416)
(0.116152 -0.000522235 0.000225622)
(0.113636 -0.000493548 0.000276834)
(0.111944 -0.000538407 0.000235748)
(0.116302 -0.000476338 0.000217481)
(0.11374 -0.000449944 0.000264498)
(0.112034 -0.000486802 0.000224145)
(0.116441 -0.000435105 0.000209111)
(0.113839 -0.000402284 0.0002471)
(0.11212 -0.000443689 0.000211663)
(0.11657 -0.000395473 0.000198274)
(0.113934 -0.000346889 0.000224474)
(0.112201 -0.000396467 0.000195491)
(0.116691 -0.000349431 0.00018226)
(0.112275 -0.00033037 0.000174023)
(0.116799 -0.000292413 0.000160989)
(0.109955 -0.0010003 0.000221767)
(0.107189 -0.00103546 0.000194823)
(0.112634 -0.00100136 0.000146654)
(0.110031 -0.000901647 0.000222868)
(0.107205 -0.000936653 0.000186577)
(0.112769 -0.000905748 0.000144416)
(0.11011 -0.000808848 0.000220282)
(0.107233 -0.000836306 0.000177104)
(0.112902 -0.000815882 0.000140538)
(0.110188 -0.000725154 0.000214608)
(0.107273 -0.000740255 0.000166372)
(0.113031 -0.000731572 0.000134925)
(0.110265 -0.000654801 0.000207037)
(0.107318 -0.000666355 0.000156108)
(0.113154 -0.000659375 0.000128946)
(0.110339 -0.000592146 0.000197045)
(0.107361 -0.000606068 0.00014601)
(0.11327 -0.000599044 0.000122769)
(0.110412 -0.000531609 0.000184384)
(0.107405 -0.000548769 0.000134284)
(0.113381 -0.000542172 0.000115245)
(0.110482 -0.00048112 0.000172222)
(0.107445 -0.000495478 0.00012189)
(0.113486 -0.000489005 0.000106551)
(0.110551 -0.000438246 0.000160917)
(0.107487 -0.000455171 0.000112537)
(0.113588 -0.000448477 9.92114e-05)
(0.11062 -0.000380597 0.000145554)
(0.107525 -0.000411024 0.000103639)
(0.113682 -0.000402511 9.07002e-05)
(0.107566 -0.000339629 9.04146e-05)
(0.113768 -0.000333239 7.72304e-05)
(0.104682 -0.0010889 0.000172954)
(0.0989482 -0.000999062 0.000120665)
(0.107641 -0.00110968 0.000104519)
(0.104635 -0.000984399 0.000153184)
(0.0988087 -0.000898597 9.12188e-05)
(0.107675 -0.00100147 7.70642e-05)
(0.10461 -0.000883933 0.000135101)
(0.0986924 -0.000813121 6.75252e-05)
(0.107719 -0.000908522 5.52165e-05)
(0.104603 -0.000780784 0.000117976)
(0.0986027 -0.000727139 4.77242e-05)
(0.107772 -0.000813626 3.64584e-05)
(0.104611 -0.000694451 0.000103127)
(0.0985263 -0.000646768 3.19857e-05)
(0.107833 -0.000723041 2.08256e-05)
(0.104624 -0.000629744 9.1004e-05)
(0.0984648 -0.000583398 2.19645e-05)
(0.107895 -0.000654055 9.13144e-06)
(0.104639 -0.000572607 8.06864e-05)
(0.0984124 -0.000529604 1.51689e-05)
(0.107952 -0.000596836 1.01451e-06)
(0.104653 -0.000518995 7.15733e-05)
(0.0983668 -0.000477506 1.08814e-05)
(0.108009 -0.000541934 -3.51415e-06)
(0.104665 -0.000473299 6.36405e-05)
(0.0983226 -0.000430546 7.87482e-06)
(0.108059 -0.000492349 -6.64724e-06)
(0.104678 -0.000431779 5.64575e-05)
(0.0982811 -0.000394094 5.19501e-06)
(0.108109 -0.000453793 -9.98835e-06)
(0.104698 -0.000375174 4.8429e-05)
(0.0982437 -0.000362963 1.36416e-06)
(0.108155 -0.000412279 -1.36688e-05)
(0.0982116 -0.000305409 -1.12515e-06)
(0.1082 -0.00034601 -1.69336e-05)
(0.09369 -0.00080149 6.0198e-05)
(0.0782158 -0.000598405 -6.71847e-05)
(0.0973496 -0.000838276 3.56412e-06)
(0.0934898 -0.000717641 2.83083e-05)
(0.0778605 -0.000540409 -8.67851e-05)
(0.0972398 -0.00075241 -3.86232e-05)
(0.0933173 -0.00064273 4.79406e-06)
(0.0775467 -0.000488558 -9.76309e-05)
(0.0971412 -0.000679033 -6.82756e-05)
(0.0931652 -0.000574127 -1.14499e-05)
(0.07726 -0.000439102 -0.000100127)
(0.0970601 -0.000613399 -8.73025e-05)
(0.0930298 -0.000514333 -2.20232e-05)
(0.0770004 -0.000395009 -9.6965e-05)
(0.0969792 -0.000554451 -9.81678e-05)
(0.0929095 -0.000463136 -2.83334e-05)
(0.0767621 -0.000358615 -9.21474e-05)
(0.0969088 -0.000502426 -0.000104861)
(0.0928019 -0.000416601 -3.13114e-05)
(0.0765535 -0.000325242 -8.58608e-05)
(0.0968426 -0.000455155 -0.000106477)
(0.0927042 -0.000373384 -3.17767e-05)
(0.0763597 -0.000291188 -7.78926e-05)
(0.0967821 -0.000410839 -0.000104067)
(0.0926131 -0.000336712 -3.10088e-05)
(0.0761893 -0.000260251 -6.91954e-05)
(0.0967196 -0.000372337 -9.94629e-05)
(0.0925254 -0.000308608 -2.99707e-05)
(0.0760284 -0.000235027 -6.11577e-05)
(0.0966596 -0.000341279 -9.43401e-05)
(0.092442 -0.000271889 -2.66402e-05)
(0.0758856 -0.000214826 -5.35368e-05)
(0.096602 -0.000316199 -8.90883e-05)
(0.0757574 -0.000186243 -4.50398e-05)
(0.0965488 -0.000266194 -7.74899e-05)
(0.0647137 -0.000372023 -0.000193916)
(0.0699908 -0.00038576 -0.00025221)
(0.0642638 -0.000346858 -0.000197623)
(0.0695403 -0.000365801 -0.000265589)
(0.0638513 -0.000322199 -0.000192738)
(0.0691277 -0.000344047 -0.000265777)
(0.0634748 -0.000299387 -0.000181095)
(0.0687357 -0.000323164 -0.000255793)
(0.0631326 -0.000278435 -0.000166084)
(0.0683793 -0.000302439 -0.000239581)
(0.0628207 -0.000257277 -0.000150346)
(0.0680453 -0.000281296 -0.000220898)
(0.062538 -0.000234072 -0.0001344)
(0.0677487 -0.000257983 -0.000201487)
(0.062284 -0.000210728 -0.000118588)
(0.0674707 -0.000233917 -0.000181343)
(0.0620559 -0.000190181 -0.000103863)
(0.067226 -0.000212029 -0.000161578)
(0.0618488 -0.000172966 -9.07244e-05)
(0.0669961 -0.000193763 -0.000143659)
(0.0616598 -0.000159832 -7.90362e-05)
(0.0667927 -0.000178276 -0.000128276)
(0.0666125 -0.00016799 -0.00011532)
(0.118798 -0.0004409 0.000393996)
(0.118241 -0.000615772 0.000296529)
(0.11909 -0.000411269 0.000372705)
(0.118525 -0.000566942 0.000283737)
(0.11936 -0.000382486 0.000351983)
(0.118789 -0.000521328 0.000271156)
(0.11961 -0.000354431 0.000331473)
(0.119035 -0.000477935 0.00025815)
(0.11984 -0.000327658 0.000311412)
(0.119261 -0.000437541 0.0002447)
(0.120052 -0.000302642 0.000292209)
(0.119471 -0.000400576 0.000231283)
(0.120248 -0.000279511 0.000274128)
(0.119665 -0.000366573 0.000218441)
(0.120429 -0.000257647 0.000256738)
(0.119844 -0.000335436 0.000206293)
(0.120595 -0.000233453 0.000236949)
(0.12001 -0.000306536 0.000194043)
(0.120745 -0.000203289 0.000211556)
(0.120162 -0.000272031 0.00017719)
(0.120297 -0.000228698 0.000154753)
(0.117971 -0.00073982 0.000187704)
(0.11666 -0.000868985 0.000133197)
(0.119045 -0.000656349 0.00010158)
(0.118229 -0.000675256 0.000183482)
(0.116894 -0.000789975 0.000126573)
(0.119339 -0.00060127 9.89357e-05)
(0.118469 -0.000615232 0.00017851)
(0.117114 -0.000716749 0.000120542)
(0.119613 -0.000550163 9.62956e-05)
(0.118691 -0.000559738 0.000172404)
(0.11732 -0.000648548 0.00011441)
(0.119867 -0.000502203 9.32322e-05)
(0.118897 -0.000509408 0.000165407)
(0.117511 -0.000587875 0.000107996)
(0.120102 -0.000458185 8.9618e-05)
(0.119089 -0.000463608 0.000158252)
(0.11769 -0.000534474 0.00010174)
(0.12032 -0.000418148 8.57386e-05)
(0.119266 -0.000421679 0.00015131)
(0.117857 -0.000485026 9.63732e-05)
(0.120522 -0.000381121 8.18946e-05)
(0.119431 -0.00038388 0.000143965)
(0.118013 -0.000440203 9.12528e-05)
(0.120709 -0.000347034 7.80117e-05)
(0.119585 -0.000345329 0.000134023)
(0.118159 -0.000402753 8.51561e-05)
(0.120882 -0.000315579 7.34393e-05)
(0.119725 -0.000298068 0.000119754)
(0.118295 -0.000358501 7.64997e-05)
(0.12104 -0.000279206 6.67863e-05)
(0.118416 -0.000299674 6.5522e-05)
(0.12118 -0.000234962 5.84199e-05)
(0.115624 -0.000916028 7.40403e-05)
(0.113155 -0.000968741 4.0478e-05)
(0.116757 -0.000837395 -2.84238e-05)
(0.115823 -0.00082864 6.58054e-05)
(0.113321 -0.000878094 2.22141e-05)
(0.116999 -0.000763812 -3.35466e-05)
(0.11601 -0.000747565 5.87063e-05)
(0.11348 -0.000793155 8.38479e-06)
(0.117226 -0.00069522 -3.69121e-05)
(0.116185 -0.000674485 5.22915e-05)
(0.11363 -0.000714384 -2.42528e-06)
(0.117438 -0.000631169 -3.90138e-05)
(0.116349 -0.000611013 4.65674e-05)
(0.113772 -0.000647488 -1.12996e-05)
(0.117635 -0.000574292 -4.00098e-05)
(0.116506 -0.00055476 4.15067e-05)
(0.113903 -0.000590179 -1.76203e-05)
(0.117817 -0.00052418 -4.02309e-05)
(0.116652 -0.0005038 3.68087e-05)
(0.114027 -0.000535274 -2.15364e-05)
(0.117988 -0.00047755 -4.08441e-05)
(0.116789 -0.000459892 3.2465e-05)
(0.114144 -0.000486071 -2.43887e-05)
(0.118147 -0.000435384 -4.16346e-05)
(0.116918 -0.000416219 2.81152e-05)
(0.114255 -0.000447626 -2.65657e-05)
(0.118295 -0.000400161 -4.07825e-05)
(0.11704 -0.000360139 2.29727e-05)
(0.114357 -0.000404955 -2.80568e-05)
(0.118432 -0.000358453 -3.7919e-05)
(0.114448 -0.000342627 -2.78689e-05)
(0.118554 -0.000302833 -3.39415e-05)
(0.110863 -0.00103673 1.43187e-05)
(0.105807 -0.000973185 -2.66859e-05)
(0.111997 -0.000949386 -9.17146e-05)
(0.110995 -0.000939365 -1.63054e-05)
(0.105872 -0.000881601 -6.96654e-05)
(0.112188 -0.000869949 -0.00011902)
(0.111126 -0.000851343 -3.98144e-05)
(0.105934 -0.000801199 -0.000100315)
(0.112369 -0.000798863 -0.00013889)
(0.111251 -0.000769273 -5.74705e-05)
(0.105995 -0.000729463 -0.000121666)
(0.112538 -0.000730876 -0.000152781)
(0.111367 -0.000696175 -7.01157e-05)
(0.10605 -0.000663048 -0.000134801)
(0.112695 -0.000666726 -0.000161179)
(0.111477 -0.000633914 -7.82588e-05)
(0.106101 -0.000605202 -0.000141743)
(0.112839 -0.000611547 -0.000163819)
(0.11158 -0.000576392 -8.21295e-05)
(0.106142 -0.000552318 -0.000143084)
(0.112969 -0.000563238 -0.000162623)
(0.111676 -0.000521773 -8.29886e-05)
(0.106181 -0.000502177 -0.000140713)
(0.11309 -0.000516011 -0.000159343)
(0.111766 -0.000476984 -8.29111e-05)
(0.10621 -0.000458194 -0.000136626)
(0.1132 -0.000473909 -0.000155739)
(0.111851 -0.000439038 -8.21206e-05)
(0.10624 -0.000423116 -0.000132265)
(0.113303 -0.000437869 -0.000149759)
(0.111932 -0.000390442 -7.90083e-05)
(0.106262 -0.000389635 -0.000127174)
(0.113397 -0.000399212 -0.000139975)
(0.106284 -0.000335021 -0.00011602)
(0.113481 -0.000345592 -0.000126857)
(0.101258 -0.000808463 -9.05849e-05)
(0.0876824 -0.00063963 -0.00019839)
(0.102642 -0.000746413 -0.000167066)
(0.10126 -0.000731607 -0.000132108)
(0.0874603 -0.000585868 -0.000230323)
(0.102714 -0.000689662 -0.000209523)
(0.101259 -0.000664974 -0.000159269)
(0.0872457 -0.000536832 -0.000245733)
(0.102771 -0.000638349 -0.000236409)
(0.101255 -0.00060617 -0.000174939)
(0.0870415 -0.000493323 -0.000249128)
(0.102816 -0.000591361 -0.000250997)
(0.101248 -0.000554043 -0.000182603)
(0.0868477 -0.000452539 -0.000243867)
(0.102847 -0.000546542 -0.000255491)
(0.101237 -0.000506413 -0.000184192)
(0.0866656 -0.000415111 -0.000234316)
(0.10287 -0.000506029 -0.000253283)
(0.10122 -0.000461151 -0.000180263)
(0.0864969 -0.000377922 -0.000220992)
(0.10288 -0.000466454 -0.000245199)
(0.101198 -0.000420654 -0.000173059)
(0.0863385 -0.000342495 -0.000204636)
(0.102885 -0.000430617 -0.00023345)
(0.101171 -0.000385853 -0.000165003)
(0.0861898 -0.000311365 -0.000187486)
(0.102877 -0.000399156 -0.00022067)
(0.101142 -0.00035519 -0.000156895)
(0.0860497 -0.000285755 -0.00017233)
(0.102867 -0.000371389 -0.000210525)
(0.101115 -0.00031498 -0.000143969)
(0.0859217 -0.00026337 -0.00015916)
(0.102849 -0.000342313 -0.000199422)
(0.0858082 -0.000235006 -0.000144551)
(0.102834 -0.000294818 -0.000176682)
(0.0755195 -0.000421333 -0.000310615)
(0.0780482 -0.000412317 -0.000330276)
(0.0751059 -0.000400098 -0.000323746)
(0.0776799 -0.000406764 -0.000354398)
(0.0747119 -0.000377684 -0.000321473)
(0.0773135 -0.000393683 -0.000358235)
(0.0743406 -0.000354869 -0.000309035)
(0.0769551 -0.000375943 -0.000349407)
(0.0739947 -0.000330609 -0.000290617)
(0.0766132 -0.000355035 -0.000332513)
(0.0736748 -0.000304601 -0.000269185)
(0.0762891 -0.000330617 -0.000311427)
(0.0733808 -0.000278301 -0.000246156)
(0.0759902 -0.00030505 -0.000287687)
(0.0731114 -0.000253734 -0.000222568)
(0.0757093 -0.000280384 -0.000262533)
(0.0728644 -0.000232237 -0.000200093)
(0.0754533 -0.000257689 -0.000237546)
(0.072637 -0.000213886 -0.000180448)
(0.0752133 -0.000236777 -0.000214461)
(0.072428 -0.000199578 -0.000164372)
(0.074998 -0.000217291 -0.000195064)
(0.0748047 -0.000203234 -0.000179965)
(0.120453 -0.000514889 1.06288e-05)
(0.119145 -0.000622817 -6.50927e-05)
(0.120642 -0.000392868 -0.000123074)
(0.120764 -0.000473516 9.49158e-06)
(0.119448 -0.000573565 -6.64345e-05)
(0.120974 -0.000363361 -0.00011479)
(0.121054 -0.000434709 8.72397e-06)
(0.119729 -0.000527395 -6.64629e-05)
(0.121283 -0.000335539 -0.000106496)
(0.121321 -0.00039845 8.15711e-06)
(0.119989 -0.000483858 -6.54203e-05)
(0.121569 -0.000309122 -9.83031e-05)
(0.121569 -0.00036492 7.69155e-06)
(0.12023 -0.000443802 -6.35261e-05)
(0.121833 -0.000284372 -9.04528e-05)
(0.121798 -0.000333926 7.25578e-06)
(0.120452 -0.000407197 -6.11545e-05)
(0.122078 -0.000261392 -8.30943e-05)
(0.12201 -0.000305182 6.78248e-06)
(0.120657 -0.000373254 -5.88587e-05)
(0.122303 -0.000240041 -7.62798e-05)
(0.122206 -0.000278204 6.32325e-06)
(0.120847 -0.000342103 -5.67174e-05)
(0.122512 -0.000220187 -6.99866e-05)
(0.122386 -0.000249974 6.00061e-06)
(0.121023 -0.000313122 -5.36259e-05)
(0.122704 -0.000201106 -6.378e-05)
(0.122547 -0.000217253 5.84539e-06)
(0.121183 -0.0002794 -4.82675e-05)
(0.122878 -0.000178766 -5.63026e-05)
(0.121324 -0.000238247 -4.11864e-05)
(0.12303 -0.000152391 -4.74513e-05)
(0.118177 -0.000679906 -0.000140763)
(0.115704 -0.000723811 -0.000188388)
(0.11834 -0.000557252 -0.000298241)
(0.11845 -0.000625828 -0.000140781)
(0.115961 -0.000671298 -0.000195534)
(0.118633 -0.000519394 -0.000284507)
(0.118704 -0.000574948 -0.000138868)
(0.116199 -0.000620922 -0.000198294)
(0.118905 -0.000483199 -0.000269743)
(0.118937 -0.000527656 -0.000135295)
(0.116416 -0.000572816 -0.000197358)
(0.119155 -0.000448264 -0.000254131)
(0.119153 -0.000484574 -0.000130544)
(0.116615 -0.000528849 -0.000193168)
(0.119386 -0.000415457 -0.000238261)
(0.119352 -0.000445127 -0.000125499)
(0.116796 -0.000488961 -0.000186835)
(0.119598 -0.00038509 -0.000222812)
(0.119535 -0.00040901 -0.000120783)
(0.116962 -0.000452336 -0.000180051)
(0.119794 -0.000356959 -0.000208421)
(0.119705 -0.000376405 -0.000115626)
(0.117114 -0.000419928 -0.000173873)
(0.119975 -0.000331354 -0.000195254)
(0.119863 -0.000342827 -0.000107773)
(0.117253 -0.000388076 -0.000165134)
(0.120142 -0.000307296 -0.000182013)
(0.120006 -0.000301357 -9.59012e-05)
(0.117382 -0.000350457 -0.0001514)
(0.120294 -0.000277499 -0.000163682)
(0.117496 -0.000303701 -0.000133034)
(0.120429 -0.000238892 -0.000139115)
(0.113374 -0.000774675 -0.000232208)
(0.108489 -0.000722305 -0.000259014)
(0.113431 -0.000633482 -0.000415044)
(0.113617 -0.000722733 -0.000248253)
(0.108685 -0.000682425 -0.000287197)
(0.11369 -0.00060512 -0.000411481)
(0.11384 -0.000673378 -0.000257497)
(0.108857 -0.000643931 -0.000303682)
(0.113928 -0.000576847 -0.000403418)
(0.114044 -0.000625348 -0.000260764)
(0.109008 -0.00060499 -0.000310444)
(0.114145 -0.000547054 -0.000390866)
(0.114227 -0.000579951 -0.000258647)
(0.109138 -0.000565812 -0.000309268)
(0.114342 -0.000516144 -0.000374572)
(0.114393 -0.000538411 -0.000252249)
(0.10925 -0.000527757 -0.000301725)
(0.114518 -0.000485677 -0.000355668)
(0.114543 -0.000500708 -0.000243727)
(0.109345 -0.000491736 -0.000289927)
(0.114678 -0.000456508 -0.000335833)
(0.114678 -0.000467238 -0.000235145)
(0.109427 -0.000459335 -0.000276821)
(0.114821 -0.000429194 -0.000317182)
(0.1148 -0.00043485 -0.000224854)
(0.109495 -0.000431085 -0.000264094)
(0.114951 -0.00040534 -0.000300749)
(0.114913 -0.000398115 -0.000209577)
(0.109555 -0.000404077 -0.000251527)
(0.115068 -0.000379615 -0.000281265)
(0.115018 -0.000354829 -0.000189188)
(0.109604 -0.00037152 -0.000235372)
(0.115177 -0.000345962 -0.000253499)
(0.109647 -0.000326667 -0.00020929)
(0.115274 -0.000304185 -0.000218844)
(0.104176 -0.000617896 -0.000294951)
(0.0916671 -0.000514669 -0.000337672)
(0.104154 -0.000499553 -0.000440766)
(0.104307 -0.000588882 -0.000321682)
(0.091571 -0.000501569 -0.000362871)
(0.104297 -0.000498772 -0.000448957)
(0.104412 -0.000559228 -0.000334845)
(0.0914538 -0.000483365 -0.000370743)
(0.104411 -0.00049203 -0.000446804)
(0.104494 -0.000528179 -0.000336977)
(0.0913231 -0.00046087 -0.000366573)
(0.104499 -0.000478935 -0.000435598)
(0.104557 -0.000496083 -0.000330795)
(0.0911857 -0.000435155 -0.000354181)
(0.104567 -0.000460748 -0.000417733)
(0.104604 -0.000463847 -0.000318691)
(0.091047 -0.000406982 -0.000336384)
(0.104616 -0.000439087 -0.00039527)
(0.104636 -0.000433335 -0.000303046)
(0.0909094 -0.000378331 -0.000315313)
(0.104651 -0.000415417 -0.000370541)
(0.104656 -0.000405946 -0.000286172)
(0.0907757 -0.000351312 -0.000292719)
(0.104673 -0.000392007 -0.000346101)
(0.104665 -0.000382142 -0.00027086)
(0.090646 -0.000326408 -0.000270315)
(0.104684 -0.000370203 -0.000323413)
(0.104666 -0.000357677 -0.000256379)
(0.0905232 -0.000302928 -0.00024992)
(0.104688 -0.000351441 -0.000303878)
(0.104662 -0.000322776 -0.000234221)
(0.0904062 -0.000278013 -0.000231097)
(0.104682 -0.000328487 -0.000282713)
(0.0903007 -0.0002507 -0.000210484)
(0.104674 -0.000289139 -0.000246017)
(0.0803816 -0.000388673 -0.000382102)
(0.0806045 -0.000350728 -0.000436136)
(0.0800606 -0.000393122 -0.000396306)
(0.0802813 -0.000371348 -0.000445975)
(0.0797312 -0.000386591 -0.000392614)
(0.0799433 -0.000375916 -0.000438606)
(0.0794038 -0.00037255 -0.000378224)
(0.0796024 -0.000370121 -0.000420777)
(0.0790863 -0.00035311 -0.000357566)
(0.0792687 -0.000356843 -0.000396957)
(0.0787831 -0.000330265 -0.000333362)
(0.0789487 -0.000338207 -0.000369565)
(0.0784971 -0.000306467 -0.00030736)
(0.0786459 -0.000316453 -0.000340558)
(0.0782298 -0.000283242 -0.000281044)
(0.0783617 -0.00029363 -0.000311598)
(0.0779816 -0.000260541 -0.000255731)
(0.0780974 -0.000270785 -0.000284085)
(0.0777524 -0.000238207 -0.000232886)
(0.0778518 -0.000247728 -0.000258876)
(0.0775427 -0.000218794 -0.000214381)
(0.0776281 -0.00022559 -0.000236996)
(0.0774289 -0.000207549 -0.000220705)
(0.121167 -0.000240501 -0.000249284)
(0.119803 -0.000327971 -0.000358594)
(0.120643 -0.000129566 -0.000397669)
(0.121496 -0.000224778 -0.000231376)
(0.120125 -0.000310312 -0.000335167)
(0.120975 -0.00012197 -0.000366889)
(0.121802 -0.000209483 -0.000214014)
(0.120423 -0.000292708 -0.00031208)
(0.121283 -0.000114312 -0.000337722)
(0.122084 -0.000194684 -0.000197319)
(0.120699 -0.000275011 -0.000289315)
(0.121569 -0.000106647 -0.000309972)
(0.122345 -0.000180599 -0.000181547)
(0.120953 -0.000257638 -0.000267396)
(0.121834 -9.92398e-05 -0.000284029)
(0.122587 -0.000167364 -0.000166851)
(0.121187 -0.000240992 -0.000246812)
(0.122078 -9.22578e-05 -0.000260115)
(0.122809 -0.00015498 -0.000153204)
(0.121403 -0.000225337 -0.000227749)
(0.122304 -8.57239e-05 -0.000238047)
(0.123014 -0.000143078 -0.000140198)
(0.121602 -0.000210756 -0.000210128)
(0.122513 -7.95902e-05 -0.000217615)
(0.123202 -0.000129973 -0.00012611)
(0.121785 -0.000196119 -0.000192765)
(0.122706 -7.34956e-05 -0.00019811)
(0.12337 -0.000114167 -0.000109443)
(0.121951 -0.00017691 -0.000170888)
(0.12288 -6.60636e-05 -0.000175614)
(0.122097 -0.000152506 -0.000143837)
(0.123032 -5.7086e-05 -0.000149402)
(0.118799 -0.000396399 -0.000442526)
(0.116199 -0.000430818 -0.0005166)
(0.118241 -0.000297802 -0.000616369)
(0.119091 -0.000376652 -0.000413815)
(0.116472 -0.000418381 -0.000488087)
(0.118526 -0.000287318 -0.000568434)
(0.11936 -0.0003565 -0.000385274)
(0.116722 -0.000403343 -0.000458308)
(0.11879 -0.000275666 -0.000522754)
(0.119608 -0.000336142 -0.000357284)
(0.11695 -0.000386101 -0.000427728)
(0.119034 -0.000262846 -0.000479074)
(0.119835 -0.000316175 -0.000330597)
(0.117158 -0.000367632 -0.00039751)
(0.119259 -0.000249397 -0.000438459)
(0.120044 -0.000297159 -0.000305765)
(0.117346 -0.000348889 -0.000368918)
(0.119467 -0.000236021 -0.000401486)
(0.120237 -0.000279484 -0.00028297)
(0.117518 -0.000330872 -0.000342811)
(0.119659 -0.000223376 -0.000367686)
(0.120415 -0.000262629 -0.000261521)
(0.117675 -0.000314619 -0.000319635)
(0.119836 -0.000211664 -0.00033688)
(0.120579 -0.000242802 -0.00023736)
(0.117818 -0.000297325 -0.000296061)
(0.120001 -0.000199724 -0.000308258)
(0.120726 -0.000215996 -0.000206181)
(0.11795 -0.000272015 -0.000264063)
(0.120151 -0.000182345 -0.000273642)
(0.118067 -0.000238203 -0.000222951)
(0.120284 -0.000158168 -0.000229566)
(0.113747 -0.000463495 -0.000595261)
(0.108724 -0.000422691 -0.000616696)
(0.113064 -0.00036361 -0.000796648)
(0.114003 -0.000459258 -0.00056717)
(0.108925 -0.000436794 -0.000594741)
(0.11329 -0.000372808 -0.000740428)
(0.114236 -0.000450735 -0.000537124)
(0.1091 -0.000442177 -0.000568539)
(0.113498 -0.000376294 -0.000687335)
(0.114446 -0.000438031 -0.000505019)
(0.10925 -0.00043934 -0.000538181)
(0.113691 -0.000374081 -0.000635096)
(0.114636 -0.000422091 -0.000471873)
(0.109379 -0.000429836 -0.000504897)
(0.113865 -0.00036692 -0.000583979)
(0.114806 -0.000404204 -0.000439309)
(0.109488 -0.000415531 -0.000470286)
(0.114023 -0.000356 -0.000536029)
(0.114959 -0.00038582 -0.000408952)
(0.109581 -0.000398302 -0.000436357)
(0.114167 -0.000342803 -0.000492764)
(0.115096 -0.000368621 -0.00038197)
(0.109661 -0.000380282 -0.000405296)
(0.114297 -0.000329127 -0.000453982)
(0.11522 -0.000351467 -0.0003563)
(0.109727 -0.000363371 -0.000378249)
(0.114416 -0.000316368 -0.000419949)
(0.115335 -0.000328393 -0.000324694)
(0.109784 -0.000346692 -0.000353398)
(0.114525 -0.000300223 -0.000384977)
(0.11544 -0.000295994 -0.000282814)
(0.109834 -0.00032412 -0.000322671)
(0.114627 -0.00027617 -0.000341316)
(0.109876 -0.000288375 -0.000276693)
(0.114719 -0.000245591 -0.000287583)
(0.104276 -0.000379811 -0.000596082)
(0.0918164 -0.000349442 -0.000564093)
(0.103254 -0.000305181 -0.000742466)
(0.104401 -0.000401751 -0.000574968)
(0.0917069 -0.00037606 -0.000547573)
(0.103328 -0.000344096 -0.000695109)
(0.104499 -0.000411885 -0.000548124)
(0.0915754 -0.000387379 -0.00052359)
(0.103383 -0.00036814 -0.000648149)
(0.104572 -0.000411864 -0.000516682)
(0.0914305 -0.000387442 -0.000494228)
(0.10342 -0.000378651 -0.000600634)
(0.104626 -0.000404138 -0.000482458)
(0.0912796 -0.000378998 -0.000461607)
(0.103445 -0.000378718 -0.000553224)
(0.104664 -0.00039103 -0.000447331)
(0.0911279 -0.000364533 -0.000427192)
(0.103459 -0.000371339 -0.000506902)
(0.104689 -0.00037474 -0.000413512)
(0.0909787 -0.000346242 -0.000392655)
(0.103463 -0.00035894 -0.000463043)
(0.104702 -0.000357326 -0.000382849)
(0.090834 -0.000325979 -0.000359908)
(0.10346 -0.000343682 -0.000424085)
(0.104706 -0.000340334 -0.000356098)
(0.0906948 -0.000305242 -0.00033031)
(0.103449 -0.000327367 -0.00039043)
(0.104703 -0.000322476 -0.000330376)
(0.0905627 -0.000284475 -0.000303761)
(0.103436 -0.00031217 -0.000363427)
(0.104696 -0.000295388 -0.000294332)
(0.0904385 -0.000262969 -0.000278803)
(0.103416 -0.000293969 -0.000332142)
(0.0903262 -0.000237259 -0.000250106)
(0.103397 -0.000260117 -0.000275927)
(0.0805075 -0.00033108 -0.000502823)
(0.0788175 -0.000329727 -0.000556091)
(0.0801648 -0.000353415 -0.000489563)
(0.0784069 -0.000357366 -0.000530519)
(0.0798143 -0.000359355 -0.000467416)
(0.0779987 -0.000366077 -0.000498726)
(0.0794673 -0.000354469 -0.000439975)
(0.0776007 -0.000362892 -0.000464486)
(0.0791315 -0.000341933 -0.000409432)
(0.0772206 -0.000351432 -0.00042952)
(0.0788117 -0.000324299 -0.000377275)
(0.076863 -0.00033423 -0.000394)
(0.0785105 -0.000303657 -0.000345154)
(0.0765295 -0.000313538 -0.000358698)
(0.0782291 -0.000281519 -0.000314694)
(0.0762202 -0.000290895 -0.000325161)
(0.0779678 -0.000258773 -0.00028686)
(0.0759353 -0.000267271 -0.000294907)
(0.0777255 -0.000236046 -0.000262477)
(0.075672 -0.000243611 -0.00026798)
(0.0775034 -0.00021483 -0.000243179)
(0.0754335 -0.000220471 -0.000246552)
(0.0752213 -0.000199752 -0.000232907)
(0.120454 -1.22968e-05 -0.000513814)
(0.119046 -0.000102655 -0.000656188)
(0.119145 6.39252e-05 -0.000621494)
(0.120765 -1.25167e-05 -0.000472065)
(0.11934 -0.000102114 -0.000601286)
(0.119447 6.31684e-05 -0.000571368)
(0.121055 -1.23024e-05 -0.000432731)
(0.119614 -0.000100323 -0.00054976)
(0.119729 6.24764e-05 -0.00052475)
(0.121323 -1.18809e-05 -0.000395914)
(0.119868 -9.74505e-05 -0.000501224)
(0.11999 6.14276e-05 -0.000480902)
(0.121571 -1.14512e-05 -0.000361978)
(0.120103 -9.3866e-05 -0.000456695)
(0.120232 5.97091e-05 -0.000440584)
(0.1218 -1.10691e-05 -0.000330814)
(0.12032 -9.00113e-05 -0.000416431)
(0.120455 5.74384e-05 -0.000403891)
(0.122012 -1.07014e-05 -0.000302061)
(0.120522 -8.62497e-05 -0.000379439)
(0.120662 5.5098e-05 -0.000369967)
(0.122208 -1.03027e-05 -0.000275215)
(0.120709 -8.25668e-05 -0.000345465)
(0.120853 5.28129e-05 -0.000338665)
(0.122389 -9.75321e-06 -0.000247437)
(0.120882 -7.80343e-05 -0.0003141)
(0.121029 4.97566e-05 -0.000309695)
(0.12255 -8.90118e-06 -0.000215642)
(0.12104 -7.08803e-05 -0.000277949)
(0.12119 4.49197e-05 -0.000276674)
(0.121179 -6.13478e-05 -0.000234049)
(0.121332 3.89918e-05 -0.000237029)
(0.117972 -0.000190013 -0.000740433)
(0.1152 -0.000235328 -0.000831934)
(0.11666 -0.000134634 -0.000869005)
(0.11823 -0.000187331 -0.000675936)
(0.11542 -0.000241364 -0.000760574)
(0.116894 -0.00013019 -0.000790045)
(0.11847 -0.000182816 -0.000615412)
(0.115624 -0.0002428 -0.000692957)
(0.117114 -0.000124681 -0.000716536)
(0.118691 -0.000176749 -0.000559347)
(0.115813 -0.000240351 -0.000629175)
(0.117319 -0.000118349 -0.000647983)
(0.118896 -0.000169747 -0.000508657)
(0.115987 -0.000234856 -0.00057146)
(0.11751 -0.000111659 -0.000586946)
(0.119087 -0.000162661 -0.00046285)
(0.116148 -0.00022751 -0.000520628)
(0.117688 -0.000105264 -0.000533537)
(0.119263 -0.00015594 -0.000421126)
(0.116296 -0.000219382 -0.000475089)
(0.117854 -9.99593e-05 -0.000484389)
(0.119428 -0.00014885 -0.000383483)
(0.116434 -0.000211288 -0.000434269)
(0.118011 -9.51024e-05 -0.000439566)
(0.119581 -0.000138828 -0.000344969)
(0.116562 -0.000200845 -0.000394907)
(0.118157 -8.92066e-05 -0.000401967)
(0.119721 -0.000123879 -0.000297681)
(0.116683 -0.000185078 -0.000349069)
(0.118292 -8.02798e-05 -0.000357916)
(0.11679 -0.00016365 -0.000291862)
(0.118413 -6.85347e-05 -0.000299034)
(0.112612 -0.000275328 -0.000938292)
(0.10721 -0.000267987 -0.000937507)
(0.111158 -0.000238944 -0.00107826)
(0.112793 -0.000291747 -0.000857806)
(0.107304 -0.00030287 -0.000857673)
(0.111282 -0.000252736 -0.000976491)
(0.112963 -0.000301131 -0.000783127)
(0.107387 -0.000324995 -0.000784973)
(0.111404 -0.00026064 -0.000886329)
(0.113119 -0.000304203 -0.000712299)
(0.107461 -0.000335967 -0.000716403)
(0.111522 -0.000263085 -0.000800644)
(0.113262 -0.000301855 -0.000646721)
(0.107526 -0.00033796 -0.000651421)
(0.111636 -0.000260575 -0.000720254)
(0.113394 -0.000295402 -0.000588398)
(0.107583 -0.000333195 -0.000591295)
(0.111743 -0.000254021 -0.000650111)
(0.113515 -0.000286441 -0.000537271)
(0.107632 -0.000323713 -0.000537314)
(0.111843 -0.000245298 -0.000591481)
(0.113627 -0.000276551 -0.000492186)
(0.107676 -0.000311791 -0.000490787)
(0.111936 -0.000234453 -0.000537473)
(0.11373 -0.000264633 -0.000449108)
(0.107712 -0.000298993 -0.00045092)
(0.112024 -0.000222984 -0.000486457)
(0.113828 -0.000247858 -0.000401786)
(0.107746 -0.000285843 -0.000415008)
(0.11211 -0.000210812 -0.000442756)
(0.113922 -0.000225739 -0.000346177)
(0.107773 -0.00026805 -0.000372407)
(0.11219 -0.000195561 -0.000396348)
(0.1078 -0.000238283 -0.000309041)
(0.112263 -0.000175119 -0.000330781)
(0.102323 -0.00027415 -0.000835458)
(0.0889591 -0.000306899 -0.000737783)
(0.100267 -0.000260396 -0.000904268)
(0.102327 -0.000314189 -0.000763559)
(0.0887074 -0.000339833 -0.000676786)
(0.100186 -0.000299039 -0.000816407)
(0.102323 -0.00033771 -0.000697096)
(0.0884613 -0.0003557 -0.000618877)
(0.100113 -0.000321675 -0.00073931)
(0.102313 -0.000347674 -0.000634459)
(0.0882234 -0.000358874 -0.000564442)
(0.100045 -0.000330891 -0.000668442)
(0.102297 -0.000347781 -0.000575417)
(0.0879975 -0.000352843 -0.000513217)
(0.0999829 -0.000330104 -0.000602363)
(0.102278 -0.00034096 -0.000520634)
(0.0877856 -0.00034054 -0.000464528)
(0.0999243 -0.000322858 -0.000542569)
(0.102255 -0.000329332 -0.000471996)
(0.0875879 -0.000324072 -0.000419059)
(0.0998692 -0.000310848 -0.00048808)
(0.102229 -0.000314732 -0.000430579)
(0.0874043 -0.000304583 -0.000378399)
(0.0998171 -0.000295851 -0.000442934)
(0.1022 -0.00030018 -0.000396744)
(0.0872332 -0.000283357 -0.000343471)
(0.0997623 -0.000278445 -0.000402649)
(0.102168 -0.000285003 -0.000363833)
(0.0870753 -0.000262889 -0.000314128)
(0.099711 -0.000263767 -0.000369614)
(0.102139 -0.000259509 -0.000313047)
(0.0869291 -0.000242682 -0.000286026)
(0.0996593 -0.000247751 -0.000333694)
(0.0868 -0.000217998 -0.000251541)
(0.0996185 -0.000215177 -0.000264648)
(0.0767611 -0.000357943 -0.000580514)
(0.0731792 -0.00037311 -0.000566547)
(0.0762845 -0.000371981 -0.000536825)
(0.0726295 -0.000383977 -0.000518691)
(0.0758286 -0.000371603 -0.000493213)
(0.0721172 -0.000380802 -0.000473052)
(0.0753987 -0.000361899 -0.000451605)
(0.0716414 -0.000368175 -0.000431657)
(0.074998 -0.00034591 -0.00041166)
(0.0712031 -0.000349162 -0.00039391)
(0.0746273 -0.000325855 -0.000372876)
(0.0708031 -0.000326515 -0.000356854)
(0.0742863 -0.000303248 -0.000336142)
(0.0704409 -0.000301656 -0.000320755)
(0.0739737 -0.000278913 -0.000303087)
(0.070111 -0.000275298 -0.000286912)
(0.0736879 -0.00025388 -0.000274314)
(0.0698159 -0.000248102 -0.000257719)
(0.0734262 -0.00022976 -0.000250404)
(0.069542 -0.000222656 -0.000233828)
(0.0731867 -0.000207871 -0.000233793)
(0.0692992 -0.000200891 -0.000215484)
(0.0690823 -0.000181341 -0.000204391)
(0.118175 0.000138207 -0.000677681)
(0.116755 2.66887e-05 -0.00083666)
(0.115702 0.000185694 -0.00072042)
(0.118449 0.000136811 -0.000622714)
(0.116997 2.96379e-05 -0.000762299)
(0.115959 0.000191307 -0.000667282)
(0.118703 0.000134709 -0.000571587)
(0.117225 3.26017e-05 -0.000693421)
(0.116197 0.000194288 -0.000617637)
(0.118938 0.000131435 -0.000524262)
(0.117437 3.50731e-05 -0.000629312)
(0.116416 0.000194022 -0.0005702)
(0.119156 0.000126986 -0.000481224)
(0.117634 3.64904e-05 -0.000572341)
(0.116617 0.000190466 -0.0005265)
(0.119357 0.000122053 -0.000441879)
(0.117818 3.69372e-05 -0.000522351)
(0.116801 0.00018448 -0.00048675)
(0.119543 0.000117287 -0.000405675)
(0.11799 3.75604e-05 -0.000475968)
(0.116969 0.000177728 -0.000450309)
(0.119715 0.000112101 -0.000372824)
(0.11815 3.82169e-05 -0.000433523)
(0.117123 0.000171215 -0.0004172)
(0.119874 0.000104461 -0.000339392)
(0.1183 3.7371e-05 -0.000397973)
(0.117265 0.000162149 -0.000384478)
(0.120019 9.33085e-05 -0.000298936)
(0.118437 3.47807e-05 -0.000356531)
(0.117396 0.00014866 -0.000347042)
(0.118561 3.17226e-05 -0.000301353)
(0.117511 0.000131579 -0.000301776)
(0.115623 -7.67586e-05 -0.000915549)
(0.112632 -0.000148658 -0.00100334)
(0.113153 -4.27077e-05 -0.00096589)
(0.115821 -6.96434e-05 -0.000827919)
(0.112767 -0.000147313 -0.000906452)
(0.113319 -2.57253e-05 -0.000875858)
(0.116008 -6.23874e-05 -0.000746738)
(0.112899 -0.000142676 -0.000815225)
(0.113478 -1.15801e-05 -0.000792173)
(0.116183 -5.54605e-05 -0.000673514)
(0.113028 -0.000136168 -0.000730473)
(0.113629 1.88685e-08 -0.000714199)
(0.116347 -4.93621e-05 -0.000609991)
(0.11315 -0.000129315 -0.000657524)
(0.11377 9.35874e-06 -0.000647246)
(0.116503 -4.41827e-05 -0.000554007)
(0.113266 -0.000122743 -0.000597218)
(0.113902 1.60005e-05 -0.000590048)
(0.116651 -3.95933e-05 -0.000503141)
(0.113375 -0.000115433 -0.000541716)
(0.114025 2.00236e-05 -0.000535398)
(0.116787 -3.5429e-05 -0.00045897)
(0.113481 -0.000106997 -0.000488696)
(0.114143 2.26927e-05 -0.000485471)
(0.116917 -3.11438e-05 -0.000415252)
(0.113583 -9.97567e-05 -0.000447201)
(0.114254 2.47092e-05 -0.000446862)
(0.117039 -2.57795e-05 -0.000359184)
(0.113677 -9.17292e-05 -0.000402064)
(0.114356 2.59409e-05 -0.000404388)
(0.113763 -7.88629e-05 -0.000333755)
(0.114448 2.5738e-05 -0.000341366)
(0.109884 -0.000217326 -0.00111302)
(0.103822 -0.000253819 -0.00106197)
(0.107187 -0.000202401 -0.00115139)
(0.109952 -0.000222965 -0.00100208)
(0.103766 -0.000271942 -0.000952692)
(0.107187 -0.000195593 -0.00103497)
(0.110028 -0.000223757 -0.000901876)
(0.103726 -0.000281127 -0.000858492)
(0.107203 -0.000187181 -0.000935854)
(0.110105 -0.000220093 -0.000807908)
(0.103696 -0.000282097 -0.000772579)
(0.107229 -0.000176527 -0.000835123)
(0.110182 -0.000213389 -0.000723453)
(0.103677 -0.000276402 -0.000692675)
(0.10727 -0.000164881 -0.000740743)
(0.110258 -0.00020512 -0.000652669)
(0.103663 -0.000266741 -0.000621986)
(0.107311 -0.000153684 -0.000664788)
(0.110331 -0.000194924 -0.000590938)
(0.103653 -0.000254459 -0.000560779)
(0.107356 -0.000143141 -0.000604073)
(0.110403 -0.000182393 -0.000531497)
(0.103646 -0.000240572 -0.00050718)
(0.107397 -0.000131353 -0.000549702)
(0.110473 -0.000170358 -0.000480396)
(0.103638 -0.000225183 -0.000456688)
(0.107436 -0.000119232 -0.000495335)
(0.110541 -0.000159603 -0.000437488)
(0.103633 -0.00021173 -0.000417582)
(0.107476 -0.0001101 -0.000454207)
(0.110609 -0.000145493 -0.000381553)
(0.10363 -0.000197874 -0.000379491)
(0.107515 -0.000102051 -0.000410627)
(0.10363 -0.000173558 -0.000309567)
(0.107554 -9.01859e-05 -0.000339847)
(0.0982392 -0.000285077 -0.000883827)
(0.0830578 -0.000346613 -0.000723596)
(0.0945742 -0.000275241 -0.000855516)
(0.0980851 -0.000306713 -0.000791429)
(0.0826556 -0.000357218 -0.000648413)
(0.0943256 -0.000285497 -0.000763499)
(0.0979514 -0.000315459 -0.000710292)
(0.0822941 -0.000356247 -0.000581776)
(0.0941139 -0.000287623 -0.000688238)
(0.0978344 -0.000313807 -0.000636801)
(0.0819662 -0.00034568 -0.000523343)
(0.0939261 -0.00028091 -0.000617034)
(0.0977315 -0.000305661 -0.000570446)
(0.0816716 -0.000328392 -0.000471364)
(0.0937611 -0.000268557 -0.000548844)
(0.0976397 -0.000293581 -0.000510806)
(0.0814061 -0.000307634 -0.000424158)
(0.0936148 -0.000254913 -0.000488835)
(0.0975558 -0.000279019 -0.000458973)
(0.0811695 -0.000285021 -0.000379807)
(0.0934881 -0.000239918 -0.000436723)
(0.0974763 -0.000262426 -0.000413624)
(0.0809555 -0.000261309 -0.000339561)
(0.093373 -0.000224467 -0.00039249)
(0.0974 -0.000245317 -0.000373854)
(0.0807629 -0.000236891 -0.000302278)
(0.0932684 -0.000207789 -0.000351292)
(0.0973292 -0.000228901 -0.000339021)
(0.0805832 -0.000216043 -0.000273085)
(0.0931665 -0.00019301 -0.000323112)
(0.0972681 -0.000204802 -0.000286103)
(0.0804239 -0.00019837 -0.000249774)
(0.0930753 -0.000177836 -0.000294292)
(0.0802851 -0.000175837 -0.00021338)
(0.0929953 -0.000152484 -0.000228731)
(0.0693128 -0.000403284 -0.000499838)
(0.0638701 -0.000374943 -0.000416583)
(0.0687278 -0.000396087 -0.000452313)
(0.063273 -0.000363558 -0.000380569)
(0.0681957 -0.000380126 -0.000410292)
(0.0627315 -0.000345667 -0.000345189)
(0.0677135 -0.000357347 -0.000374311)
(0.0622482 -0.000321678 -0.00031461)
(0.0672789 -0.000330168 -0.000341751)
(0.0618048 -0.00029357 -0.000288167)
(0.0668879 -0.000301049 -0.000309813)
(0.0614126 -0.000262862 -0.000259848)
(0.0665372 -0.000271574 -0.000277924)
(0.0610576 -0.000233037 -0.000231059)
(0.0662236 -0.000242637 -0.000247682)
(0.0607442 -0.000205818 -0.000205017)
(0.0659419 -0.000216156 -0.000221818)
(0.060463 -0.000180788 -0.000180061)
(0.065685 -0.000193829 -0.000202229)
(0.0602089 -0.000160516 -0.000160339)
(0.0654489 -0.000174746 -0.000188703)
(0.0599823 -0.000144189 -0.000147482)
(0.0597839 -0.000129634 -0.000136015)
(0.113614 0.000244994 -0.000718769)
(0.112186 0.00011688 -0.000866395)
(0.108682 0.000283288 -0.000677681)
(0.113838 0.000253796 -0.000669816)
(0.112367 0.000135484 -0.000795603)
(0.108856 0.000299993 -0.000640256)
(0.114042 0.000257693 -0.000622934)
(0.112536 0.00014963 -0.000729143)
(0.109007 0.000307844 -0.000603295)
(0.114228 0.000256409 -0.000578317)
(0.112694 0.00015867 -0.000666227)
(0.109139 0.000307565 -0.000565407)
(0.114396 0.000250652 -0.0005371)
(0.112839 0.00016215 -0.000611293)
(0.109253 0.000300641 -0.000527926)
(0.114549 0.000242388 -0.000499607)
(0.112972 0.000161445 -0.000563132)
(0.109349 0.000289075 -0.000492017)
(0.114687 0.000233578 -0.000465737)
(0.113093 0.000158133 -0.000516127)
(0.109432 0.000275962 -0.000459912)
(0.114811 0.000222737 -0.000432126)
(0.113204 0.000154163 -0.000472932)
(0.109502 0.000262935 -0.000431066)
(0.114927 0.000207339 -0.000394755)
(0.113308 0.000147815 -0.00043614)
(0.109562 0.000250097 -0.000403134)
(0.115034 0.000187975 -0.000352371)
(0.113404 0.000138201 -0.00039772)
(0.109613 0.000233573 -0.000369994)
(0.113489 0.000126112 -0.000344376)
(0.109657 0.000207781 -0.000324133)
(0.110993 1.43145e-05 -0.000936102)
(0.107674 -7.76959e-05 -0.000999395)
(0.10587 6.79185e-05 -0.000876279)
(0.111124 3.73277e-05 -0.000849391)
(0.107719 -5.63785e-05 -0.000906549)
(0.105934 9.88896e-05 -0.000797767)
(0.111249 5.53767e-05 -0.000768777)
(0.107769 -3.71418e-05 -0.000812223)
(0.105994 0.000121018 -0.000728453)
(0.111366 6.86513e-05 -0.000696406)
(0.107831 -2.07962e-05 -0.000723872)
(0.10605 0.000134806 -0.000663274)
(0.111476 7.73381e-05 -0.000634401)
(0.10789 -8.32855e-06 -0.000653367)
(0.106098 0.000142182 -0.000605651)
(0.111579 8.14855e-05 -0.00057695)
(0.10795 3.10161e-07 -0.000595822)
(0.10614 0.000143683 -0.00055262)
(0.111675 8.23013e-05 -0.000521702)
(0.108004 4.77664e-06 -0.000543067)
(0.106178 0.000141464 -0.000502661)
(0.111766 8.20359e-05 -0.000476272)
(0.108054 7.94356e-06 -0.000491747)
(0.106207 0.000137213 -0.000457773)
(0.111851 8.10486e-05 -0.00043858)
(0.108103 1.10227e-05 -0.000453122)
(0.106235 0.000132522 -0.000422275)
(0.111932 7.78558e-05 -0.000389959)
(0.108148 1.4207e-05 -0.000411818)
(0.106257 0.0001272 -0.000389353)
(0.108194 1.70711e-05 -0.00034511)
(0.106278 0.000115565 -0.000334274)
(0.104681 -0.000172059 -0.00108797)
(0.0975593 -0.000239198 -0.000978406)
(0.0989503 -0.000119721 -0.00100104)
(0.104634 -0.000152486 -0.000982707)
(0.0973601 -0.000225949 -0.000878712)
(0.0988062 -8.96536e-05 -0.000896204)
(0.104608 -0.000134193 -0.000881954)
(0.0971984 -0.000212671 -0.000797215)
(0.0986936 -6.54759e-05 -0.000810638)
(0.104601 -0.000116525 -0.000780498)
(0.0970602 -0.000197807 -0.000712309)
(0.0985992 -4.5153e-05 -0.000725124)
(0.104607 -0.000100956 -0.000694361)
(0.0969484 -0.000181375 -0.000630501)
(0.0985251 -2.91959e-05 -0.000646177)
(0.104619 -8.81274e-05 -0.000627693)
(0.0968513 -0.000164562 -0.000563625)
(0.0984592 -1.84607e-05 -0.000581648)
(0.104632 -7.75186e-05 -0.000572096)
(0.096773 -0.000148716 -0.000508514)
(0.0984078 -1.14238e-05 -0.000526849)
(0.104645 -6.83626e-05 -0.000519423)
(0.0967009 -0.00013385 -0.000459284)
(0.0983583 -6.83954e-06 -0.000479325)
(0.104655 -6.05842e-05 -0.000472736)
(0.0966384 -0.00012099 -0.000412401)
(0.0983128 -4.07074e-06 -0.000429416)
(0.104667 -5.38953e-05 -0.000431039)
(0.0965763 -0.000111661 -0.000381487)
(0.0982694 -1.86132e-06 -0.000392383)
(0.104686 -4.6649e-05 -0.000374226)
(0.0965229 -0.000103686 -0.000348602)
(0.0982316 1.37188e-06 -0.0003612)
(0.0964774 -9.23424e-05 -0.00028592)
(0.0981986 3.21542e-06 -0.000304438)
(0.091004 -0.000267732 -0.000754471)
(0.0736965 -0.000303858 -0.000558169)
(0.0835969 -0.000219307 -0.000649113)
(0.0907041 -0.000260566 -0.000677755)
(0.0732312 -0.000291055 -0.000502124)
(0.0831873 -0.000202873 -0.000581176)
(0.0904425 -0.000249766 -0.000609405)
(0.0728187 -0.000274295 -0.000453386)
(0.0828274 -0.00018808 -0.000524808)
(0.0902122 -0.000234861 -0.000540456)
(0.0724561 -0.000253333 -0.000404193)
(0.0825152 -0.000172987 -0.000465231)
(0.0900106 -0.00021792 -0.000477698)
(0.0721242 -0.000230386 -0.000358027)
(0.0822292 -0.000157518 -0.000407834)
(0.0898338 -0.000200915 -0.000425869)
(0.0718347 -0.000207471 -0.000317026)
(0.0819823 -0.000142578 -0.000363186)
(0.0896779 -0.000184451 -0.000381988)
(0.0715744 -0.000185859 -0.000281468)
(0.0817578 -0.000128989 -0.000328071)
(0.0895388 -0.000168698 -0.000341923)
(0.0713464 -0.000166162 -0.000251054)
(0.0815605 -0.000117008 -0.000296133)
(0.0894123 -0.000155032 -0.000310641)
(0.0711411 -0.000147385 -0.00022055)
(0.0813825 -0.000106409 -0.000264953)
(0.0892917 -0.000143205 -0.000285134)
(0.0709542 -0.000132132 -0.00019985)
(0.0812156 -9.85428e-05 -0.000243168)
(0.0891796 -0.000128322 -0.000240311)
(0.0707864 -0.000119704 -0.00018027)
(0.0810643 -9.13374e-05 -0.000221836)
(0.0706388 -0.000105268 -0.000144773)
(0.0809294 -8.05757e-05 -0.000171468)
(0.0585321 -0.000322554 -0.000338699)
(0.0509486 -0.000240347 -0.00023043)
(0.0579745 -0.000303009 -0.000310568)
(0.0504192 -0.000223815 -0.000212364)
(0.0574745 -0.00027943 -0.000282528)
(0.0499438 -0.000205252 -0.000194703)
(0.0570275 -0.000253041 -0.000256191)
(0.0495228 -0.000186073 -0.000176574)
(0.0566269 -0.000224652 -0.0002282)
(0.0491401 -0.000166402 -0.000158735)
(0.0562688 -0.000196146 -0.000197821)
(0.0488053 -0.000146395 -0.000140486)
(0.0559494 -0.000170402 -0.000170974)
(0.0484979 -0.000127811 -0.00012339)
(0.055664 -0.000147786 -0.000147845)
(0.0482274 -0.000111784 -0.000108784)
(0.0554117 -0.000128586 -0.000128454)
(0.0479814 -9.74969e-05 -9.38873e-05)
(0.055184 -0.000113969 -0.000114815)
(0.0477637 -8.57858e-05 -8.36451e-05)
(0.054975 -0.000102242 -0.000102962)
(0.0475663 -7.77207e-05 -7.4462e-05)
(0.047403 -7.01224e-05 -6.14081e-05)
(0.104305 0.000316481 -0.000583427)
(0.102711 0.000204928 -0.00068244)
(0.0915728 0.000362427 -0.000503067)
(0.104412 0.000331364 -0.000556392)
(0.102771 0.000233465 -0.000633746)
(0.0914551 0.000371164 -0.000485897)
(0.104496 0.000335031 -0.000527661)
(0.102816 0.000249933 -0.000589973)
(0.0913237 0.000366979 -0.000463995)
(0.10456 0.000329653 -0.000496767)
(0.102849 0.00025549 -0.000546914)
(0.0911842 0.00035419 -0.000438605)
(0.104607 0.000317815 -0.000464937)
(0.10287 0.000253658 -0.00050662)
(0.0910426 0.000335934 -0.000410635)
(0.104639 0.000302132 -0.000434605)
(0.102881 0.000245553 -0.000466808)
(0.090902 0.000314367 -0.000381811)
(0.104659 0.0002851 -0.000407213)
(0.102884 0.000233599 -0.00043156)
(0.0907652 0.000291354 -0.000354458)
(0.104668 0.000269697 -0.00038302)
(0.102875 0.000220839 -0.000399575)
(0.0906329 0.000268617 -0.000329012)
(0.104668 0.000254853 -0.000357851)
(0.102864 0.000210704 -0.000371186)
(0.0905073 0.000248227 -0.000305105)
(0.104664 0.000232028 -0.00032099)
(0.102845 0.000199024 -0.000342001)
(0.0903884 0.000229379 -0.000280214)
(0.10283 0.000175231 -0.000292954)
(0.0902814 0.000208669 -0.000251985)
(0.101259 0.000129931 -0.000724949)
(0.0972369 3.73806e-05 -0.000746211)
(0.08746 0.000231125 -0.000584248)
(0.10126 0.000158852 -0.00066158)
(0.097143 6.89085e-05 -0.000674725)
(0.0872458 0.000247854 -0.00053555)
(0.101256 0.000175914 -0.000605451)
(0.0970578 8.95077e-05 -0.000611689)
(0.0870399 0.000251523 -0.000492634)
(0.101248 0.000184151 -0.000554199)
(0.0969791 0.000101275 -0.000553361)
(0.086845 0.000246223 -0.000452533)
(0.101235 0.000185732 -0.000506303)
(0.096905 0.000107912 -0.000501647)
(0.0866595 0.000236284 -0.000415201)
(0.101216 0.000181811 -0.000460959)
(0.0968388 0.000109365 -0.000453469)
(0.0864889 0.00022255 -0.000377694)
(0.101192 0.000174675 -0.000420397)
(0.096775 0.000107623 -0.000411986)
(0.0863275 0.000205845 -0.000341544)
(0.101164 0.000166502 -0.000385155)
(0.0967108 0.000102713 -0.00037122)
(0.0861767 0.000188555 -0.000310375)
(0.101133 0.000158133 -0.000354519)
(0.096649 9.71066e-05 -0.000339567)
(0.0860343 0.000173269 -0.000285116)
(0.101105 0.000144472 -0.000314255)
(0.096591 9.12987e-05 -0.00031496)
(0.085905 0.000159989 -0.000263393)
(0.0965367 7.86932e-05 -0.000265046)
(0.0857903 0.000144673 -0.000235172)
(0.0936899 -5.96051e-05 -0.000800386)
(0.0848167 -0.00014535 -0.000676392)
(0.0782154 6.67707e-05 -0.000600248)
(0.0934899 -2.64939e-05 -0.000712998)
(0.0844554 -0.000115967 -0.000601339)
(0.0778597 8.87558e-05 -0.0005367)
(0.0933164 -1.52424e-06 -0.000639781)
(0.0841385 -9.0929e-05 -0.000540677)
(0.0775426 0.00010147 -0.000484577)
(0.093163 1.54962e-05 -0.000572332)
(0.0838648 -7.19147e-05 -0.00048054)
(0.0772594 0.000104459 -0.000436381)
(0.0930262 2.63385e-05 -0.000512659)
(0.0836118 -5.79965e-05 -0.00042453)
(0.0769955 0.000101418 -0.000393372)
(0.0929045 3.26711e-05 -0.000460774)
(0.0833922 -4.77475e-05 -0.00037923)
(0.07676 9.61867e-05 -0.000356983)
(0.0927952 3.59839e-05 -0.000416375)
(0.0831913 -3.97497e-05 -0.00034161)
(0.0765459 8.95006e-05 -0.000322522)
(0.0926942 3.65717e-05 -0.000374021)
(0.0830138 -3.3059e-05 -0.00030915)
(0.0763539 8.15624e-05 -0.000290716)
(0.0926014 3.52535e-05 -0.000334864)
(0.0828507 -2.91155e-05 -0.000275205)
(0.0761815 7.26691e-05 -0.000258492)
(0.0925131 3.36467e-05 -0.000306321)
(0.0827002 -2.63741e-05 -0.000249139)
(0.0760203 6.43909e-05 -0.000233448)
(0.092429 2.95676e-05 -0.000270066)
(0.0825627 -2.50454e-05 -0.000230378)
(0.0758761 5.63745e-05 -0.000213755)
(0.0824388 -2.79672e-05 -0.000187307)
(0.0757479 4.70439e-05 -0.000186021)
(0.0768314 -0.000176455 -0.000468133)
(0.0589874 -0.000181928 -0.000282971)
(0.0606035 -8.15524e-05 -0.000322727)
(0.0763752 -0.000154321 -0.00041709)
(0.0585035 -0.000162277 -0.000249278)
(0.0601326 -6.74532e-05 -0.000285703)
(0.0759698 -0.000135384 -0.000368865)
(0.0580711 -0.000144292 -0.000222522)
(0.0597132 -5.62003e-05 -0.000255872)
(0.0756107 -0.000119714 -0.000319522)
(0.0576914 -0.000128322 -0.000193514)
(0.0593439 -4.94037e-05 -0.000224277)
(0.0752916 -0.000106796 -0.000277122)
(0.0573461 -0.000114399 -0.000165169)
(0.0590059 -4.60289e-05 -0.00019392)
(0.0750053 -9.5822e-05 -0.000245782)
(0.0570461 -0.000102841 -0.000145192)
(0.0587104 -4.41392e-05 -0.000170749)
(0.0747471 -8.61871e-05 -0.000221223)
(0.0567679 -9.26941e-05 -0.000131269)
(0.058439 -4.22919e-05 -0.000152988)
(0.0745144 -7.80106e-05 -0.000198389)
(0.0565225 -8.34819e-05 -0.000119175)
(0.0581996 -4.02043e-05 -0.000137654)
(0.074305 -7.1531e-05 -0.000178068)
(0.0562988 -7.50995e-05 -0.000105278)
(0.057983 -3.87485e-05 -0.000121506)
(0.074112 -6.67409e-05 -0.000161722)
(0.0560974 -6.8235e-05 -9.45963e-05)
(0.0577887 -3.76208e-05 -0.000109424)
(0.0739301 -6.33513e-05 -0.000132648)
(0.0559134 -6.32746e-05 -8.39654e-05)
(0.0576117 -3.78595e-05 -9.87227e-05)
(0.0557605 -5.83805e-05 -5.52025e-05)
(0.0574633 -3.99625e-05 -7.30605e-05)
(0.044384 -0.000168518 -0.000105315)
(0.0352441 -0.000104507 -6.20233e-05)
(0.0439256 -0.000153224 -9.41452e-05)
(0.0348433 -9.49189e-05 -5.5092e-05)
(0.0435131 -0.000138333 -8.39272e-05)
(0.0344832 -8.56327e-05 -4.91271e-05)
(0.0431468 -0.000124398 -7.2904e-05)
(0.0341615 -7.77123e-05 -4.20093e-05)
(0.0428233 -0.000111556 -6.25426e-05)
(0.0338767 -7.09437e-05 -3.42577e-05)
(0.0425329 -9.99061e-05 -5.44867e-05)
(0.0336262 -6.51885e-05 -2.73568e-05)
(0.0422692 -8.92106e-05 -4.78751e-05)
(0.0333993 -5.97079e-05 -2.22133e-05)
(0.0420301 -7.94347e-05 -4.13174e-05)
(0.0331954 -5.42746e-05 -1.86577e-05)
(0.0418178 -7.0913e-05 -3.54358e-05)
(0.0330131 -4.94219e-05 -1.48151e-05)
(0.0416251 -6.43562e-05 -2.99989e-05)
(0.0328509 -4.53439e-05 -1.21269e-05)
(0.0414503 -5.91989e-05 -2.05602e-05)
(0.0327034 -4.27723e-05 -8.73068e-06)
(0.0325896 -4.09922e-05 -2.28598e-07)
(0.0800675 0.000398989 -0.000399486)
(0.077684 0.000356653 -0.000410518)
(0.0797338 0.000395687 -0.000393499)
(0.0773146 0.000362404 -0.000397331)
(0.0794011 0.000380273 -0.000379141)
(0.076954 0.000353275 -0.000378824)
(0.0790777 0.000358324 -0.00035941)
(0.0766076 0.000335346 -0.000357615)
(0.0787686 0.000333056 -0.000336327)
(0.0762788 0.00031319 -0.000333365)
(0.078477 0.00030634 -0.000312031)
(0.0759749 0.000288655 -0.000307618)
(0.0782044 0.000279566 -0.000288114)
(0.0756898 0.000262875 -0.000282238)
(0.0779516 0.000253992 -0.000264805)
(0.0754301 0.000237525 -0.000259131)
(0.0777185 0.000231137 -0.000242341)
(0.0751868 0.000214217 -0.000238252)
(0.077505 0.000212638 -0.000223267)
(0.0749689 0.000194895 -0.00021906)
(0.0747731 0.000179438 -0.000205734)
(0.0751083 0.000327286 -0.00040155)
(0.0695418 0.000268271 -0.000364774)
(0.0747108 0.000325793 -0.000378381)
(0.0691222 0.000270346 -0.000342039)
(0.0743361 0.000312821 -0.000355114)
(0.0687357 0.0002603 -0.000321289)
(0.0739868 0.000293595 -0.000330965)
(0.0683722 0.000243523 -0.000301348)
(0.0736635 0.000271451 -0.000305027)
(0.0680411 0.000224222 -0.000280708)
(0.0733663 0.000247881 -0.000278089)
(0.0677373 0.000204189 -0.000257055)
(0.0730936 0.000223844 -0.000252967)
(0.0674615 0.000183956 -0.000231665)
(0.0728442 0.000200969 -0.000231781)
(0.0672144 0.000163626 -0.000210467)
(0.0726148 0.000181092 -0.000214007)
(0.0669838 0.000145314 -0.000193188)
(0.072404 0.000164774 -0.00020032)
(0.0667781 0.00012962 -0.000178547)
(0.0665978 0.000116192 -0.000169199)
(0.0647105 0.000194614 -0.00037078)
(0.0552844 8.95602e-05 -0.000292773)
(0.0642608 0.000201137 -0.00034308)
(0.0548187 9.8969e-05 -0.000269901)
(0.0638484 0.000197343 -0.000318169)
(0.0543997 0.000101726 -0.000249084)
(0.0634716 0.000185613 -0.000296555)
(0.0540231 9.72289e-05 -0.000230554)
(0.0631284 0.000170206 -0.000276706)
(0.0536766 8.82259e-05 -0.000214192)
(0.0628156 0.000153944 -0.00025561)
(0.0533684 7.81879e-05 -0.000199363)
(0.0625328 0.000137516 -0.000231939)
(0.0530864 6.8481e-05 -0.000182944)
(0.062279 0.000121396 -0.000208653)
(0.0528355 5.89412e-05 -0.000165596)
(0.062051 0.00010649 -0.000188726)
(0.0526115 5.03948e-05 -0.000148134)
(0.0618433 9.31273e-05 -0.000172294)
(0.0524086 4.2702e-05 -0.00013409)
(0.0616532 8.09994e-05 -0.000160135)
(0.0522264 3.51086e-05 -0.00012337)
(0.0520746 2.67843e-05 -0.000114548)
(0.0472948 1.68946e-05 -0.000201019)
(0.0364037 -3.16892e-05 -0.000119255)
(0.0468604 2.27837e-05 -0.000183462)
(0.0360122 -2.4363e-05 -0.000109038)
(0.0464689 2.4357e-05 -0.000167749)
(0.0356614 -1.90046e-05 -0.000100056)
(0.0461182 2.17636e-05 -0.000153247)
(0.0353472 -1.64936e-05 -9.03772e-05)
(0.0458061 1.70169e-05 -0.000140951)
(0.0350676 -1.62455e-05 -8.18186e-05)
(0.0455254 1.20818e-05 -0.000130233)
(0.0348204 -1.69158e-05 -7.5572e-05)
(0.0452726 7.702e-06 -0.000119382)
(0.0345983 -1.74631e-05 -6.99216e-05)
(0.0450455 3.8705e-06 -0.000107938)
(0.0343988 -1.7721e-05 -6.38913e-05)
(0.0448455 5.04391e-07 -9.7359e-05)
(0.0342216 -1.80129e-05 -5.76017e-05)
(0.044666 -2.84478e-06 -8.90157e-05)
(0.0340644 -1.82879e-05 -5.25788e-05)
(0.0445028 -7.22339e-06 -8.05596e-05)
(0.033922 -1.90654e-05 -4.79401e-05)
(0.0338114 -2.09375e-05 -4.07259e-05)
(0.0288224 -5.25891e-05 -3.23733e-05)
(0.0284943 -4.65832e-05 -3.09157e-05)
(0.0281974 -4.17051e-05 -2.86401e-05)
(0.027935 -3.82392e-05 -2.56033e-05)
(0.0277056 -3.57258e-05 -2.27869e-05)
(0.0275021 -3.3541e-05 -2.04142e-05)
(0.0273196 -3.13842e-05 -1.83173e-05)
(0.0271554 -2.94086e-05 -1.62106e-05)
(0.0270112 -2.7744e-05 -1.4307e-05)
(0.0268818 -2.66001e-05 -1.27546e-05)
(0.0267687 -2.62075e-05 -9.9262e-06)
)
;

boundaryField
{
    inlet
    {
        type            calculated;
        value           nonuniform List<vector> 0();
    }
    ami1
    {
        type            cyclicAMI;
        value           nonuniform List<vector> 0();
    }
    walls
    {
        type            calculated;
        value           uniform (0 0 0);
    }
    ami2
    {
        type            cyclicAMI;
        value           nonuniform List<vector> 0();
    }
    outlet
    {
        type            calculated;
        value           nonuniform List<vector> 0();
    }
    procBoundary9to0
    {
        type            processor;
        value           nonuniform List<vector> 
40
(
(0.0805104 -0.000507884 0.000336684)
(0.0767629 -0.000584826 0.000363583)
(0.069306 -0.000501321 0.000408821)
(0.0638673 -0.000417321 0.000378059)
(0.0591469 -0.000369615 0.000336671)
(0.0448932 -0.000118129 0.000181974)
(0.0291856 -3.44388e-05 5.91987e-05)
(0.104271 -0.000594774 0.000379778)
(0.102321 -0.000832887 0.000274911)
(0.0982402 -0.000879431 0.000285313)
(0.0945758 -0.000857362 0.000276348)
(0.091359 -0.000855222 0.00027179)
(0.0773489 -0.000536462 0.000199263)
(0.0477829 -0.00022066 -9.14499e-06)
(0.113746 -0.000596011 0.000464722)
(0.112612 -0.00093895 0.000276747)
(0.109886 -0.00111358 0.000218042)
(0.107187 -0.00115372 0.000203789)
(0.104755 -0.00121816 0.00019597)
(0.0939286 -0.000906761 9.98819e-05)
(0.0652058 -0.000398448 -0.000179926)
(0.118483 -0.000472822 0.000417081)
(0.117695 -0.000811807 0.000191797)
(0.115416 -0.00101432 8.39921e-05)
(0.112983 -0.00107303 6.40245e-05)
(0.110729 -0.00115166 5.22692e-05)
(0.101257 -0.000902253 -3.38703e-05)
(0.0759494 -0.000441329 -0.000276402)
(0.120118 -0.00055988 1.21143e-05)
(0.117882 -0.000739501 -0.000139068)
(0.115426 -0.000781927 -0.000176745)
(0.113111 -0.000833337 -0.000209743)
(0.104015 -0.000652234 -0.000255533)
(0.0806798 -0.000369579 -0.000342544)
(0.120813 -0.000257102 -0.000268135)
(0.118484 -0.000416863 -0.000472431)
(0.115903 -0.000441857 -0.000545231)
(0.113468 -0.000465055 -0.000623524)
(0.104117 -0.000349106 -0.000615196)
(0.080827 -0.000280721 -0.0005012)
)
;
    }
    procBoundary9to1
    {
        type            processor;
        value           nonuniform List<vector> 
30
(
(0.120119 -1.17338e-05 -0.000559003)
(0.117696 -0.000191382 -0.000811257)
(0.114965 -0.000224896 -0.000911117)
(0.112418 -0.000252851 -0.00102978)
(0.102308 -0.000218364 -0.000920824)
(0.0772518 -0.000315581 -0.00062203)
(0.117882 0.000139296 -0.000739018)
(0.115415 -8.40239e-05 -0.0010142)
(0.112496 -0.000147543 -0.00111518)
(0.109823 -0.000208079 -0.00124497)
(0.0984179 -0.000251289 -0.000999131)
(0.0699562 -0.000398413 -0.00055363)
(0.113372 0.000232212 -0.000774023)
(0.110861 -1.4141e-05 -0.00103624)
(0.10764 -0.000103275 -0.00111101)
(0.104754 -0.000195229 -0.0012177)
(0.0913574 -0.00027151 -0.000852898)
(0.059154 -0.000336029 -0.000368248)
(0.104171 0.00029218 -0.000615466)
(0.101255 8.9197e-05 -0.000805407)
(0.0973506 -3.47481e-06 -0.000841133)
(0.0939301 -0.000100473 -0.000908447)
(0.0773492 -0.000200263 -0.000536632)
(0.0448974 -0.000181866 -0.000118192)
(0.0803907 0.000381934 -0.000392371)
(0.0755241 0.000311132 -0.000423061)
(0.0699938 0.000251035 -0.000386558)
(0.0652047 0.000177839 -0.000400036)
(0.0477824 8.21143e-06 -0.00022066)
(0.0291873 -5.93542e-05 -3.4404e-05)
)
;
    }
    procBoundary9to7
    {
        type            processor;
        value           nonuniform List<vector> 
59
(
(0.077247 -0.000227857 0.000202529)
(0.0729459 -0.000219315 0.000193167)
(0.0652207 -0.000175286 0.000160375)
(0.054778 -8.95271e-05 9.35973e-05)
(0.0413048 -1.01373e-05 5.56066e-05)
(0.0266864 -6.86874e-06 2.65595e-05)
(0.1047 -0.000253115 0.000263123)
(0.102124 -0.000255909 0.000230137)
(0.0972311 -0.000225635 0.000179963)
(0.0890954 -0.000185005 0.000114851)
(0.0737663 -9.60449e-05 6.32166e-05)
(0.0443664 -7.10195e-05 1.32279e-05)
(0.115556 -0.000243317 0.000262289)
(0.114014 -0.000295152 0.000202492)
(0.110678 -0.000318432 0.000128642)
(0.10472 -0.000315155 4.03725e-05)
(0.0923729 -0.000227174 -2.15697e-05)
(0.061494 -0.000149027 -6.85576e-05)
(0.120872 -0.000173864 0.000186287)
(0.119845 -0.000251227 0.000105248)
(0.117144 -0.000304284 1.82618e-05)
(0.112 -0.000336427 -7.43961e-05)
(0.101095 -0.000270309 -0.000128325)
(0.0722426 -0.000187384 -0.000150503)
(0.122685 -0.000185856 5.93995e-06)
(0.120128 -0.000259769 -8.33823e-05)
(0.115108 -0.000313642 -0.000169436)
(0.104658 -0.000283807 -0.000207699)
(0.0773561 -0.000202755 -0.00019883)
(0.123513 -9.87841e-05 -9.3395e-05)
(0.120852 -0.000188487 -0.000174995)
(0.115531 -0.000264466 -0.000243281)
(0.10469 -0.00026335 -0.000253447)
(0.0773073 -0.000195974 -0.000226882)
(0.122688 -7.93724e-06 -0.000185453)
(0.11984 -0.000108206 -0.000250755)
(0.114001 -0.000203987 -0.000293741)
(0.102118 -0.000228629 -0.000256378)
(0.072975 -0.000187955 -0.000220363)
(0.120142 8.21216e-05 -0.000258967)
(0.117144 -2.03811e-05 -0.000302898)
(0.110667 -0.000129428 -0.000319109)
(0.0972238 -0.000176533 -0.000225442)
(0.0652408 -0.000156472 -0.000176354)
(0.115125 0.000170118 -0.000313034)
(0.112001 7.35626e-05 -0.00033522)
(0.104709 -3.94384e-05 -0.000313826)
(0.0890872 -0.000111111 -0.00018534)
(0.0547947 -9.05172e-05 -9.03427e-05)
(0.104662 0.000206454 -0.000281151)
(0.101085 0.000127786 -0.000269186)
(0.0923595 2.31604e-05 -0.000225583)
(0.0737717 -6.03477e-05 -9.50807e-05)
(0.041313 -5.36603e-05 -9.91153e-06)
(0.0773159 0.000196977 -0.000207027)
(0.0722173 0.000150273 -0.000189282)
(0.061486 6.94779e-05 -0.000150442)
(0.0443688 -1.23513e-05 -7.13077e-05)
(0.026689 -2.58708e-05 -6.79133e-06)
)
;
    }
    procBoundary9to8
    {
        type            processor;
        value           nonuniform List<vector> 
132
(
(0.0802783 -0.000453338 0.000377912)
(0.0799356 -0.000447587 0.000384416)
(0.07959 -0.000429383 0.000378884)
(0.0792492 -0.000404553 0.000365379)
(0.0789211 -0.000376167 0.000346674)
(0.0786104 -0.00034612 0.000324715)
(0.0783189 -0.000316282 0.000301315)
(0.0780477 -0.00028794 0.00027786)
(0.0777959 -0.000261982 0.000254485)
(0.0775668 -0.000239842 0.000232415)
(0.0773621 -0.000223505 0.000214175)
(0.104294 -0.000445367 0.00049423)
(0.104411 -0.00044565 0.000490056)
(0.104502 -0.000437015 0.000479816)
(0.104571 -0.00042045 0.000463129)
(0.104622 -0.000398564 0.0004417)
(0.104658 -0.000373812 0.000418208)
(0.104681 -0.000349026 0.000394928)
(0.104692 -0.000325914 0.000372944)
(0.104696 -0.000305807 0.00035346)
(0.104692 -0.000283409 0.000328877)
(0.104685 -0.000245629 0.000287788)
(0.11369 -0.000409896 0.000603344)
(0.113928 -0.000401521 0.000574198)
(0.114146 -0.000389744 0.00054511)
(0.114345 -0.000374065 0.000515075)
(0.114526 -0.000355477 0.000485074)
(0.114688 -0.000335947 0.000456061)
(0.114835 -0.000317286 0.000428612)
(0.114968 -0.000300179 0.000403773)
(0.115088 -0.00028011 0.000376932)
(0.115201 -0.00025176 0.000342875)
(0.1153 -0.00021747 0.000302155)
(0.11834 -0.000297289 0.000556422)
(0.118632 -0.000281963 0.00051658)
(0.118904 -0.000266524 0.000479717)
(0.119156 -0.000250544 0.000444811)
(0.11939 -0.000234346 0.000412079)
(0.119605 -0.000218604 0.000381588)
(0.119803 -0.000203869 0.000353118)
(0.119987 -0.000190228 0.000326802)
(0.120157 -0.00017661 0.000302102)
(0.120311 -0.000158547 0.000272811)
(0.120448 -0.000135464 0.000236099)
(0.119803 -0.000358064 0.00032688)
(0.120124 -0.000333357 0.000307407)
(0.120423 -0.000309683 0.000288974)
(0.1207 -0.000286563 0.000270992)
(0.120955 -0.000264333 0.000253485)
(0.121192 -0.000243437 0.000236707)
(0.121409 -0.000224013 0.000220834)
(0.12161 -0.000205976 0.000205864)
(0.121796 -0.000188354 0.000190966)
(0.121963 -0.000166888 0.000172357)
(0.122111 -0.000141368 0.000149776)
(0.120642 -0.000398196 0.000128823)
(0.120974 -0.00036711 0.000119568)
(0.121282 -0.000337858 0.000111068)
(0.121569 -0.000310118 0.000103104)
(0.121834 -0.000284161 9.55883e-05)
(0.122078 -0.000260115 8.85277e-05)
(0.122305 -0.000237822 8.18799e-05)
(0.122514 -0.000217133 7.56042e-05)
(0.122707 -0.000197374 6.95211e-05)
(0.122881 -0.000174612 6.2583e-05)
(0.123034 -0.000148224 5.4732e-05)
(0.121349 -0.000125066 -0.000129876)
(0.121697 -0.000116804 -0.000120764)
(0.122021 -0.000108718 -0.000111915)
(0.122321 -0.000100762 -0.000103299)
(0.122599 -9.31048e-05 -9.50861e-05)
(0.122855 -8.58925e-05 -8.74215e-05)
(0.123092 -7.91891e-05 -8.03423e-05)
(0.12331 -7.29851e-05 -7.37882e-05)
(0.123512 -6.70105e-05 -6.74058e-05)
(0.123693 -5.99463e-05 -5.97286e-05)
(0.123851 -5.17003e-05 -5.05902e-05)
(0.120643 0.000122884 -0.000391797)
(0.120974 0.00011333 -0.000361797)
(0.121282 0.000104636 -0.000333561)
(0.121568 9.6604e-05 -0.000306752)
(0.121833 8.90664e-05 -0.000281682)
(0.122077 8.19633e-05 -0.000258547)
(0.122303 7.52845e-05 -0.000237184)
(0.122512 6.90074e-05 -0.000217407)
(0.122704 6.27999e-05 -0.000198572)
(0.122878 5.5375e-05 -0.00017685)
(0.123031 4.65366e-05 -0.000151513)
(0.118338 0.000297208 -0.000555507)
(0.11863 0.000281579 -0.00051622)
(0.118902 0.000266515 -0.000479589)
(0.119153 0.000251412 -0.000444612)
(0.119385 0.00023614 -0.000411848)
(0.1196 0.000221061 -0.000381562)
(0.119797 0.000206807 -0.000353451)
(0.11998 0.000193696 -0.000327595)
(0.120148 0.000180595 -0.000303411)
(0.120302 0.000162582 -0.000274206)
(0.120437 0.000138658 -0.000237247)
(0.113686 0.00040869 -0.000601635)
(0.113923 0.000399747 -0.000572981)
(0.114141 0.000388116 -0.000544318)
(0.114339 0.00037315 -0.000514422)
(0.114518 0.000355237 -0.000484493)
(0.114679 0.000335791 -0.000455449)
(0.114825 0.000317092 -0.000428117)
(0.114956 0.000300157 -0.000403411)
(0.115075 0.00028026 -0.000376638)
(0.115186 0.000253051 -0.000342951)
(0.115284 0.00021997 -0.000302254)
(0.104292 0.000441728 -0.000493061)
(0.104409 0.000441573 -0.00048889)
(0.1045 0.000432822 -0.000478868)
(0.104568 0.000416331 -0.000462447)
(0.104619 0.000394451 -0.000441529)
(0.104654 0.000369767 -0.000418009)
(0.104675 0.000345107 -0.000394676)
(0.104686 0.000321988 -0.000372717)
(0.104689 0.000301812 -0.000353261)
(0.104683 0.00028066 -0.000329207)
(0.104675 0.000245127 -0.000287426)
(0.080292 0.000447115 -0.000377959)
(0.079952 0.000440794 -0.000383993)
(0.0796093 0.000421859 -0.000378249)
(0.0792717 0.000396289 -0.000364824)
(0.0789469 0.000367433 -0.000346024)
(0.0786396 0.000337426 -0.000323895)
(0.0783515 0.000307997 -0.00030039)
(0.0780838 0.000280304 -0.000276814)
(0.0778356 0.000255175 -0.000253108)
(0.0776096 0.000233192 -0.000230787)
(0.0774088 0.000216766 -0.000212383)
)
;
    }
}


// ************************************************************************* //
