/*--------------------------------*- C++ -*----------------------------------*\
| =========                 |                                                 |
| \\      /  F ield         | OpenFOAM: The Open Source CFD Toolbox           |
|  \\    /   O peration     | Version:  2212                                  |
|   \\  /    A nd           | Website:  www.openfoam.com                      |
|    \\/     M anipulation  |                                                 |
\*---------------------------------------------------------------------------*/
FoamFile
{
    version     2.0;
    format      ascii;
    arch        "LSB;label=32;scalar=64";
    class       surfaceVectorField;
    location    "2.45";
    object      Uf;
}
// * * * * * * * * * * * * * * * * * * * * * * * * * * * * * * * * * * * * * //

dimensions      [0 1 -1 0 0 0 0];

internalField   nonuniform List<vector> 
1795
(
(0.0556173 0.000288306 0.000287238)
(0.0650541 0.000468959 0.000388096)
(0.0650537 0.000388634 0.000467507)
(0.0536301 0.000227559 0.000225815)
(0.0629715 0.000415342 0.000308947)
(0.0629706 0.000309799 0.00041291)
(0.0518883 0.000184145 0.0001813)
(0.0611405 0.000372935 0.000256878)
(0.0611392 0.000258259 0.000368888)
(0.0503433 0.0001528 0.000148234)
(0.0595027 0.000334846 0.000223007)
(0.0595003 0.000225374 0.000328186)
(0.048964 0.000129214 0.000121928)
(0.0580252 0.000299775 0.000200969)
(0.0580212 0.000204692 0.000288948)
(0.0477259 0.000110289 9.82408e-05)
(0.0566845 0.000269111 0.000186552)
(0.0566779 0.000191368 0.000251367)
(0.0554602 0.000244222 0.000176299)
(0.0554493 0.000184271 0.000214728)
(0.076561 0.000991092 0.00062624)
(0.083064 0.00136932 0.000914188)
(0.0844839 0.000982215 0.000691552)
(0.0746582 0.000903401 0.000520095)
(0.0813298 0.00127478 0.000803217)
(0.0828856 0.000843805 0.000550088)
(0.072935 0.000828062 0.000456195)
(0.0797548 0.00118783 0.000729206)
(0.081457 0.000742222 0.000457989)
(0.0713562 0.000754178 0.000418688)
(0.0783116 0.00110175 0.000684186)
(0.0801665 0.000658336 0.000396092)
(0.0699018 0.000681001 0.000397125)
(0.0769792 0.00101542 0.000658684)
(0.0789895 0.000584189 0.000352409)
(0.0685581 0.000613781 0.00038648)
(0.0757413 0.000927711 0.000646135)
(0.0779082 0.000520182 0.000322842)
(0.0745878 0.000838383 0.000642384)
(0.0769181 0.000468354 0.000303054)
(0.0891542 0.00165171 0.00111499)
(0.0923698 0.00157362 0.00126642)
(0.0941504 0.00164212 0.00120456)
(0.0878088 0.001544 0.00103422)
(0.0913344 0.00147605 0.00117352)
(0.0931696 0.00150051 0.00109715)
(0.0865685 0.00142995 0.000974754)
(0.0903465 0.00136199 0.00110627)
(0.0922675 0.00136792 0.00101625)
(0.0854186 0.00131683 0.000937692)
(0.0894182 0.00124484 0.00106235)
(0.0914443 0.00124603 0.000961323)
(0.0843434 0.00120589 0.000919141)
(0.0885417 0.00112661 0.00103791)
(0.0906916 0.00113497 0.000927661)
(0.0833311 0.0010914 0.000914219)
(0.0877036 0.00100653 0.00102896)
(0.0899996 0.00103014 0.000909782)
(0.0868955 0.000879202 0.00103325)
(0.0893634 0.000922252 0.000901735)
(0.0948724 0.00134833 0.00133003)
(0.0959913 0.000913256 0.00138035)
(0.0985114 0.00138962 0.0015163)
(0.094237 0.00128477 0.00126046)
(0.0955212 0.0008965 0.00128056)
(0.0981782 0.00129413 0.00142175)
(0.0936089 0.00119606 0.00121619)
(0.0950639 0.000859526 0.00122053)
(0.0978316 0.00118557 0.00134684)
(0.0929903 0.00108989 0.00118931)
(0.0946038 0.000794852 0.00119035)
(0.0974944 0.00107252 0.00129606)
(0.0923782 0.000973989 0.00117772)
(0.0941389 0.000715654 0.00118157)
(0.0971681 0.000959611 0.0012657)
(0.0917665 0.000849926 0.00118074)
(0.0936612 0.000629394 0.00118761)
(0.096848 0.000845748 0.00125228)
(0.093156 0.000533841 0.00120985)
(0.0965294 0.000726066 0.00125632)
(0.096671 0.000433566 0.00133055)
(0.0968278 -1.23849e-06 0.00138954)
(0.0999375 0.000482511 0.00157362)
(0.0963879 0.000422626 0.00123708)
(0.0965247 -2.0262e-06 0.00127186)
(0.0998957 0.000456942 0.00148326)
(0.0961171 0.000403549 0.00119012)
(0.0962649 -3.32412e-06 0.00120281)
(0.0998604 0.000430215 0.00142188)
(0.09583 0.000372179 0.00117898)
(0.0959815 -5.47428e-06 0.00117828)
(0.0998018 0.000395423 0.00138559)
(0.095511 0.000329838 0.00118901)
(0.0956725 -9.04548e-06 0.00118111)
(0.0997246 0.000352847 0.00136478)
(0.0951475 0.000278042 0.00121536)
(0.0953307 -1.50526e-05 0.00119954)
(0.0996239 0.000304579 0.00136238)
(0.0949341 -2.5392e-05 0.00123633)
(0.0994844 0.000249634 0.00138503)
(0.0966695 -0.000436631 0.00133085)
(0.0959894 -0.000915086 0.00138062)
(0.0999364 -0.000484559 0.00157387)
(0.0963854 -0.000427639 0.00123759)
(0.095518 -0.000899478 0.00128106)
(0.099894 -0.000460271 0.00148367)
(0.0961129 -0.000411759 0.00119097)
(0.0950585 -0.000864311 0.00122145)
(0.0998576 -0.00043567 0.00142256)
(0.0958229 -0.000385649 0.00118041)
(0.0945948 -0.00080255 0.00119194)
(0.0997972 -0.000404336 0.00138667)
(0.095499 -0.000352061 0.00119163)
(0.0941239 -0.000728103 0.00118442)
(0.0997171 -0.000367373 0.00136668)
(0.0951268 -0.000315128 0.0012205)
(0.0936359 -0.000649841 0.00119268)
(0.0996111 -0.000328186 0.00136613)
(0.0994626 -0.000288443 0.0013925)
(0.0948689 -0.00134987 0.00133046)
(0.0923673 -0.00157391 0.00126682)
(0.0985092 -0.00139049 0.00151681)
(0.0942313 -0.00128716 0.00126129)
(0.0913301 -0.00147644 0.0011742)
(0.0981745 -0.00129548 0.00142257)
(0.0935993 -0.00119975 0.00121774)
(0.0903393 -0.00136249 0.00110748)
(0.0978255 -0.0011877 0.00134825)
(0.0929743 -0.00109564 0.00119213)
(0.0894064 -0.00124547 0.00106442)
(0.0974842 -0.00107582 0.00129851)
(0.0923516 -0.000983188 0.00118274)
(0.0885221 -0.00112741 0.0010416)
(0.0971512 -0.000964777 0.00127012)
(0.0876711 -0.00100766 0.00103532)
(0.0968198 -0.000853854 0.00126041)
(0.0891509 -0.00165105 0.00111564)
(0.0830622 -0.00136823 0.00091474)
(0.0941484 -0.00164151 0.00120534)
(0.0878033 -0.00154285 0.00103529)
(0.0813267 -0.00127295 0.00080412)
(0.0931663 -0.00149944 0.00109842)
(0.0865595 -0.00142798 0.000976528)
(0.0797498 -0.00118475 0.000730696)
(0.092262 -0.00136609 0.00101838)
(0.0854038 -0.00131353 0.000940719)
(0.0783032 -0.00109659 0.00068678)
(0.0914353 -0.00124304 0.00096492)
(0.0843192 -0.00120049 0.000924406)
(0.0769651 -0.00100704 0.000663018)
(0.0906769 -0.00113009 0.00093389)
(0.0757182 -0.000914504 0.000652158)
(0.0899758 -0.00102204 0.000920551)
(0.0765594 -0.000988929 0.000627006)
(0.0650536 -0.00046752 0.000388636)
(0.0844831 -0.000980859 0.000692695)
(0.0746554 -0.000899753 0.000521334)
(0.0629706 -0.000412924 0.000309801)
(0.0828844 -0.000841511 0.000551987)
(0.0729304 -0.000821955 0.000458354)
(0.0611391 -0.000368904 0.000258261)
(0.081455 -0.000738373 0.00046116)
(0.0713484 -0.000744106 0.000422312)
(0.0595002 -0.000328205 0.000225374)
(0.0801631 -0.00065183 0.000401611)
(0.0698886 -0.000664643 0.000401761)
(0.058021 -0.000288967 0.00020469)
(0.0789837 -0.000573685 0.000361392)
(0.0566776 -0.0002514 0.000191378)
(0.0778988 -0.000503969 0.000335787)
(0.0556173 -0.000287244 0.000288303)
(0.0650541 -0.000388093 0.000468955)
(0.05363 -0.000225821 0.000227556)
(0.0629714 -0.000308943 0.000415339)
(0.0518882 -0.000181307 0.000184142)
(0.0611404 -0.000256874 0.000372934)
(0.0503431 -0.000148239 0.000152794)
(0.0595025 -0.000223002 0.000334845)
(0.0489639 -0.000121938 0.000129216)
(0.058025 -0.000200962 0.000299777)
(0.0566842 -0.000186548 0.000269132)
(0.0765594 0.000626998 0.000988905)
(0.0844832 0.000692686 0.000980848)
(0.0830622 0.000914736 0.00136821)
(0.0746555 0.000521324 0.000899723)
(0.0828845 0.000551975 0.000841497)
(0.0813268 0.000804114 0.00127293)
(0.0729305 0.000458345 0.000821919)
(0.0814551 0.000461146 0.000738355)
(0.0797499 0.000730689 0.00118472)
(0.0713486 0.000422303 0.000744062)
(0.0801632 0.000401596 0.000651808)
(0.0783033 0.000686773 0.00109655)
(0.0698889 0.000401748 0.000664586)
(0.0789839 0.00036137 0.000573657)
(0.0769653 0.000663007 0.001007)
(0.0685371 0.000392642 0.000586947)
(0.0778991 0.000335716 0.000503894)
(0.0757185 0.000652148 0.000914466)
(0.076903 0.00032431 0.00044168)
(0.07455 0.000652513 0.000816837)
(0.0926215 0.000962446 0.000960732)
(0.0959619 0.00140416 0.00132122)
(0.0959613 0.00132235 0.00140303)
(0.0916005 0.000778477 0.000775593)
(0.095152 0.00119083 0.00111817)
(0.095151 0.00112008 0.00118891)
(0.0906993 0.000646737 0.000641814)
(0.0944325 0.00103059 0.000971286)
(0.0944308 0.000974485 0.00102736)
(0.0898986 0.000548941 0.00054084)
(0.0937994 0.000906869 0.000863197)
(0.0937966 0.00086866 0.000901503)
(0.0891793 0.000475636 0.000463259)
(0.0932396 0.000808745 0.000783321)
(0.0932351 0.000792232 0.000800148)
(0.0885328 0.000421193 0.00040166)
(0.0927416 0.000727753 0.000723651)
(0.0927346 0.000737554 0.000714358)
(0.0923075 0.000655582 0.000674553)
(0.0922969 0.000697678 0.000634118)
(0.0989358 0.00156128 0.00148309)
(0.100665 0.00158161 0.00176571)
(0.100856 0.00176924 0.00175703)
(0.0984684 0.00137446 0.00132079)
(0.10041 0.0013919 0.00159048)
(0.100609 0.00156732 0.00156283)
(0.0980541 0.00121932 0.00120018)
(0.100175 0.00122332 0.00144605)
(0.100383 0.0013992 0.00140836)
(0.0976938 0.00108893 0.00111302)
(0.0999694 0.00107874 0.00134133)
(0.10019 0.00125915 0.00128671)
(0.0973854 0.000976439 0.00105105)
(0.0997958 0.000954456 0.00126883)
(0.100034 0.00114167 0.00119162)
(0.0971281 0.000872609 0.0010045)
(0.0996526 0.000842156 0.00121988)
(0.0999156 0.00104068 0.00111589)
(0.0995398 0.000731674 0.00118721)
(0.0998375 0.000947509 0.00105089)
(0.102276 0.00137837 0.00188579)
(0.10284 0.00101527 0.00200604)
(0.103287 0.00147741 0.0020491)
(0.102273 0.00122377 0.00173156)
(0.102964 0.0009132 0.00187135)
(0.103493 0.00132416 0.00188983)
(0.102268 0.0010807 0.00160537)
(0.103066 0.000816188 0.00174638)
(0.10367 0.00117925 0.0017456)
(0.102266 0.000954588 0.00151746)
(0.103157 0.000725754 0.00164743)
(0.103831 0.00105066 0.00163283)
(0.102271 0.000840004 0.00145989)
(0.103247 0.000641248 0.00157388)
(0.103987 0.000937573 0.00154765)
(0.102284 0.000728182 0.00142674)
(0.103332 0.000558877 0.00153078)
(0.104142 0.000833017 0.00148579)
(0.103411 0.00047323 0.00151769)
(0.104299 0.00073035 0.0014439)
(0.103552 0.000523811 0.00199302)
(0.103426 -9.25989e-07 0.00204684)
(0.104184 0.000553995 0.00210761)
(0.103784 0.000477891 0.00188829)
(0.103676 -1.48664e-06 0.00193967)
(0.104619 0.000505399 0.00199615)
(0.103988 0.00043143 0.0017908)
(0.103892 -2.43642e-06 0.00183765)
(0.105006 0.00045803 0.00188655)
(0.104175 0.000382501 0.00170614)
(0.104083 -3.96805e-06 0.00174513)
(0.105356 0.00041083 0.00178747)
(0.104348 0.000332332 0.0016471)
(0.104263 -6.4346e-06 0.00166914)
(0.10568 0.000364217 0.0017065)
(0.104504 0.00028013 0.0016245)
(0.104427 -1.01905e-05 0.00162869)
(0.105982 0.000318679 0.00165596)
(0.104567 -1.61369e-05 0.00162687)
(0.106262 0.000270931 0.00163651)
(0.103551 -0.000526083 0.00199348)
(0.102839 -0.00101641 0.00200663)
(0.104183 -0.000555338 0.00210801)
(0.103782 -0.000481596 0.00188903)
(0.102962 -0.000915021 0.00187226)
(0.104618 -0.000507537 0.00199678)
(0.103985 -0.000437478 0.00179198)
(0.103063 -0.000819237 0.00174788)
(0.105004 -0.00046149 0.00188759)
(0.10417 -0.000392281 0.00170813)
(0.103152 -0.000730748 0.00164998)
(0.105353 -0.000416388 0.00178918)
(0.104341 -0.00034789 0.00165074)
(0.103237 -0.000649239 0.0015783)
(0.105676 -0.000373058 0.00170947)
(0.104491 -0.000304766 0.00163107)
(0.103317 -0.00057111 0.00153859)
(0.105975 -0.000332468 0.0016611)
(0.106251 -0.000292456 0.00164511)
(0.102274 -0.00137902 0.00188682)
(0.100664 -0.00158143 0.00176664)
(0.103285 -0.00147765 0.00205003)
(0.102269 -0.00122481 0.0017332)
(0.100407 -0.00139154 0.00159198)
(0.10349 -0.0013245 0.00189128)
(0.102262 -0.00108238 0.00160817)
(0.10017 -0.00122266 0.00144852)
(0.103666 -0.00117984 0.00174798)
(0.102256 -0.000957218 0.0015223)
(0.0999625 -0.00107757 0.0013455)
(0.103826 -0.00105162 0.00163691)
(0.102255 -0.00084384 0.00146828)
(0.0997844 -0.000952377 0.00127586)
(0.103978 -0.000939067 0.00155447)
(0.0996345 -0.000838264 0.00123185)
(0.104127 -0.000834995 0.00149713)
(0.098934 -0.00156022 0.00148448)
(0.0959612 -0.00140303 0.00132237)
(0.100855 -0.00176837 0.00175815)
(0.0984654 -0.00137264 0.0013231)
(0.0951509 -0.00118891 0.0011201)
(0.100608 -0.00156587 0.00156469)
(0.0980492 -0.00121632 0.00120402)
(0.0944307 -0.00102737 0.00097451)
(0.100381 -0.00139678 0.00141142)
(0.0976858 -0.00108404 0.00111943)
(0.0937964 -0.000901516 0.000868692)
(0.100187 -0.00125523 0.00129171)
(0.0973729 -0.000968202 0.00106175)
(0.0932349 -0.000800172 0.000792283)
(0.100028 -0.00113529 0.00119975)
(0.0927344 -0.000714444 0.000737683)
(0.0999074 -0.00103009 0.00112914)
(0.0926215 -0.000960732 0.000962462)
(0.0844838 -0.000691544 0.000982222)
(0.0959618 -0.00132121 0.00140419)
(0.0916004 -0.000775594 0.000778496)
(0.0828855 -0.000550079 0.000843816)
(0.0951519 -0.00111817 0.00119086)
(0.0906991 -0.000641814 0.000646759)
(0.0814569 -0.000457977 0.000742236)
(0.0944324 -0.000971285 0.00103064)
(0.0898984 -0.000540839 0.000548969)
(0.0801663 -0.000396073 0.000658351)
(0.0937992 -0.000863193 0.000906927)
(0.089179 -0.000463301 0.000475718)
(0.0789893 -0.000352385 0.000584209)
(0.0932394 -0.00078331 0.000808815)
(0.0779079 -0.00032284 0.000520248)
(0.0927414 -0.000723677 0.000727886)
(0.0765609 -0.000626229 0.000991097)
(0.0830639 -0.00091418 0.00136934)
(0.0746581 -0.000520083 0.000903411)
(0.0813297 -0.000803209 0.00127481)
(0.0729349 -0.000456179 0.000828075)
(0.0797547 -0.000729197 0.00118787)
(0.071356 -0.000418668 0.000754194)
(0.0783114 -0.000684174 0.0011018)
(0.0699016 -0.000397096 0.000681025)
(0.076979 -0.000658666 0.00101549)
(0.075741 -0.000646094 0.000927781)
(0.089151 0.00111563 0.00165102)
(0.0941484 0.00120533 0.00164149)
(0.0923673 0.00126682 0.00157388)
(0.0878034 0.00103529 0.00154282)
(0.0931663 0.00109841 0.00149942)
(0.0913302 0.00117419 0.00147641)
(0.0865596 0.000976519 0.00142794)
(0.0922621 0.00101836 0.00136606)
(0.0903394 0.00110747 0.00136245)
(0.085404 0.000940704 0.00131347)
(0.0914354 0.000964892 0.00124301)
(0.0894066 0.00106441 0.00124543)
(0.0843194 0.000924386 0.00120043)
(0.0906771 0.000933841 0.00113003)
(0.0885223 0.00104157 0.00112736)
(0.0832914 0.000923428 0.00108255)
(0.089976 0.000920474 0.00102196)
(0.0876713 0.00103529 0.00100759)
(0.0893254 0.000920509 0.000909411)
(0.0868413 0.00104434 0.000880636)
(0.0989341 0.00148446 0.00156021)
(0.100855 0.00175811 0.00176836)
(0.100664 0.00176662 0.00158141)
(0.0984655 0.00132307 0.00137262)
(0.100608 0.00156465 0.00156586)
(0.100407 0.00159195 0.00139153)
(0.0980493 0.00120398 0.0012163)
(0.100381 0.00141137 0.00139676)
(0.10017 0.00144848 0.00122263)
(0.097686 0.00111937 0.001084)
(0.100187 0.00129164 0.00125521)
(0.0999626 0.00134545 0.00107753)
(0.0973731 0.00106165 0.000968124)
(0.100029 0.00119965 0.00113525)
(0.0997846 0.00127578 0.000952315)
(0.0971093 0.00102228 0.000859147)
(0.0999076 0.00112899 0.00103002)
(0.0996347 0.00123172 0.000838157)
(0.0998255 0.00107218 0.000930717)
(0.0995121 0.0012075 0.000725223)
(0.102729 0.00177001 0.0017687)
(0.103526 0.00169624 0.00195858)
(0.103525 0.00195953 0.00169564)
(0.102751 0.00158797 0.00158581)
(0.103747 0.0015176 0.00178422)
(0.103746 0.00178576 0.00151661)
(0.102772 0.00143587 0.00143236)
(0.103938 0.00136248 0.00163046)
(0.103938 0.00163294 0.00136088)
(0.102804 0.00130964 0.00130398)
(0.104117 0.0012292 0.0014996)
(0.104116 0.00150365 0.00122661)
(0.102858 0.00120464 0.00119556)
(0.104296 0.00111539 0.0013899)
(0.104293 0.00139644 0.00111122)
(0.102937 0.00111557 0.00110113)
(0.104481 0.00101667 0.00129862)
(0.104478 0.00130924 0.00100996)
(0.10468 0.000927249 0.00122121)
(0.104675 0.0012383 0.000916652)
(0.104607 0.00141582 0.00197928)
(0.104694 0.00103533 0.00206672)
(0.104796 0.00150798 0.00180784)
(0.10501 0.0012735 0.00183639)
(0.105224 0.000933609 0.00194382)
(0.105363 0.00138336 0.00168026)
(0.105371 0.00114383 0.00170676)
(0.105698 0.000837703 0.00182155)
(0.105877 0.00126151 0.00155357)
(0.105705 0.00102879 0.00159584)
(0.10613 0.00075227 0.00171091)
(0.106348 0.00114972 0.00143929)
(0.106025 0.000926223 0.00150446)
(0.106531 0.000676742 0.00161704)
(0.106789 0.0010503 0.00134058)
(0.106338 0.000831528 0.00143149)
(0.106911 0.000607668 0.00154338)
(0.10721 0.000961771 0.00125764)
(0.107281 0.000540519 0.00149011)
(0.107619 0.000881269 0.00118888)
(0.105324 0.000532877 0.00203178)
(0.105006 -4.89199e-07 0.00208075)
(0.105254 0.000557686 0.00180945)
(0.105928 0.000483246 0.00193043)
(0.105641 -7.59024e-07 0.00198331)
(0.105994 0.000515581 0.00172898)
(0.106475 0.000435416 0.00182775)
(0.106214 -1.18576e-06 0.00187837)
(0.106676 0.000471972 0.00163683)
(0.106976 0.000390802 0.00173444)
(0.106735 -1.83978e-06 0.00177848)
(0.107305 0.000430185 0.00154418)
(0.10744 0.00034906 0.0016585)
(0.107214 -2.82335e-06 0.00169265)
(0.107889 0.000391519 0.00145983)
(0.107879 0.000308256 0.00160485)
(0.107662 -4.2513e-06 0.00162807)
(0.108435 0.000355776 0.00139043)
(0.108091 -6.3204e-06 0.00158766)
(0.108956 0.00032121 0.00134008)
(0.105324 -0.000534037 0.00203228)
(0.104693 -0.00103576 0.00206739)
(0.105254 -0.000558257 0.00180978)
(0.105928 -0.000485057 0.00193125)
(0.105223 -0.000934266 0.00194489)
(0.105994 -0.000516457 0.0017295)
(0.106474 -0.000438244 0.0018291)
(0.105696 -0.000838754 0.00182327)
(0.106675 -0.000473324 0.00163766)
(0.106974 -0.000395181 0.00173669)
(0.106127 -0.000753947 0.00171372)
(0.107304 -0.000432259 0.00154552)
(0.107437 -0.000355738 0.00166222)
(0.106527 -0.000679365 0.00162163)
(0.107887 -0.000394664 0.00146198)
(0.107875 -0.000318289 0.00161087)
(0.106906 -0.000611623 0.0015509)
(0.108433 -0.000360464 0.00139387)
(0.108954 -0.000328114 0.00134547)
(0.104606 -0.00141571 0.0019805)
(0.103525 -0.00169565 0.00195957)
(0.104795 -0.00150776 0.00180858)
(0.105008 -0.00127332 0.00183833)
(0.103746 -0.00151662 0.00178582)
(0.105362 -0.00138299 0.00168142)
(0.105368 -0.00114356 0.00170988)
(0.103937 -0.0013609 0.00163301)
(0.105876 -0.00126093 0.0015554)
(0.105701 -0.00102836 0.00160092)
(0.104116 -0.00122663 0.00150374)
(0.106346 -0.0011488 0.00144223)
(0.106019 -0.000925478 0.00151273)
(0.104293 -0.00111125 0.00139655)
(0.106787 -0.00104883 0.00134528)
(0.104478 -0.00101001 0.00130939)
(0.107206 -0.000959387 0.00126523)
(0.102729 -0.0017687 0.00177006)
(0.100856 -0.00175703 0.00176928)
(0.103526 -0.00195859 0.00169629)
(0.102751 -0.00158582 0.00158803)
(0.100609 -0.00156283 0.00156737)
(0.103747 -0.00178423 0.00151766)
(0.102772 -0.00143237 0.00143594)
(0.100383 -0.00140836 0.00139927)
(0.103938 -0.00163047 0.00136256)
(0.102804 -0.001304 0.00130973)
(0.10019 -0.00128671 0.00125923)
(0.104117 -0.00149962 0.0012293)
(0.102858 -0.00119559 0.00120477)
(0.100034 -0.00119162 0.00114177)
(0.104296 -0.00138991 0.00111552)
(0.0999154 -0.00111589 0.0010408)
(0.104481 -0.00129865 0.00101683)
(0.0989357 -0.00148309 0.00156133)
(0.0941503 -0.00120455 0.00164216)
(0.100665 -0.00176571 0.00158166)
(0.0984683 -0.00132078 0.00137452)
(0.0931695 -0.00109714 0.00150055)
(0.10041 -0.00159048 0.00139197)
(0.098054 -0.00120017 0.00121939)
(0.0922673 -0.00101624 0.00136798)
(0.100174 -0.00144605 0.0012234)
(0.0976936 -0.00111299 0.00108901)
(0.0914441 -0.0009613 0.00124611)
(0.0999693 -0.00134132 0.00107884)
(0.0973852 -0.00105101 0.000976532)
(0.0906914 -0.000927623 0.00113506)
(0.0997956 -0.0012688 0.000954578)
(0.0899993 -0.000909715 0.00103024)
(0.0996524 -0.00121983 0.000842306)
(0.0891541 -0.00111498 0.00165175)
(0.0923698 -0.00126642 0.00157367)
(0.0878086 -0.00103421 0.00154406)
(0.0913344 -0.00117351 0.00147611)
(0.0865683 -0.000974741 0.00143002)
(0.0903463 -0.00110626 0.00136208)
(0.0854184 -0.000937672 0.00131692)
(0.0894181 -0.00106235 0.00124495)
(0.0843431 -0.000919103 0.00120599)
(0.0885415 -0.00103789 0.00112675)
(0.0877033 -0.00102892 0.00100672)
(0.094869 0.00133046 0.00134984)
(0.0985092 0.00151679 0.00139047)
(0.0959894 0.00138061 0.000915054)
(0.0942314 0.00126128 0.00128712)
(0.0981746 0.00142255 0.00129545)
(0.0955181 0.00128105 0.000899438)
(0.0935994 0.00121773 0.0011997)
(0.0978256 0.00134823 0.00118766)
(0.0950586 0.00122143 0.000864263)
(0.0929745 0.00119211 0.00109558)
(0.0974843 0.00129847 0.00107577)
(0.094595 0.00119192 0.000802493)
(0.0923518 0.0011827 0.000983109)
(0.0971514 0.00127006 0.000964704)
(0.0941241 0.00118439 0.000728034)
(0.0917221 0.00118943 0.00086473)
(0.09682 0.00126033 0.000853757)
(0.0936361 0.00119263 0.000649752)
(0.0964832 0.00127112 0.00073889)
(0.0931132 0.00121901 0.000567623)
(0.102274 0.00188679 0.00137899)
(0.103285 0.00204999 0.00147763)
(0.102839 0.0020066 0.00101639)
(0.102269 0.00173316 0.00122477)
(0.10349 0.00189123 0.00132448)
(0.102962 0.00187222 0.000914992)
(0.102262 0.00160812 0.00108233)
(0.103666 0.00174792 0.00117981)
(0.103063 0.00174783 0.000819197)
(0.102256 0.00152223 0.000957153)
(0.103826 0.00163683 0.00105158)
(0.103152 0.00164991 0.000730692)
(0.102255 0.00146817 0.000843747)
(0.103978 0.00155436 0.000939002)
(0.103237 0.00157821 0.00064916)
(0.102258 0.00144123 0.000733602)
(0.104127 0.00149697 0.000834904)
(0.103317 0.00153845 0.000571002)
(0.104277 0.0014627 0.000733093)
(0.103386 0.00153123 0.000492322)
(0.104606 0.00198045 0.0014157)
(0.104795 0.00180852 0.00150775)
(0.104693 0.00206734 0.00103575)
(0.105008 0.00183826 0.0012733)
(0.105362 0.00168135 0.00138298)
(0.105223 0.00194483 0.000934247)
(0.105368 0.0017098 0.00114353)
(0.105876 0.00155532 0.00126091)
(0.105697 0.00182319 0.000838727)
(0.105701 0.00160081 0.00102831)
(0.106346 0.00144212 0.00114877)
(0.106127 0.00171362 0.000753907)
(0.106019 0.00151259 0.000925419)
(0.106787 0.00134514 0.00104879)
(0.106527 0.0016215 0.000679307)
(0.106329 0.00144486 0.000830193)
(0.107207 0.00126506 0.000959326)
(0.106906 0.00155074 0.000611546)
(0.107613 0.00120081 0.000877467)
(0.107273 0.00150216 0.000546369)
(0.105582 0.00147587 0.00147538)
(0.105367 0.00104811 0.00151704)
(0.105367 0.00151731 0.00104804)
(0.106268 0.00137342 0.00137262)
(0.106149 0.000980582 0.0014351)
(0.106149 0.00143555 0.000980442)
(0.106898 0.00127077 0.00126948)
(0.106875 0.000908589 0.00134429)
(0.106875 0.00134502 0.000908344)
(0.107483 0.0011756 0.00117354)
(0.107548 0.000839534 0.0012542)
(0.107548 0.00125538 0.000839111)
(0.108032 0.00109105 0.00108779)
(0.108176 0.000776947 0.00117066)
(0.108176 0.00117255 0.00077623)
(0.108554 0.00101758 0.00101251)
(0.108767 0.000721766 0.00109676)
(0.108767 0.00109973 0.000720571)
(0.109331 0.000673279 0.00103412)
(0.109331 0.00103868 0.000671363)
(0.105942 0.000540224 0.00147681)
(0.105515 -1.24258e-07 0.00150861)
(0.105594 0.000551576 0.00103289)
(0.106765 0.000504534 0.00140729)
(0.106366 -1.80479e-07 0.0014453)
(0.106494 0.000523406 0.00098937)
(0.107534 0.000467349 0.00132991)
(0.107163 -2.59058e-07 0.00136975)
(0.107343 0.000491021 0.000937587)
(0.108252 0.000431894 0.00125249)
(0.107905 -3.638e-07 0.00129079)
(0.10814 0.000458225 0.000883611)
(0.108924 0.000399627 0.001181)
(0.108598 -4.97633e-07 0.00121531)
(0.108887 0.000427337 0.000831946)
(0.109558 0.000370561 0.00111996)
(0.109249 -6.6005e-07 0.00114841)
(0.109589 0.000399486 0.000785791)
(0.109866 -8.56037e-07 0.0010941)
(0.110255 0.000374834 0.000747503)
(0.105941 -0.000540485 0.0014771)
(0.105367 -0.00104805 0.00151738)
(0.105594 -0.000551703 0.00103302)
(0.106765 -0.000504911 0.00140775)
(0.106149 -0.000980457 0.00143563)
(0.106494 -0.000523582 0.000989575)
(0.107534 -0.000467884 0.00133063)
(0.106875 -0.000908366 0.00134512)
(0.107343 -0.000491263 0.0009379)
(0.108251 -0.000432635 0.00125361)
(0.107548 -0.000839142 0.00125551)
(0.10814 -0.000458555 0.000884087)
(0.108923 -0.000400628 0.00118271)
(0.108175 -0.000776273 0.0011727)
(0.108886 -0.000427776 0.000832661)
(0.109557 -0.000371886 0.00112254)
(0.108767 -0.000720632 0.0010999)
(0.109589 -0.000400061 0.000786846)
(0.110255 -0.000375593 0.000749022)
(0.105582 -0.00147539 0.00147594)
(0.104796 -0.00180785 0.00150804)
(0.105367 -0.00151705 0.00104818)
(0.106267 -0.00137264 0.00137351)
(0.105363 -0.00168027 0.00138344)
(0.106149 -0.00143511 0.000980671)
(0.106898 -0.0012695 0.00127088)
(0.105877 -0.00155358 0.0012616)
(0.106875 -0.0013443 0.000908698)
(0.107482 -0.00117357 0.00117574)
(0.106348 -0.00143931 0.00114984)
(0.107548 -0.00125422 0.000839668)
(0.108032 -0.00108784 0.00109122)
(0.106789 -0.0013406 0.00105045)
(0.108176 -0.00117069 0.000777111)
(0.10721 -0.00125767 0.000961953)
(0.108767 -0.00109681 0.000721964)
(0.104607 -0.00197928 0.00141589)
(0.103287 -0.0020491 0.00147747)
(0.104694 -0.00206672 0.0010354)
(0.10501 -0.0018364 0.00127359)
(0.103492 -0.00188983 0.00132424)
(0.105224 -0.00194382 0.000933698)
(0.105371 -0.00170676 0.00114394)
(0.10367 -0.0017456 0.00117935)
(0.105698 -0.00182156 0.000837814)
(0.105705 -0.00159585 0.00102892)
(0.103831 -0.00163283 0.00105079)
(0.10613 -0.00171092 0.000752408)
(0.106025 -0.00150447 0.000926389)
(0.103987 -0.00154764 0.000937724)
(0.106531 -0.00161704 0.000676912)
(0.104142 -0.00148577 0.000833196)
(0.106911 -0.00154338 0.000607876)
(0.102276 -0.00188578 0.00137844)
(0.0985114 -0.00151629 0.00138968)
(0.10284 -0.00200604 0.00101534)
(0.102273 -0.00173155 0.00122386)
(0.0981782 -0.00142174 0.00129421)
(0.102964 -0.00187134 0.00091329)
(0.102268 -0.00160536 0.00108081)
(0.0978315 -0.00134683 0.00118567)
(0.103066 -0.00174638 0.000816303)
(0.102266 -0.00151743 0.000954726)
(0.0974942 -0.00129605 0.00107266)
(0.103157 -0.00164742 0.000725901)
(0.102271 -0.00145985 0.000840167)
(0.097168 -0.00126567 0.000959775)
(0.103246 -0.00157385 0.00064143)
(0.0968478 -0.00125223 0.000845948)
(0.103332 -0.00153073 0.000559094)
(0.0948723 -0.00133003 0.00134841)
(0.0959912 -0.00138034 0.000913323)
(0.094237 -0.00126045 0.00128486)
(0.0955212 -0.00128056 0.000896588)
(0.0936088 -0.00121619 0.00119618)
(0.0950638 -0.00122053 0.000859642)
(0.0929901 -0.0011893 0.00109005)
(0.0946037 -0.00119035 0.000795003)
(0.092378 -0.00117771 0.00097419)
(0.0941387 -0.00118157 0.000715849)
(0.093661 -0.00118759 0.000629642)
(0.0966695 0.00133084 0.000436591)
(0.0999365 0.00157385 0.000484528)
(0.0968278 0.00138953 1.20217e-06)
(0.0963854 0.00123758 0.000427591)
(0.0998941 0.00148365 0.000460232)
(0.0965247 0.00127184 1.98181e-06)
(0.096113 0.00119095 0.000411702)
(0.0998577 0.00142252 0.000435621)
(0.096265 0.00120279 3.2699e-06)
(0.095823 0.00118038 0.000385581)
(0.0997973 0.00138663 0.000404274)
(0.0959816 0.00117825 5.4077e-06)
(0.0954991 0.00119159 0.000351978)
(0.0997172 0.00136662 0.000367295)
(0.0956726 0.00118107 8.96308e-06)
(0.095127 0.00122042 0.000315012)
(0.0996112 0.00136604 0.000328086)
(0.0953309 0.00119948 1.49501e-05)
(0.0994629 0.00139236 0.000288312)
(0.0949343 0.00123622 2.52576e-05)
(0.103551 0.00199344 0.000526053)
(0.104183 0.00210797 0.000555317)
(0.103426 0.0020468 9.00353e-07)
(0.103782 0.00188898 0.000481556)
(0.104618 0.00199673 0.000507508)
(0.103676 0.00193963 1.45271e-06)
(0.103985 0.00179192 0.000437424)
(0.105004 0.00188752 0.00046145)
(0.103892 0.00183759 2.39132e-06)
(0.10417 0.00170805 0.000392209)
(0.105353 0.00178909 0.000416333)
(0.104084 0.00174506 3.90745e-06)
(0.104341 0.00165062 0.000347794)
(0.105676 0.00170935 0.000372983)
(0.104263 0.00166904 6.35285e-06)
(0.104491 0.00163091 0.000304651)
(0.105975 0.00166094 0.00033237)
(0.104428 0.00162855 1.00845e-05)
(0.106252 0.00164492 0.000292344)
(0.104567 0.00162669 1.60121e-05)
(0.105324 0.00203223 0.000534018)
(0.105254 0.00180972 0.000558243)
(0.105006 0.0020807 4.71598e-07)
(0.105928 0.00193118 0.000485029)
(0.105994 0.00172943 0.000516436)
(0.105641 0.00198325 7.34325e-07)
(0.106474 0.00182901 0.000438204)
(0.106675 0.00163758 0.000473295)
(0.106214 0.00187829 1.15141e-06)
(0.106974 0.00173657 0.000395125)
(0.107304 0.00154541 0.000432218)
(0.106735 0.00177838 1.79225e-06)
(0.107437 0.00166206 0.000355663)
(0.107887 0.00146185 0.000394606)
(0.107214 0.00169252 2.75837e-06)
(0.107875 0.00161069 0.000318195)
(0.108433 0.0013937 0.000360386)
(0.107662 0.0016279 4.16569e-06)
(0.108954 0.00134527 0.000328017)
(0.108092 0.00158746 6.21508e-06)
(0.105941 0.00147703 0.000540471)
(0.105594 0.00103295 0.000551694)
(0.105515 0.00150855 1.12282e-07)
(0.106765 0.00140767 0.000504889)
(0.106494 0.000989489 0.000523568)
(0.106366 0.00144522 1.63041e-07)
(0.107534 0.00133052 0.000467854)
(0.107343 0.000937795 0.000491243)
(0.107163 0.00136965 2.34196e-07)
(0.108252 0.00125348 0.000432592)
(0.10814 0.000883959 0.000458526)
(0.107905 0.00129067 3.28875e-07)
(0.108923 0.00118255 0.000400569)
(0.108886 0.000832507 0.000427735)
(0.108598 0.00121517 4.49333e-07)
(0.109557 0.00112235 0.000371805)
(0.109589 0.000786661 0.000400004)
(0.109249 0.00114824 5.94797e-07)
(0.110255 0.000748803 0.000375514)
(0.109866 0.0010939 7.69902e-07)
(0.106152 0.000534705 0.000534735)
(0.105676 -2.45693e-08 0.000545901)
(0.105676 0.00054583 1.92709e-08)
(0.107078 0.000509989 0.000510014)
(0.106625 -2.76046e-08 0.000523622)
(0.106625 0.000523535 1.88772e-08)
(0.107955 0.000482113 0.000482125)
(0.107528 -2.93893e-08 0.000496483)
(0.107528 0.000496377 1.59044e-08)
(0.108782 0.000453973 0.000453964)
(0.108381 -2.92704e-08 0.000467878)
(0.108381 0.000467751 9.19519e-09)
(0.109561 0.000427568 0.000427531)
(0.109183 -2.7251e-08 0.000440208)
(0.109183 0.000440055 -1.88392e-09)
(0.110297 0.0004042 0.00040414)
(0.109939 -2.54409e-08 0.00041507)
(0.109939 0.000414888 -1.60233e-08)
(0.110654 -3.30465e-08 0.000393484)
(0.110654 0.000393268 -2.53153e-08)
(0.106152 -0.000534743 0.000534787)
(0.105594 -0.00103289 0.000551652)
(0.105676 -0.000545903 5.17437e-08)
(0.107078 -0.000510026 0.000510091)
(0.106494 -0.000989379 0.0005235)
(0.106625 -0.000523627 6.64095e-08)
(0.107955 -0.000482143 0.000482236)
(0.107343 -0.000937601 0.000491136)
(0.107528 -0.000496491 8.57123e-08)
(0.108782 -0.000453991 0.000454122)
(0.10814 -0.000883631 0.000458366)
(0.108381 -0.000467892 1.11004e-07)
(0.109561 -0.000427571 0.000427748)
(0.108887 -0.000831977 0.000427508)
(0.109183 -0.000440229 1.42996e-07)
(0.110296 -0.000404197 0.000404414)
(0.109589 -0.000785835 0.000399691)
(0.109939 -0.000415102 1.80872e-07)
(0.110654 -0.00039353 2.13383e-07)
(0.105942 -0.00147681 0.000540311)
(0.105254 -0.00180946 0.000557765)
(0.105515 -0.00150861 -4.3248e-08)
(0.106765 -0.0014073 0.000504642)
(0.105994 -0.00172899 0.000515679)
(0.106366 -0.0014453 -7.96007e-08)
(0.107534 -0.00132992 0.000467482)
(0.106676 -0.00163684 0.000472094)
(0.107163 -0.00136976 -1.341e-07)
(0.108252 -0.00125251 0.000432056)
(0.107305 -0.00154419 0.000430336)
(0.107905 -0.0012908 -2.0973e-07)
(0.108924 -0.00118103 0.000399824)
(0.107888 -0.00145984 0.000391703)
(0.108598 -0.00121533 -3.08368e-07)
(0.108435 -0.00139045 0.000356001)
(0.109249 -0.00114843 -4.28102e-07)
(0.105324 -0.00203178 0.000532966)
(0.104184 -0.00210761 0.000554075)
(0.105006 -0.00208075 -4.06204e-07)
(0.105928 -0.00193043 0.000483358)
(0.104619 -0.00199615 0.0005055)
(0.105641 -0.00198331 -6.54227e-07)
(0.106475 -0.00182775 0.000435556)
(0.105006 -0.00188655 0.000458158)
(0.106214 -0.00187837 -1.05412e-06)
(0.106976 -0.00173445 0.000390974)
(0.105356 -0.00178746 0.000410991)
(0.106735 -0.00177848 -1.67556e-06)
(0.10744 -0.0016585 0.000349272)
(0.10568 -0.00170649 0.000364417)
(0.107214 -0.00169265 -2.61977e-06)
(0.105982 -0.00165593 0.000318925)
(0.107662 -0.00162806 -3.99713e-06)
(0.103552 -0.00199302 0.000523902)
(0.0999374 -0.00157362 0.000482586)
(0.103426 -0.00204684 -8.41518e-07)
(0.103784 -0.00188829 0.000478007)
(0.0998957 -0.00148326 0.000457039)
(0.103676 -0.00193967 -1.37815e-06)
(0.103988 -0.00179079 0.000431579)
(0.0998603 -0.00142187 0.000430341)
(0.103892 -0.00183765 -2.29737e-06)
(0.104175 -0.00170612 0.000382689)
(0.0998017 -0.00138559 0.000395587)
(0.104083 -0.00174512 -3.79035e-06)
(0.104348 -0.00164705 0.000332567)
(0.0997245 -0.00136477 0.000353057)
(0.104263 -0.00166911 -6.2093e-06)
(0.0996238 -0.00136235 0.000304843)
(0.104427 -0.00162864 -9.90786e-06)
(0.0966709 -0.00133055 0.000433648)
(0.0968278 -0.00138954 -1.16376e-06)
(0.0963878 -0.00123708 0.000422734)
(0.0965247 -0.00127186 -1.92776e-06)
(0.0961171 -0.00119013 0.000403691)
(0.0962649 -0.00120281 -3.19541e-06)
(0.0958299 -0.00117898 0.000372365)
(0.0959815 -0.00117828 -5.30576e-06)
(0.0955109 -0.00118901 0.000330078)
(0.0956725 -0.0011811 -8.82664e-06)
(0.0953307 -0.00119951 -1.4776e-05)
(0.096671 0.00133053 -0.000433608)
(0.0999375 0.0015736 -0.000482544)
(0.0959913 0.00138033 -0.000913295)
(0.0963879 0.00123706 -0.000422678)
(0.0998958 0.00148323 -0.000456982)
(0.0955213 0.00128054 -0.000896546)
(0.0961172 0.0011901 -0.000403614)
(0.0998604 0.00142184 -0.000430266)
(0.0950639 0.00122051 -0.000859584)
(0.0958301 0.00117894 -0.000372261)
(0.0998018 0.00138554 -0.00039549)
(0.0946038 0.00119031 -0.000794925)
(0.0955111 0.00118896 -0.000329943)
(0.0997247 0.00136472 -0.000352934)
(0.094139 0.00118152 -0.000715747)
(0.0951477 0.00121528 -0.000278172)
(0.0996241 0.00136228 -0.000304691)
(0.0936613 0.00118754 -0.000629513)
(0.0994846 0.00138489 -0.000249773)
(0.0931562 0.00120973 -0.000533988)
(0.103553 0.00199298 -0.000523841)
(0.104184 0.00210757 -0.000554018)
(0.10284 0.002006 -0.0010153)
(0.103784 0.00188824 -0.00047793)
(0.104619 0.0019961 -0.000505429)
(0.102964 0.0018713 -0.000913232)
(0.103988 0.00179073 -0.000431482)
(0.105006 0.00188648 -0.000458071)
(0.103066 0.00174632 -0.000816231)
(0.104175 0.00170605 -0.000382572)
(0.105356 0.00178738 -0.000410885)
(0.103157 0.00164735 -0.000725812)
(0.104349 0.00164697 -0.000332426)
(0.10568 0.00170638 -0.000364291)
(0.103247 0.00157378 -0.000641328)
(0.104504 0.00162433 -0.00028025)
(0.105982 0.0016558 -0.000318775)
(0.103333 0.00153064 -0.00055898)
(0.106262 0.00163631 -0.000271055)
(0.103411 0.0015175 -0.000473364)
(0.105324 0.00203172 -0.0005329)
(0.105254 0.0018094 -0.000557702)
(0.104694 0.00206667 -0.00103535)
(0.105929 0.00193036 -0.000483278)
(0.105994 0.00172891 -0.000515603)
(0.105224 0.00194376 -0.000933635)
(0.106475 0.00182766 -0.000435459)
(0.106676 0.00163674 -0.000472003)
(0.105698 0.00182148 -0.000837738)
(0.106976 0.00173433 -0.00039086)
(0.107305 0.00154407 -0.000430228)
(0.10613 0.00171082 -0.000752319)
(0.10744 0.00165836 -0.000349137)
(0.107889 0.00145969 -0.000391576)
(0.106531 0.00161692 -0.000676809)
(0.107879 0.00160467 -0.000308356)
(0.108436 0.00139027 -0.000355851)
(0.106912 0.00154322 -0.000607756)
(0.108957 0.00133988 -0.000321309)
(0.107281 0.00148993 -0.000540632)
(0.105942 0.00147674 -0.000540239)
(0.105594 0.00103282 -0.000551585)
(0.105367 0.00151699 -0.00104812)
(0.106765 0.00140721 -0.000504555)
(0.106494 0.000989292 -0.000523419)
(0.106149 0.00143503 -0.000980599)
(0.107534 0.00132981 -0.000467379)
(0.107343 0.000937491 -0.00049104)
(0.106875 0.0013442 -0.000908613)
(0.108252 0.00125237 -0.000431935)
(0.10814 0.000883496 -0.000458252)
(0.107548 0.0012541 -0.000839567)
(0.108924 0.00118085 -0.000399683)
(0.108887 0.000831808 -0.000427374)
(0.108176 0.00117053 -0.000776992)
(0.109558 0.00111979 -0.000370635)
(0.109589 0.000785626 -0.000399536)
(0.108767 0.00109661 -0.000721827)
(0.110255 0.000747306 -0.000374902)
(0.109331 0.00103394 -0.00067336)
(0.106152 0.00053466 -0.000534711)
(0.105676 -4.85481e-08 -0.00054583)
(0.105594 0.000551632 -0.00103296)
(0.107078 0.000509923 -0.000509999)
(0.106625 -6.39446e-08 -0.000523537)
(0.106494 0.000523493 -0.000989496)
(0.107955 0.000482015 -0.000482128)
(0.107528 -8.4348e-08 -0.000496381)
(0.107343 0.000491152 -0.000937805)
(0.108782 0.000453833 -0.000453995)
(0.108381 -1.11438e-07 -0.000467758)
(0.10814 0.000458417 -0.000883975)
(0.109561 0.000427375 -0.0004276)
(0.109183 -1.46424e-07 -0.000440068)
(0.108886 0.000427606 -0.00083253)
(0.110297 0.000403955 -0.000404245)
(0.109939 -1.89017e-07 -0.000414907)
(0.109589 0.000399852 -0.000786693)
(0.110654 -2.29996e-07 -0.000393297)
(0.110255 0.000375335 -0.000748848)
(0.106152 -0.000534787 -0.000534656)
(0.105594 -0.00103302 -0.000551622)
(0.105594 -0.000551647 -0.00103282)
(0.107078 -0.000510092 -0.000509919)
(0.106494 -0.000989577 -0.000523482)
(0.106494 -0.000523495 -0.000989286)
(0.107955 -0.000482239 -0.000482012)
(0.107343 -0.000937903 -0.000491139)
(0.107343 -0.000491131 -0.000937485)
(0.108782 -0.000454129 -0.000453831)
(0.10814 -0.000884093 -0.000458401)
(0.10814 -0.000458361 -0.00088349)
(0.109561 -0.00042776 -0.000427375)
(0.108886 -0.000832672 -0.000427587)
(0.108887 -0.000427503 -0.000831803)
(0.110297 -0.000404435 -0.000403959)
(0.109589 -0.000786863 -0.00039983)
(0.109589 -0.000399688 -0.000785621)
(0.110255 -0.00037508 -0.000747305)
(0.105941 -0.0014771 -0.000540391)
(0.105254 -0.00180978 -0.000558172)
(0.105367 -0.00151738 -0.00104796)
(0.106765 -0.00140776 -0.000504793)
(0.105994 -0.0017295 -0.00051635)
(0.106149 -0.00143563 -0.000980355)
(0.107534 -0.00133064 -0.000467738)
(0.106675 -0.00163767 -0.00047319)
(0.106875 -0.00134512 -0.000908239)
(0.108251 -0.00125362 -0.000432454)
(0.107304 -0.00154553 -0.000432092)
(0.107548 -0.00125551 -0.000838983)
(0.108923 -0.00118273 -0.000400404)
(0.107887 -0.00146199 -0.000394455)
(0.108176 -0.0011727 -0.000776075)
(0.108433 -0.00139387 -0.000360202)
(0.108767 -0.00109991 -0.000720383)
(0.105324 -0.00203229 -0.00053394)
(0.104183 -0.00210801 -0.000555251)
(0.104693 -0.0020674 -0.00103568)
(0.105928 -0.00193125 -0.000484933)
(0.104618 -0.00199678 -0.000507426)
(0.105223 -0.00194489 -0.000934161)
(0.106474 -0.0018291 -0.000438088)
(0.105004 -0.00188759 -0.000461349)
(0.105697 -0.00182327 -0.00083862)
(0.106974 -0.00173669 -0.000394985)
(0.105353 -0.00178917 -0.000416208)
(0.106127 -0.00171372 -0.000753777)
(0.107437 -0.0016622 -0.000355492)
(0.105676 -0.00170945 -0.00037283)
(0.106527 -0.00162162 -0.000679149)
(0.105975 -0.00166106 -0.000332178)
(0.106906 -0.00155088 -0.000611348)
(0.103551 -0.00199348 -0.000525982)
(0.0999364 -0.00157387 -0.000484477)
(0.102839 -0.00200664 -0.00101633)
(0.103782 -0.00188903 -0.000481467)
(0.099894 -0.00148367 -0.000460165)
(0.102962 -0.00187226 -0.000914913)
(0.103985 -0.00179198 -0.000437313)
(0.0998576 -0.00142255 -0.000435532)
(0.103063 -0.00174789 -0.000819098)
(0.10417 -0.00170812 -0.00039207)
(0.0997972 -0.00138666 -0.000404157)
(0.103152 -0.00164998 -0.000730568)
(0.104341 -0.0016507 -0.00034762)
(0.0997171 -0.00136665 -0.000367144)
(0.103237 -0.00157829 -0.00064901)
(0.0996111 -0.00136608 -0.000327895)
(0.103317 -0.00153855 -0.000570814)
(0.0966695 -0.00133085 -0.000436542)
(0.0959894 -0.00138063 -0.000915008)
(0.0963854 -0.00123759 -0.000427522)
(0.0955181 -0.00128106 -0.000899376)
(0.0961129 -0.00119096 -0.000411607)
(0.0950585 -0.00122145 -0.000864178)
(0.0958229 -0.0011804 -0.000385452)
(0.0945949 -0.00119194 -0.000802378)
(0.095499 -0.0011916 -0.00035181)
(0.094124 -0.00118441 -0.000727883)
(0.093636 -0.00119265 -0.000649558)
(0.0948724 0.00133001 -0.00134838)
(0.0985115 0.00151627 -0.00138965)
(0.0923698 0.0012664 -0.00157366)
(0.0942371 0.00126043 -0.00128482)
(0.0981783 0.00142171 -0.00129417)
(0.0913345 0.00117349 -0.00147609)
(0.0936089 0.00121615 -0.00119612)
(0.0978317 0.0013468 -0.00118562)
(0.0903465 0.00110623 -0.00136205)
(0.0929903 0.00118925 -0.00108998)
(0.0974944 0.001296 -0.00107259)
(0.0894183 0.0010623 -0.0012449)
(0.0923783 0.00117765 -0.000974095)
(0.0971682 0.00126561 -0.000959696)
(0.0885418 0.00103784 -0.00112669)
(0.0917667 0.00118063 -0.000850062)
(0.0968481 0.00125216 -0.000845856)
(0.0877037 0.00102887 -0.00100664)
(0.0965295 0.00125616 -0.000726208)
(0.0868956 0.00103312 -0.000879345)
(0.102276 0.00188575 -0.0013784)
(0.103287 0.00204906 -0.00147743)
(0.100665 0.00176568 -0.00158163)
(0.102273 0.00173151 -0.00122381)
(0.103493 0.00188978 -0.00132419)
(0.10041 0.00159044 -0.00139193)
(0.102268 0.0016053 -0.00108075)
(0.10367 0.00174553 -0.00117929)
(0.100175 0.001446 -0.00122335)
(0.102267 0.00151737 -0.000954654)
(0.103831 0.00163275 -0.00105072)
(0.0999694 0.00134126 -0.00107879)
(0.102272 0.00145977 -0.000840091)
(0.103987 0.00154754 -0.000937644)
(0.0997958 0.00126873 -0.000954527)
(0.102284 0.00142658 -0.000728297)
(0.104142 0.00148565 -0.00083311)
(0.0996527 0.00121975 -0.00084225)
(0.104299 0.00144371 -0.000730473)
(0.0995398 0.00118704 -0.000731799)
(0.104607 0.00197922 -0.00141584)
(0.104796 0.00180779 -0.00150799)
(0.103526 0.00195854 -0.00169625)
(0.10501 0.00183632 -0.00127353)
(0.105363 0.0016802 -0.00138338)
(0.103747 0.00178417 -0.00151762)
(0.105371 0.00170668 -0.00114387)
(0.105877 0.0015535 -0.00126153)
(0.103939 0.00163039 -0.00136251)
(0.105705 0.00159574 -0.00102884)
(0.106348 0.0014392 -0.00114976)
(0.104117 0.00149952 -0.00122924)
(0.106025 0.00150433 -0.000926299)
(0.106789 0.00134046 -0.00105036)
(0.104296 0.0013898 -0.00111545)
(0.106338 0.00143133 -0.000831628)
(0.10721 0.0012575 -0.000961844)
(0.104481 0.00129849 -0.00101675)
(0.107619 0.00118871 -0.000881365)
(0.10468 0.00122105 -0.000927353)
(0.105582 0.00147532 -0.00147588)
(0.105367 0.00104798 -0.00151732)
(0.104795 0.0015077 -0.00180853)
(0.106268 0.00137255 -0.00137344)
(0.106149 0.000980375 -0.00143556)
(0.105362 0.00138292 -0.00168136)
(0.106898 0.00126939 -0.0012708)
(0.106875 0.000908263 -0.00134503)
(0.105876 0.00126084 -0.00155533)
(0.107483 0.00117343 -0.00117564)
(0.107548 0.000839014 -0.00125541)
(0.106346 0.00114868 -0.00144215)
(0.108032 0.00108767 -0.00109111)
(0.108176 0.000776115 -0.00117258)
(0.106787 0.00104869 -0.00134518)
(0.108554 0.00101237 -0.00101765)
(0.108767 0.000720435 -0.00109977)
(0.107207 0.00095921 -0.00126511)
(0.109331 0.000671203 -0.00103874)
(0.107613 0.000877331 -0.00120088)
(0.105941 0.000540408 -0.00147703)
(0.105515 5.51234e-08 -0.00150854)
(0.105254 0.000558191 -0.00180973)
(0.106765 0.000504813 -0.00140767)
(0.106366 9.39906e-08 -0.00144522)
(0.105994 0.000516374 -0.00172943)
(0.107534 0.000467763 -0.00133053)
(0.107163 1.51934e-07 -0.00136966)
(0.106675 0.000473221 -0.00163758)
(0.108252 0.000432486 -0.00125349)
(0.107905 2.31828e-07 -0.00129067)
(0.107304 0.000432132 -0.00154542)
(0.108923 0.000400444 -0.00118258)
(0.108598 3.35656e-07 -0.00121517)
(0.107887 0.000394507 -0.00146186)
(0.109557 0.000371659 -0.00112239)
(0.109249 4.62031e-07 -0.00114825)
(0.108433 0.000360272 -0.00139372)
(0.109866 6.14912e-07 -0.00109391)
(0.108954 0.000327886 -0.0013453)
(0.105068 -0.000569633 -0.00152882)
(0.10453 -0.00110051 -0.00157696)
(0.104453 -0.000593286 -0.00186567)
(0.105942 -0.000540302 -0.00147673)
(0.105367 -0.00104818 -0.00151697)
(0.105254 -0.000557754 -0.00180939)
(0.106765 -0.00050463 -0.0014072)
(0.106149 -0.000980665 -0.00143501)
(0.105994 -0.000515665 -0.00172891)
(0.107534 -0.000467468 -0.0013298)
(0.106875 -0.000908692 -0.00134419)
(0.106676 -0.000472075 -0.00163674)
(0.108252 -0.000432039 -0.00125236)
(0.107548 -0.000839659 -0.00125408)
(0.107305 -0.000430311 -0.00154406)
(0.108924 -0.000399803 -0.00118084)
(0.108176 -0.0007771 -0.00117051)
(0.107889 -0.00039167 -0.00145968)
(0.109558 -0.000370775 -0.00111977)
(0.108767 -0.000721951 -0.00109658)
(0.108435 -0.000355957 -0.00139025)
(0.108956 -0.000321429 -0.00133987)
(0.104836 -0.00156502 -0.00156461)
(0.104162 -0.00191558 -0.00161969)
(0.104162 -0.00161992 -0.00191507)
(0.105582 -0.00147594 -0.0014753)
(0.104795 -0.00180858 -0.00150768)
(0.104796 -0.00150804 -0.00180777)
(0.106268 -0.0013735 -0.00137253)
(0.105362 -0.00168142 -0.00138289)
(0.105363 -0.00138343 -0.00168018)
(0.106898 -0.00127088 -0.00126936)
(0.105876 -0.0015554 -0.0012608)
(0.105877 -0.0012616 -0.00155347)
(0.107483 -0.00117573 -0.00117339)
(0.106346 -0.00144223 -0.00114864)
(0.106348 -0.00114984 -0.00143917)
(0.108032 -0.00109122 -0.00108761)
(0.106787 -0.00134528 -0.00104863)
(0.106789 -0.00105044 -0.00134042)
(0.107207 -0.00126522 -0.000959124)
(0.10721 -0.000961939 -0.00125744)
(0.104143 -0.00212005 -0.00156118)
(0.103036 -0.00220229 -0.00162507)
(0.103249 -0.00214027 -0.00188993)
(0.104606 -0.0019805 -0.00141562)
(0.103285 -0.00205003 -0.00147757)
(0.103525 -0.00195958 -0.00169558)
(0.105008 -0.00183834 -0.0012732)
(0.10349 -0.00189129 -0.0013244)
(0.103746 -0.00178582 -0.00151653)
(0.105368 -0.00170989 -0.00114341)
(0.103666 -0.00174799 -0.00117971)
(0.103938 -0.00163302 -0.00136078)
(0.105701 -0.00160092 -0.00102817)
(0.103826 -0.00163691 -0.00105145)
(0.104116 -0.00150375 -0.00122648)
(0.106019 -0.00151273 -0.000925234)
(0.103978 -0.00155447 -0.000938847)
(0.104293 -0.00139656 -0.00111106)
(0.104127 -0.0014971 -0.000834711)
(0.104478 -0.00130938 -0.00100975)
(0.102264 -0.00204236 -0.00153193)
(0.0988539 -0.00162687 -0.00147312)
(0.100926 -0.00196898 -0.00179251)
(0.102274 -0.00188683 -0.00137892)
(0.0985092 -0.00151682 -0.00139041)
(0.100664 -0.00176666 -0.00158135)
(0.102269 -0.00173321 -0.00122469)
(0.0981746 -0.00142258 -0.00129538)
(0.100407 -0.001592 -0.00139145)
(0.102262 -0.00160818 -0.00108222)
(0.0978255 -0.00134826 -0.00118756)
(0.10017 -0.00144854 -0.00122254)
(0.102256 -0.00152231 -0.000957018)
(0.0974843 -0.00129852 -0.00107564)
(0.0999626 -0.00134552 -0.00107742)
(0.102255 -0.00146827 -0.000843584)
(0.0971513 -0.00127012 -0.000964551)
(0.0997846 -0.00127588 -0.000952181)
(0.0968199 -0.00126039 -0.000853565)
(0.0996346 -0.00123185 -0.000838006)
(0.0955203 -0.00143608 -0.00139078)
(0.0934813 -0.00138721 -0.00165103)
(0.094869 -0.00133047 -0.00134978)
(0.0923673 -0.00126684 -0.00157384)
(0.0942313 -0.00126131 -0.00128704)
(0.0913302 -0.00117422 -0.00147635)
(0.0935994 -0.00121775 -0.00119959)
(0.0903394 -0.0011075 -0.00136237)
(0.0929744 -0.00119214 -0.00109544)
(0.0894065 -0.00106444 -0.00124532)
(0.0923517 -0.00118273 -0.000982929)
(0.0885223 -0.00104161 -0.00112722)
(0.0876713 -0.00103533 -0.00100741)
(0.0891542 0.00111496 -0.00165175)
(0.0941504 0.00120453 -0.00164215)
(0.083064 0.000914169 -0.00136935)
(0.0878088 0.00103418 -0.00154405)
(0.0931696 0.00109711 -0.00150054)
(0.0813298 0.000803192 -0.00127482)
(0.0865685 0.000974708 -0.00143001)
(0.0922675 0.0010162 -0.00136796)
(0.0797549 0.000729172 -0.00118787)
(0.0854186 0.00093763 -0.00131689)
(0.0914443 0.000961257 -0.00124608)
(0.0783117 0.000684141 -0.0011018)
(0.0843435 0.000919058 -0.00120597)
(0.0906917 0.000927574 -0.00113503)
(0.0769793 0.000658624 -0.00101548)
(0.0833312 0.000914106 -0.0010915)
(0.0899996 0.000909665 -0.00103022)
(0.0757414 0.000646058 -0.00092779)
(0.0893635 0.000901575 -0.00092236)
(0.0745879 0.000642286 -0.000838485)
(0.0989358 0.00148305 -0.0015613)
(0.100856 0.00175699 -0.00176925)
(0.0959619 0.00132119 -0.00140418)
(0.0984684 0.00132074 -0.00137449)
(0.100609 0.00156278 -0.00156734)
(0.095152 0.00111813 -0.00119085)
(0.0980541 0.00120011 -0.00121936)
(0.100383 0.0014083 -0.00139923)
(0.0944326 0.000971239 -0.00103062)
(0.0976938 0.00111293 -0.00108898)
(0.10019 0.00128664 -0.00125919)
(0.0937994 0.000863136 -0.000906908)
(0.0973854 0.00105094 -0.00097651)
(0.100034 0.00119153 -0.00114173)
(0.0932396 0.000783245 -0.000808798)
(0.0971281 0.00100436 -0.000872702)
(0.0999156 0.00111577 -0.00104075)
(0.0927417 0.000723558 -0.000727825)
(0.0998375 0.00105074 -0.000947605)
(0.0923075 0.000674424 -0.000655668)
(0.102729 0.00176865 -0.00177003)
(0.103525 0.0016956 -0.00195954)
(0.100855 0.00176833 -0.00175812)
(0.102751 0.00158576 -0.00158799)
(0.103746 0.00151656 -0.00178577)
(0.100608 0.00156581 -0.00156466)
(0.102772 0.00143229 -0.0014359)
(0.103938 0.00136082 -0.00163296)
(0.100381 0.00139671 -0.00141139)
(0.102804 0.0013039 -0.00130968)
(0.104116 0.00122653 -0.00150368)
(0.100187 0.00125514 -0.00129167)
(0.102858 0.00119546 -0.0012047)
(0.104293 0.00111113 -0.00139648)
(0.100029 0.00113517 -0.00119968)
(0.102937 0.00110101 -0.00111565)
(0.104478 0.00100985 -0.00130929)
(0.0999076 0.00102992 -0.00112904)
(0.104675 0.000916529 -0.00123837)
(0.0998255 0.000930602 -0.00107225)
(0.104606 0.00141565 -0.00198045)
(0.104693 0.0010357 -0.00206735)
(0.103285 0.0014776 -0.00205)
(0.105008 0.00127324 -0.00183828)
(0.105223 0.000934193 -0.00194483)
(0.10349 0.00132443 -0.00189124)
(0.105368 0.00114346 -0.00170982)
(0.105697 0.000838662 -0.0018232)
(0.103666 0.00117976 -0.00174793)
(0.105701 0.00102823 -0.00160083)
(0.106127 0.000753832 -0.00171363)
(0.103826 0.00105151 -0.00163684)
(0.106019 0.000925327 -0.00151263)
(0.106527 0.000679222 -0.00162152)
(0.103978 0.000938928 -0.00155438)
(0.106329 0.000830088 -0.00144491)
(0.106906 0.000611449 -0.00155076)
(0.104127 0.000834821 -0.001497)
(0.107273 0.000546259 -0.0015022)
(0.104277 0.000733 -0.00146274)
(0.105324 0.000533966 -0.00203223)
(0.105006 4.25331e-07 -0.0020807)
(0.104183 0.000555277 -0.00210797)
(0.105928 0.000484968 -0.00193118)
(0.105641 6.79127e-07 -0.00198324)
(0.104618 0.000507459 -0.00199673)
(0.106474 0.000438134 -0.00182902)
(0.106214 1.08719e-06 -0.00187829)
(0.105004 0.000461394 -0.00188753)
(0.106974 0.000395046 -0.00173658)
(0.106735 1.71938e-06 -0.00177838)
(0.105353 0.000416269 -0.00178909)
(0.107437 0.000355574 -0.00166208)
(0.107214 2.6777e-06 -0.00169252)
(0.105676 0.000372913 -0.00170936)
(0.107875 0.000318095 -0.00161071)
(0.107662 4.07715e-06 -0.0016279)
(0.105975 0.000332293 -0.00166095)
(0.108091 6.11539e-06 -0.00158747)
(0.106252 0.00029226 -0.00164494)
(0.104653 -0.000580787 -0.00211717)
(0.104093 -0.00113063 -0.00217024)
(0.103686 -0.00060044 -0.00219763)
(0.105324 -0.00053295 -0.00203171)
(0.104694 -0.0010354 -0.00206666)
(0.104184 -0.000554058 -0.00210756)
(0.105928 -0.000483336 -0.00193035)
(0.105224 -0.000933687 -0.00194374)
(0.104619 -0.000505477 -0.00199609)
(0.106475 -0.000435526 -0.00182765)
(0.105698 -0.000837798 -0.00182146)
(0.105006 -0.000458126 -0.00188648)
(0.106976 -0.000390934 -0.00173432)
(0.10613 -0.000752385 -0.0017108)
(0.105356 -0.000410946 -0.00178737)
(0.10744 -0.000349217 -0.00165835)
(0.106531 -0.000676879 -0.00161689)
(0.10568 -0.000364355 -0.00170637)
(0.107879 -0.000308443 -0.00160466)
(0.106911 -0.000607831 -0.00154319)
(0.105982 -0.000318839 -0.00165579)
(0.106262 -0.000271123 -0.0016363)
(0.104144 -0.00156137 -0.00211922)
(0.103249 -0.00189039 -0.0021396)
(0.103037 -0.00162501 -0.00220166)
(0.104607 -0.00141589 -0.00197921)
(0.103526 -0.00169629 -0.00195852)
(0.103287 -0.00147747 -0.00204905)
(0.10501 -0.00127358 -0.0018363)
(0.103747 -0.00151767 -0.00178415)
(0.103493 -0.00132423 -0.00188976)
(0.105371 -0.00114393 -0.00170665)
(0.103938 -0.00136256 -0.00163036)
(0.10367 -0.00117934 -0.00174551)
(0.105705 -0.00102891 -0.00159571)
(0.104117 -0.0012293 -0.00149948)
(0.103831 -0.00105077 -0.00163273)
(0.106025 -0.000926369 -0.00150428)
(0.104296 -0.00111552 -0.00138974)
(0.103987 -0.000937697 -0.0015475)
(0.104481 -0.00101682 -0.00129842)
(0.104142 -0.000833157 -0.0014856)
(0.102685 -0.00198078 -0.00197987)
(0.101099 -0.00199882 -0.00200802)
(0.101099 -0.00200865 -0.0019981)
(0.102729 -0.00177007 -0.00176863)
(0.100855 -0.00175816 -0.0017683)
(0.100856 -0.00176929 -0.00175697)
(0.102751 -0.00158804 -0.00158572)
(0.100608 -0.0015647 -0.00156578)
(0.100609 -0.00156738 -0.00156276)
(0.102772 -0.00143595 -0.00143225)
(0.100381 -0.00141144 -0.00139666)
(0.100383 -0.00139928 -0.00140827)
(0.102804 -0.00130974 -0.00130384)
(0.100187 -0.00129172 -0.00125509)
(0.10019 -0.00125924 -0.0012866)
(0.102858 -0.00120478 -0.00119539)
(0.100029 -0.00119976 -0.00113511)
(0.100034 -0.00114178 -0.00119147)
(0.0999076 -0.00112915 -0.00102985)
(0.0999156 -0.00104081 -0.00111569)
(0.0994437 -0.00170044 -0.00178876)
(0.0952048 -0.00134363 -0.0017997)
(0.0968624 -0.00160523 -0.00169033)
(0.0989341 -0.0014845 -0.00156014)
(0.0941484 -0.00120536 -0.00164143)
(0.0959613 -0.00132239 -0.00140298)
(0.0984655 -0.00132312 -0.00137254)
(0.0931663 -0.00109845 -0.00149935)
(0.095151 -0.00112013 -0.00118884)
(0.0980493 -0.00120405 -0.00121619)
(0.0922621 -0.0010184 -0.00136598)
(0.0944308 -0.000974545 -0.00102728)
(0.097686 -0.00111946 -0.00108388)
(0.0914354 -0.000964952 -0.0012429)
(0.0937966 -0.000868738 -0.000901399)
(0.097373 -0.00106178 -0.00096799)
(0.0906771 -0.000933922 -0.0011299)
(0.0932351 -0.000792336 -0.000800024)
(0.089976 -0.000920573 -0.00102179)
(0.0927346 -0.000737732 -0.000714254)
(0.0906014 -0.00121603 -0.00175093)
(0.0850075 -0.00107798 -0.00149002)
(0.089151 -0.00111566 -0.00165097)
(0.0830622 -0.000914761 -0.00136817)
(0.0878034 -0.00103532 -0.00154275)
(0.0813268 -0.000804146 -0.00127287)
(0.0865596 -0.000976559 -0.00142785)
(0.0797499 -0.000730727 -0.00118465)
(0.085404 -0.000940752 -0.00131336)
(0.0783033 -0.000686818 -0.00109646)
(0.0843194 -0.000924437 -0.00120028)
(0.0769653 -0.000663062 -0.00100688)
(0.0757185 -0.000652197 -0.000914316)
(0.076561 0.000626218 -0.000991114)
(0.0844839 0.000691526 -0.000982229)
(0.0650542 0.00038808 -0.000468978)
(0.0746582 0.000520067 -0.000903428)
(0.0828856 0.000550056 -0.000843823)
(0.0629715 0.000308926 -0.000415364)
(0.072935 0.000456157 -0.000828095)
(0.081457 0.000457948 -0.000742246)
(0.0611406 0.000256852 -0.000372962)
(0.0713563 0.000418638 -0.000754219)
(0.0801665 0.000396038 -0.000658368)
(0.0595027 0.000222973 -0.00033488)
(0.0699019 0.000397064 -0.000681054)
(0.0789895 0.000352342 -0.000584231)
(0.0580253 0.000200925 -0.000299819)
(0.0685582 0.000386409 -0.000613851)
(0.0779083 0.000322766 -0.000520239)
(0.0566846 0.0001865 -0.000269168)
(0.0769181 0.000302957 -0.00046842)
(0.0554603 0.000176237 -0.000244294)
(0.0926216 0.000960702 -0.000962457)
(0.0959613 0.001403 -0.00132236)
(0.0844832 0.000980828 -0.000692693)
(0.0916005 0.000775555 -0.000778494)
(0.095151 0.00118887 -0.00112009)
(0.0828845 0.000841471 -0.000551986)
(0.0906993 0.000641766 -0.000646762)
(0.0944308 0.00102732 -0.0009745)
(0.0814551 0.000738323 -0.000461161)
(0.0898986 0.000540781 -0.000548978)
(0.0937966 0.000901445 -0.000868683)
(0.0801632 0.000651768 -0.000401618)
(0.0891793 0.000463191 -0.000475688)
(0.0932351 0.000800078 -0.000792264)
(0.0789839 0.000573607 -0.000361402)
(0.0885328 0.000401575 -0.000421254)
(0.0927346 0.000714276 -0.000737597)
(0.0778991 0.000503837 -0.000335755)
(0.0922969 0.000634015 -0.000697728)
(0.076903 0.000441604 -0.000324346)
(0.0989341 0.00156017 -0.00148446)
(0.100664 0.00158138 -0.00176662)
(0.0941484 0.00164146 -0.00120533)
(0.0984655 0.00137258 -0.00132308)
(0.100407 0.00139149 -0.00159196)
(0.0931664 0.00149939 -0.00109841)
(0.0980493 0.00121624 -0.001204)
(0.10017 0.00122258 -0.00144849)
(0.0922621 0.00136602 -0.00101836)
(0.097686 0.00108394 -0.00111939)
(0.0999626 0.00107748 -0.00134546)
(0.0914354 0.00124296 -0.000964901)
(0.0973731 0.000968047 -0.00106167)
(0.0997846 0.000952249 -0.0012758)
(0.0906771 0.00112997 -0.000933853)
(0.0971092 0.000859056 -0.00102231)
(0.0996347 0.000838081 -0.00123174)
(0.0899761 0.00102189 -0.000920487)
(0.0995121 0.000725138 -0.00120754)
(0.0893254 0.000909329 -0.000920524)
(0.102274 0.00137896 -0.00188679)
(0.102839 0.00101636 -0.0020066)
(0.0985092 0.00139044 -0.00151679)
(0.102269 0.00122473 -0.00173316)
(0.102962 0.00091495 -0.00187222)
(0.0981746 0.00129542 -0.00142255)
(0.102262 0.00108228 -0.00160812)
(0.103063 0.000819149 -0.00174783)
(0.0978256 0.00118762 -0.00134823)
(0.102256 0.000957095 -0.00152224)
(0.103152 0.000730637 -0.00164992)
(0.0974843 0.00107572 -0.00129847)
(0.102255 0.000843681 -0.00146818)
(0.103237 0.000649099 -0.00157821)
(0.0971514 0.00096465 -0.00127006)
(0.102258 0.00073353 -0.00144126)
(0.103317 0.000570935 -0.00153846)
(0.09682 0.000853696 -0.00126033)
(0.103386 0.000492251 -0.00153125)
(0.0964832 0.000738827 -0.00127113)
(0.103551 0.000526015 -0.00199344)
(0.103426 8.65614e-07 -0.0020468)
(0.0999365 0.000484505 -0.00157384)
(0.103782 0.00048151 -0.00188898)
(0.103676 1.41077e-06 -0.00193962)
(0.0998941 0.000460203 -0.00148365)
(0.103985 0.000437373 -0.00179192)
(0.103892 2.34267e-06 -0.00183759)
(0.0998577 0.000435586 -0.00142252)
(0.10417 0.000392153 -0.00170805)
(0.104084 3.85354e-06 -0.00174506)
(0.0997973 0.000404233 -0.00138662)
(0.104341 0.000347734 -0.00165062)
(0.104263 6.2966e-06 -0.00166904)
(0.0997172 0.00036725 -0.00136662)
(0.104491 0.000304588 -0.00163092)
(0.104428 1.00293e-05 -0.00162854)
(0.0996112 0.000328039 -0.00136604)
(0.104567 1.59535e-05 -0.00162669)
(0.0994629 0.000288267 -0.00139236)
(0.103276 -0.000570389 -0.00209101)
(0.102679 -0.00111718 -0.00212658)
(0.0999804 -0.000509986 -0.00168346)
(0.103553 -0.000523879 -0.00199298)
(0.10284 -0.00101533 -0.002006)
(0.0999375 -0.000482566 -0.0015736)
(0.103784 -0.000477974 -0.00188823)
(0.102964 -0.000913272 -0.00187129)
(0.0998958 -0.00045701 -0.00148323)
(0.103988 -0.000431531 -0.00179073)
(0.103066 -0.000816275 -0.00174631)
(0.0998604 -0.0004303 -0.00142183)
(0.104175 -0.000382623 -0.00170604)
(0.103157 -0.00072586 -0.00164734)
(0.0998018 -0.000395528 -0.00138554)
(0.104349 -0.000332475 -0.00164696)
(0.103247 -0.000641371 -0.00157376)
(0.0997247 -0.000352974 -0.00136472)
(0.104504 -0.000280296 -0.00162432)
(0.103333 -0.000559013 -0.0015306)
(0.0996241 -0.000304727 -0.00136228)
(0.0994846 -0.000249798 -0.00138488)
(0.102265 -0.00153162 -0.00204164)
(0.100927 -0.00179272 -0.00196837)
(0.0988552 -0.00147267 -0.00162653)
(0.102276 -0.00137844 -0.00188573)
(0.100665 -0.00158166 -0.00176566)
(0.0985115 -0.00138968 -0.00151627)
(0.102273 -0.00122385 -0.00173149)
(0.10041 -0.00139197 -0.00159042)
(0.0981783 -0.0012942 -0.0014217)
(0.102268 -0.00108079 -0.00160528)
(0.100175 -0.0012234 -0.00144597)
(0.0978317 -0.00118565 -0.00134679)
(0.102267 -0.000954696 -0.00151734)
(0.0999694 -0.00107884 -0.00134123)
(0.0974944 -0.00107263 -0.00129599)
(0.102272 -0.000840122 -0.00145972)
(0.0997958 -0.000954567 -0.00126868)
(0.0971682 -0.00095973 -0.0012656)
(0.0996527 -0.000842281 -0.00121967)
(0.0968481 -0.000845882 -0.00125213)
(0.0994447 -0.00178952 -0.00169956)
(0.0968628 -0.0016911 -0.00160448)
(0.095206 -0.00180017 -0.00134313)
(0.0989358 -0.00156134 -0.00148303)
(0.0959619 -0.00140421 -0.00132116)
(0.0941504 -0.00164217 -0.00120452)
(0.0984684 -0.00137453 -0.00132072)
(0.095152 -0.00119088 -0.00111811)
(0.0931696 -0.00150057 -0.0010971)
(0.0980541 -0.0012194 -0.00120008)
(0.0944325 -0.00103066 -0.000971205)
(0.0922675 -0.00136799 -0.00101618)
(0.0976938 -0.00108902 -0.00111288)
(0.0937994 -0.000906955 -0.000863091)
(0.0914443 -0.00124611 -0.000961234)
(0.0973854 -0.000976539 -0.00105086)
(0.0932396 -0.000808845 -0.000783181)
(0.0906917 -0.00113506 -0.000927536)
(0.0927417 -0.000727909 -0.000723507)
(0.0899997 -0.00103023 -0.000909594)
(0.0937775 -0.00122664 -0.00122553)
(0.0863064 -0.000909847 -0.00118224)
(0.0863068 -0.00118311 -0.000909098)
(0.0926215 -0.000962488 -0.000960672)
(0.0844832 -0.000692717 -0.000980802)
(0.0844839 -0.000982253 -0.00069151)
(0.0916005 -0.000778531 -0.000775519)
(0.0828845 -0.000552015 -0.00084144)
(0.0828856 -0.000843853 -0.000550036)
(0.0906993 -0.000646806 -0.00064172)
(0.0814551 -0.000461195 -0.000738284)
(0.081457 -0.00074228 -0.000457924)
(0.0898986 -0.000549029 -0.000540722)
(0.0801632 -0.000401658 -0.000651717)
(0.0801665 -0.000658406 -0.000396004)
(0.0891793 -0.000475785 -0.000463158)
(0.0789839 -0.000361449 -0.000573545)
(0.0789895 -0.000584272 -0.000352299)
(0.0778991 -0.000335841 -0.000503803)
(0.0779083 -0.00052032 -0.000322743)
(0.0787029 -0.000795014 -0.00110828)
(0.0674934 -0.000509255 -0.000545934)
(0.0765594 -0.000627025 -0.000988859)
(0.0650537 -0.000388665 -0.00046747)
(0.0746555 -0.000521357 -0.000899665)
(0.0629706 -0.000309836 -0.000412863)
(0.0729305 -0.000458386 -0.000821846)
(0.0611392 -0.000258304 -0.000368831)
(0.0713486 -0.000422353 -0.000743969)
(0.0595003 -0.000225428 -0.000328117)
(0.0698889 -0.000401803 -0.000664479)
(0.0580212 -0.000204756 -0.000288861)
(0.0566779 -0.000191447 -0.000251275)
(0.0556173 0.00028722 -0.000288322)
(0.0650537 0.000467488 -0.000388643)
(0.0536301 0.000225793 -0.000227578)
(0.0629707 0.000412887 -0.000309809)
(0.0518883 0.000181272 -0.000184169)
(0.0611392 0.00036886 -0.000258273)
(0.0503433 0.000148198 -0.000152831)
(0.0595003 0.000328151 -0.000225392)
(0.0489641 0.000121884 -0.000129253)
(0.0580212 0.000288903 -0.000204716)
(0.0477259 9.81867e-05 -0.000110337)
(0.056678 0.000251315 -0.000191396)
(0.0554494 0.00021466 -0.0001843)
(0.0765594 0.000988886 -0.000627001)
(0.0830622 0.00136819 -0.000914737)
(0.0746556 0.0008997 -0.000521329)
(0.0813268 0.0012729 -0.000804117)
(0.0729306 0.000821889 -0.000458353)
(0.0797499 0.00118469 -0.000730691)
(0.0713486 0.000744023 -0.000422314)
(0.0783034 0.00109651 -0.000686777)
(0.0698889 0.000664539 -0.000401761)
(0.0769654 0.00100694 -0.000663012)
(0.0685372 0.00058689 -0.000392649)
(0.0757186 0.000914403 -0.000652151)
(0.0745501 0.000816769 -0.000652513)
(0.089151 0.001651 -0.00111564)
(0.0923673 0.00157386 -0.00126682)
(0.0878034 0.00154279 -0.00103529)
(0.0913302 0.00147638 -0.00117419)
(0.0865597 0.0014279 -0.000976521)
(0.0903394 0.00136242 -0.00110747)
(0.085404 0.00131343 -0.000940705)
(0.0894066 0.00124539 -0.00106441)
(0.0843194 0.00120038 -0.000924386)
(0.0885223 0.00112731 -0.00104157)
(0.0832914 0.00108249 -0.000923426)
(0.0876713 0.00100754 -0.00103529)
(0.0868413 0.000880575 -0.00104434)
(0.094869 0.00134982 -0.00133046)
(0.0959894 0.000915037 -0.00138061)
(0.0942314 0.00128709 -0.00126128)
(0.0955181 0.000899416 -0.00128105)
(0.0935994 0.00119966 -0.00121773)
(0.0950586 0.000864235 -0.00122143)
(0.0929745 0.00109554 -0.00119211)
(0.094595 0.000802458 -0.00119191)
(0.0923518 0.00098306 -0.0011827)
(0.0941241 0.000727993 -0.00118439)
(0.0917221 0.000864678 -0.00118942)
(0.0936362 0.000649706 -0.00119263)
(0.0931132 0.00056758 -0.00121901)
(0.0966695 0.000436575 -0.00133084)
(0.0968278 1.18959e-06 -0.00138953)
(0.0963854 0.00042757 -0.00123757)
(0.0965247 1.96386e-06 -0.00127184)
(0.096113 0.000411676 -0.00119095)
(0.096265 3.24685e-06 -0.00120279)
(0.095823 0.00038555 -0.00118038)
(0.0959816 5.37944e-06 -0.00117825)
(0.0954991 0.000351944 -0.00119159)
(0.0956726 8.93027e-06 -0.00118107)
(0.095127 0.000314981 -0.00122042)
(0.0953309 1.49181e-05 -0.00119949)
(0.0949343 2.5236e-05 -0.00123622)
(0.096993 -0.000444275 -0.00146858)
(0.096505 -0.000931185 -0.00152138)
(0.096671 -0.000433622 -0.00133053)
(0.0959913 -0.000913308 -0.00138033)
(0.0963879 -0.000422697 -0.00123706)
(0.0955213 -0.000896564 -0.00128054)
(0.0961172 -0.000403638 -0.0011901)
(0.0950639 -0.000859606 -0.0012205)
(0.0958301 -0.000372289 -0.00117895)
(0.0946038 -0.000794952 -0.00119031)
(0.0955111 -0.00032997 -0.00118897)
(0.094139 -0.000715776 -0.00118152)
(0.0951477 -0.000278188 -0.00121529)
(0.0936613 -0.000629537 -0.00118753)
(0.0955223 -0.00138992 -0.00143581)
(0.0934829 -0.00165091 -0.00138694)
(0.0948724 -0.0013484 -0.00133)
(0.0923699 -0.00157367 -0.00126639)
(0.0942371 -0.00128484 -0.00126042)
(0.0913345 -0.00147611 -0.00117348)
(0.0936089 -0.00119615 -0.00121614)
(0.0903465 -0.00136207 -0.00110621)
(0.0929903 -0.00109001 -0.00118924)
(0.0894183 -0.00124493 -0.00106229)
(0.0923783 -0.000974121 -0.00117763)
(0.0885418 -0.00112672 -0.00103782)
(0.0877037 -0.00100666 -0.00102883)
(0.0906033 -0.00175142 -0.00121559)
(0.0850085 -0.00149075 -0.00107759)
(0.0891542 -0.00165177 -0.00111495)
(0.083064 -0.00136936 -0.000914153)
(0.0878088 -0.00154407 -0.00103417)
(0.0813298 -0.00127484 -0.000803173)
(0.0865685 -0.00143003 -0.000974688)
(0.0797549 -0.00118789 -0.00072915)
(0.0854186 -0.00131691 -0.000937604)
(0.0783117 -0.00110182 -0.000684112)
(0.0843435 -0.00120598 -0.000919014)
(0.0769793 -0.0010155 -0.000658586)
(0.0757414 -0.000927788 -0.000645998)
(0.0787039 -0.00110962 -0.000794479)
(0.0674937 -0.000546853 -0.000508837)
(0.076561 -0.000991133 -0.000626199)
(0.0650542 -0.000468995 -0.000388058)
(0.0746582 -0.00090345 -0.000520045)
(0.0629715 -0.000415385 -0.000308902)
(0.072935 -0.000828119 -0.000456128)
(0.0611406 -0.000372986 -0.000256823)
(0.0713563 -0.000754243 -0.000418601)
(0.0595027 -0.000334906 -0.000222937)
(0.0699019 -0.000681082 -0.000397017)
(0.0580253 -0.000299846 -0.000200881)
(0.0566845 -0.000269213 -0.000186456)
(0.0579394 -0.000375057 -0.000374323)
(0.0556173 -0.000288342 -0.000287195)
(0.0536301 -0.000227603 -0.000225764)
(0.0518883 -0.000184198 -0.000181239)
(0.0503433 -0.000152861 -0.000148157)
(0.0489641 -0.000129292 -0.000121839)
)
;

boundaryField
{
    inlet
    {
        type            calculated;
        value           nonuniform List<vector> 0();
    }
    ami1
    {
        type            cyclicAMI;
        value           nonuniform List<vector> 0();
    }
    walls
    {
        type            calculated;
        value           uniform (0 0 0);
    }
    ami2
    {
        type            cyclicAMI;
        value           nonuniform List<vector> 0();
    }
    outlet
    {
        type            calculated;
        value           nonuniform List<vector> 0();
    }
    procBoundary3to2
    {
        type            processor;
        value           nonuniform List<vector> 
110
(
(0.0466075 9.42732e-05 7.39244e-05)
(0.0673162 0.000549898 0.000382928)
(0.0823793 0.000963692 0.000918296)
(0.091147 0.000711286 0.00119793)
(0.0947229 0.000217721 0.00126451)
(0.0946865 -0.000279667 0.0012744)
(0.0931129 -0.000567766 0.00121911)
(0.0917218 -0.000864844 0.00118949)
(0.0832911 -0.00108261 0.000923467)
(0.0685368 -0.00058702 0.000392674)
(0.0477256 -9.82407e-05 0.000110299)
(0.0672811 0.000393412 0.000505382)
(0.0879646 0.000375187 0.00034312)
(0.0969232 0.000767285 0.00096669)
(0.102305 0.00060767 0.00141531)
(0.104637 0.00022157 0.00163458)
(0.104618 -0.00026073 0.00164627)
(0.103386 -0.000492417 0.00153137)
(0.102258 -0.000733696 0.00144135)
(0.097109 -0.000859203 0.00102236)
(0.0885324 -0.000401697 0.000421288)
(0.0685578 -0.000386464 0.000613858)
(0.0823132 0.000935007 0.000949222)
(0.0968948 0.000996533 0.000746236)
(0.103045 0.00103618 0.00101361)
(0.106651 0.000740305 0.00137468)
(0.1083 0.000266077 0.00157512)
(0.108294 -0.00028118 0.00158482)
(0.107273 -0.000546453 0.00150234)
(0.106329 -0.000830262 0.00144502)
(0.102937 -0.00110117 0.00111572)
(0.0971278 -0.00100447 0.000872755)
(0.0833307 -0.000914179 0.00109155)
(0.0910716 0.00121421 0.000734818)
(0.102263 0.00144073 0.000616854)
(0.106637 0.00139621 0.000738536)
(0.109058 0.000954316 0.000946648)
(0.110162 0.000343341 0.00107333)
(0.110162 -0.000345112 0.00107716)
(0.109331 -0.000671447 0.00103889)
(0.108554 -0.00101258 0.00101778)
(0.106338 -0.00143152 0.000831731)
(0.102284 -0.00142672 0.000728403)
(0.0917663 -0.00118071 0.000850184)
(0.0946867 0.00127426 0.000279501)
(0.104618 0.00164606 0.000260599)
(0.108295 0.0015846 0.000281066)
(0.110162 0.00107694 0.000345006)
(0.110997 0.000384687 0.00038465)
(0.110996 -0.00038473 0.00038494)
(0.110255 -0.000747565 0.000375081)
(0.109557 -0.00112001 0.000370799)
(0.107879 -0.00160486 0.000308518)
(0.104504 -0.00162445 0.00028043)
(0.0951474 -0.00121533 0.000278341)
(0.0947232 0.00126437 -0.000217883)
(0.104637 0.00163435 -0.000221718)
(0.1083 0.0015749 -0.000266202)
(0.110162 0.00107312 -0.000343437)
(0.110997 0.000384432 -0.000384748)
(0.110996 -0.000384974 -0.000384443)
(0.110255 -0.000749048 -0.00037531)
(0.109557 -0.00112256 -0.000371608)
(0.107875 -0.00161085 -0.000317978)
(0.104491 -0.00163099 -0.000304419)
(0.0951268 -0.00122043 -0.000314807)
(0.0911472 0.00119777 -0.00071146)
(0.102305 0.00141509 -0.000607823)
(0.106651 0.00137448 -0.000740437)
(0.109058 0.000946472 -0.000954407)
(0.110162 0.000344834 -0.00107698)
(0.110162 -0.000343599 -0.00107311)
(0.109331 -0.000673499 -0.0010339)
(0.108554 -0.00101777 -0.0010123)
(0.106329 -0.001445 -0.000829947)
(0.102258 -0.00144131 -0.000733366)
(0.091722 -0.00118946 -0.000864512)
(0.0823795 0.00091814 -0.00096383)
(0.0969232 0.0009665 -0.000767412)
(0.103045 0.00101346 -0.00103629)
(0.106637 0.00073842 -0.00139629)
(0.108295 0.000280956 -0.00158463)
(0.1083 -0.000266298 -0.00157488)
(0.107281 -0.00054072 -0.00148989)
(0.106338 -0.000831704 -0.00143127)
(0.102937 -0.00111572 -0.0011009)
(0.0971092 -0.00102238 -0.000858921)
(0.0832914 -0.000923485 -0.00108234)
(0.0673164 0.000382835 -0.000549987)
(0.0879646 0.000343009 -0.000375262)
(0.0968947 0.000746135 -0.000996584)
(0.102263 0.000616782 -0.00144077)
(0.104618 0.000260535 -0.00164608)
(0.104637 -0.000221766 -0.00163435)
(0.103411 -0.000473417 -0.00151749)
(0.102284 -0.000728337 -0.00142655)
(0.0971281 -0.000872754 -0.00100427)
(0.0885328 -0.000421356 -0.000401516)
(0.0685371 -0.000392707 -0.000586821)
(0.0466075 7.38551e-05 -9.43382e-05)
(0.0672812 0.000505307 -0.000393411)
(0.0823132 0.000949154 -0.000935004)
(0.0910716 0.000734769 -0.00121422)
(0.0946867 0.000279481 -0.00127426)
(0.0947232 -0.000217871 -0.00126437)
(0.0931562 -0.000533986 -0.00120972)
(0.0917667 -0.000850078 -0.00118061)
(0.0833312 -0.00109151 -0.000914059)
(0.0685583 -0.000613921 -0.000386375)
(0.047726 -0.000110385 -9.81237e-05)
)
;
    }
    procBoundary3to4
    {
        type            processor;
        value           nonuniform List<vector> 
109
(
(0.0579394 0.000375028 0.000374358)
(0.0787039 0.00110959 0.000794513)
(0.0906033 0.00175138 0.00121562)
(0.0955223 0.00138987 0.00143583)
(0.0969929 0.000444231 0.0014686)
(0.0969921 -0.000446108 0.00146877)
(0.0955203 -0.00139085 0.00143607)
(0.0906013 -0.00175099 0.00121601)
(0.0787029 -0.00110833 0.000794999)
(0.0579394 -0.000374363 0.000375025)
(0.0787029 0.000794992 0.00110831)
(0.0937775 0.0012266 0.00122558)
(0.0994447 0.00178947 0.0016996)
(0.102265 0.00153157 0.00204168)
(0.103276 0.000570334 0.00209105)
(0.103275 -0.000571754 0.00209134)
(0.102264 -0.001532 0.00204235)
(0.0994437 -0.00178883 0.00170043)
(0.0937775 -0.00122558 0.00122662)
(0.0787038 -0.000794503 0.00110959)
(0.0906014 0.00121601 0.00175097)
(0.0994437 0.00170042 0.00178882)
(0.102685 0.00198073 0.00197993)
(0.104144 0.00156131 0.00211928)
(0.104653 0.000580729 0.00211722)
(0.104653 -0.000581481 0.00211754)
(0.104143 -0.00156125 0.00212005)
(0.102685 -0.00197993 0.00198077)
(0.0994447 -0.0016996 0.00178951)
(0.0906032 -0.00121561 0.00175141)
(0.0955203 0.00143606 0.00139082)
(0.102264 0.00204233 0.00153198)
(0.104143 0.00212 0.00156125)
(0.104836 0.00156497 0.00156467)
(0.105068 0.000569571 0.00152888)
(0.105068 -0.000569752 0.00152907)
(0.104836 -0.00156468 0.00156503)
(0.104144 -0.00211928 0.00156137)
(0.102265 -0.00204167 0.00153163)
(0.0955223 -0.00143583 0.00138993)
(0.0969921 0.00146876 0.000446075)
(0.103275 0.00209131 0.000571732)
(0.104653 0.0021175 0.000581467)
(0.105068 0.00152901 0.000569742)
(0.105185 0.000552307 0.000552338)
(0.105185 -0.000552343 0.000552374)
(0.105068 -0.00152889 0.000569641)
(0.104653 -0.00211722 0.0005808)
(0.103276 -0.00209105 0.000570404)
(0.0969929 -0.0014686 0.000444293)
(0.096993 0.00146859 -0.000444265)
(0.103276 0.00209102 -0.000570358)
(0.104653 0.00211718 -0.000580745)
(0.105068 0.00152883 -0.000569581)
(0.105185 0.000552277 -0.00055231)
(0.105185 -0.000552372 -0.000552273)
(0.104654 -0.000570576 -0.00106033)
(0.105068 -0.00152907 -0.000569677)
(0.10453 -0.00157723 -0.00110036)
(0.104653 -0.00211754 -0.000581404)
(0.104092 -0.00217071 -0.0011308)
(0.103275 -0.00209134 -0.000571677)
(0.102678 -0.00212701 -0.00111779)
(0.0969921 -0.00146877 -0.000446041)
(0.0965038 -0.00152156 -0.000932215)
(0.0955223 0.00143582 -0.00138991)
(0.102265 0.00204165 -0.00153159)
(0.104144 0.00211924 -0.00156133)
(0.104836 0.00156462 -0.00156498)
(0.105068 0.00056969 -0.00152902)
(0.104617 3.08325e-08 -0.00154929)
(0.104155 -0.00058678 -0.00155167)
(0.104034 -0.00162334 -0.00162306)
(0.103601 -0.00223245 -0.00168843)
(0.102214 -0.00217719 -0.00166718)
(0.0962067 -0.00158269 -0.0014261)
(0.0906033 0.0012156 -0.00175141)
(0.0994447 0.00169958 -0.00178948)
(0.102685 0.00197989 -0.00198074)
(0.104143 0.00156121 -0.00212001)
(0.104653 0.000581425 -0.0021175)
(0.104297 2.698e-07 -0.00215397)
(0.103916 -0.000620699 -0.00217027)
(0.103601 -0.00168855 -0.00223192)
(0.10258 -0.00220304 -0.00220247)
(0.0999677 -0.00196848 -0.00205561)
(0.0921381 -0.00134515 -0.00186263)
(0.0787039 0.000794497 -0.00110961)
(0.0937775 0.00122556 -0.00122661)
(0.0994437 0.00178879 -0.00170042)
(0.102264 0.00153195 -0.00204233)
(0.103275 0.000571701 -0.00209131)
(0.103123 5.38137e-07 -0.00213552)
(0.102934 -0.000609792 -0.00215798)
(0.102215 -0.00166699 -0.00217671)
(0.0999684 -0.0020561 -0.00196794)
(0.0950739 -0.00159723 -0.00159655)
(0.0811889 -0.00102933 -0.0012643)
(0.0579394 0.000374343 -0.000375041)
(0.078703 0.0011083 -0.000794994)
(0.0906014 0.00175095 -0.00121601)
(0.0955203 0.0013908 -0.00143606)
(0.0969921 0.000446064 -0.00146876)
(0.0971793 7.19212e-07 -0.00154782)
(0.0973619 -0.000457262 -0.00164137)
(0.0962079 -0.00142557 -0.00158252)
(0.0921393 -0.00186294 -0.00134488)
(0.0811894 -0.00126506 -0.001029)
(0.0607581 -0.000494939 -0.000494483)
)
;
    }
}


// ************************************************************************* //
