/*--------------------------------*- C++ -*----------------------------------*\
| =========                 |                                                 |
| \\      /  F ield         | OpenFOAM: The Open Source CFD Toolbox           |
|  \\    /   O peration     | Version:  2212                                  |
|   \\  /    A nd           | Website:  www.openfoam.com                      |
|    \\/     M anipulation  |                                                 |
\*---------------------------------------------------------------------------*/
FoamFile
{
    version     2.0;
    format      ascii;
    arch        "LSB;label=32;scalar=64";
    class       vectorField;
    location    "1.45/polyMesh";
    object      points;
}
// * * * * * * * * * * * * * * * * * * * * * * * * * * * * * * * * * * * * * //


991
(
(0.028 -0.0141421 -0.0141421)
(0.03 -0.0141421 -0.0141421)
(0.032 -0.0141421 -0.0141421)
(0.034 -0.0141421 -0.0141421)
(0.036 -0.0141421 -0.0141421)
(0.038 -0.0141421 -0.0141421)
(0.04 -0.0141421 -0.0141421)
(0.028 -0.0117557 -0.0161803)
(0.03 -0.0117557 -0.0161803)
(0.032 -0.0117557 -0.0161803)
(0.034 -0.0117557 -0.0161803)
(0.036 -0.0117557 -0.0161803)
(0.038 -0.0117557 -0.0161803)
(0.04 -0.0117557 -0.0161803)
(0.028 -0.00907981 -0.0178201)
(0.03 -0.00907981 -0.0178201)
(0.032 -0.00907981 -0.0178201)
(0.034 -0.00907981 -0.0178201)
(0.036 -0.00907981 -0.0178201)
(0.038 -0.00907981 -0.0178201)
(0.04 -0.00907981 -0.0178201)
(0.028 -0.00618034 -0.0190211)
(0.03 -0.00618034 -0.0190211)
(0.032 -0.00618034 -0.0190211)
(0.034 -0.00618034 -0.0190211)
(0.036 -0.00618034 -0.0190211)
(0.038 -0.00618034 -0.0190211)
(0.04 -0.00618034 -0.0190211)
(0.028 -0.00312869 -0.0197538)
(0.03 -0.00312869 -0.0197538)
(0.032 -0.00312869 -0.0197538)
(0.034 -0.00312869 -0.0197538)
(0.036 -0.00312869 -0.0197538)
(0.038 -0.00312869 -0.0197538)
(0.04 -0.00312869 -0.0197538)
(0.028 0 -0.02)
(0.03 1.85037e-19 -0.02)
(0.032 0 -0.02)
(0.034 1.85037e-19 -0.02)
(0.036 0 -0.02)
(0.038 1.38778e-19 -0.02)
(0.04 0 -0.02)
(0.026 0.00312869 -0.0197538)
(0.028 0.00312869 -0.0197538)
(0.03 0.00312869 -0.0197538)
(0.032 0.00312869 -0.0197538)
(0.034 0.00312869 -0.0197538)
(0.036 0.00312869 -0.0197538)
(0.038 0.00312869 -0.0197538)
(0.04 0.00312869 -0.0197538)
(0.026 0.00618034 -0.0190211)
(0.028 0.00618034 -0.0190211)
(0.03 0.00618034 -0.0190211)
(0.032 0.00618034 -0.0190211)
(0.034 0.00618034 -0.0190211)
(0.036 0.00618034 -0.0190211)
(0.038 0.00618034 -0.0190211)
(0.04 0.00618034 -0.0190211)
(0.026 0.00907981 -0.0178201)
(0.028 0.00907981 -0.0178201)
(0.03 0.00907981 -0.0178201)
(0.032 0.00907981 -0.0178201)
(0.034 0.00907981 -0.0178201)
(0.036 0.00907981 -0.0178201)
(0.038 0.00907981 -0.0178201)
(0.04 0.00907981 -0.0178201)
(0.026 0.0117557 -0.0161803)
(0.028 0.0117557 -0.0161803)
(0.03 0.0117557 -0.0161803)
(0.032 0.0117557 -0.0161803)
(0.034 0.0117557 -0.0161803)
(0.036 0.0117557 -0.0161803)
(0.038 0.0117557 -0.0161803)
(0.04 0.0117557 -0.0161803)
(0.026 0.0141421 -0.0141421)
(0.028 0.0141421 -0.0141421)
(0.03 0.0141421 -0.0141421)
(0.032 0.0141421 -0.0141421)
(0.034 0.0141421 -0.0141421)
(0.036 0.0141421 -0.0141421)
(0.038 0.0141421 -0.0141421)
(0.04 0.0141421 -0.0141421)
(0.028 -0.0161803 -0.0117557)
(0.03 -0.0161803 -0.0117557)
(0.032 -0.0161803 -0.0117557)
(0.034 -0.0161803 -0.0117557)
(0.036 -0.0161803 -0.0117557)
(0.038 -0.0161803 -0.0117557)
(0.04 -0.0161803 -0.0117557)
(0.028 -0.0133863 -0.0133863)
(0.03 -0.0133863 -0.0133863)
(0.032 -0.0133863 -0.0133863)
(0.034 -0.0133863 -0.0133863)
(0.036 -0.0133863 -0.0133863)
(0.038 -0.0133863 -0.0133863)
(0.04 -0.0133863 -0.0133863)
(0.028 -0.0103027 -0.0146981)
(0.03 -0.0103027 -0.0146981)
(0.032 -0.0103027 -0.0146981)
(0.034 -0.0103027 -0.0146981)
(0.036 -0.0103027 -0.0146981)
(0.038 -0.0103027 -0.0146981)
(0.04 -0.0103027 -0.0146981)
(0.028 -0.00699562 -0.0156589)
(0.03 -0.00699562 -0.0156589)
(0.032 -0.00699562 -0.0156589)
(0.034 -0.00699562 -0.0156589)
(0.036 -0.00699562 -0.0156589)
(0.038 -0.00699562 -0.0156589)
(0.04 -0.00699562 -0.0156589)
(0.028 -0.00353633 -0.016245)
(0.03 -0.00353633 -0.016245)
(0.032 -0.00353633 -0.016245)
(0.034 -0.00353633 -0.016245)
(0.036 -0.00353633 -0.016245)
(0.038 -0.00353633 -0.016245)
(0.04 -0.00353633 -0.016245)
(0.028 1.11022e-18 -0.016442)
(0.03 9.25186e-19 -0.016442)
(0.032 1.11022e-18 -0.016442)
(0.034 9.25186e-19 -0.016442)
(0.036 1.11022e-18 -0.016442)
(0.038 8.70253e-19 -0.016442)
(0.04 1.11022e-18 -0.016442)
(0.026 0.00353633 -0.016245)
(0.028 0.00353633 -0.016245)
(0.03 0.00353633 -0.016245)
(0.032 0.00353633 -0.016245)
(0.034 0.00353633 -0.016245)
(0.036 0.00353633 -0.016245)
(0.038 0.00353633 -0.016245)
(0.04 0.00353633 -0.016245)
(0.026 0.00699562 -0.0156589)
(0.028 0.00699562 -0.0156589)
(0.03 0.00699562 -0.0156589)
(0.032 0.00699562 -0.0156589)
(0.034 0.00699562 -0.0156589)
(0.036 0.00699562 -0.0156589)
(0.038 0.00699562 -0.0156589)
(0.04 0.00699562 -0.0156589)
(0.026 0.0103027 -0.0146981)
(0.028 0.0103027 -0.0146981)
(0.03 0.0103027 -0.0146981)
(0.032 0.0103027 -0.0146981)
(0.034 0.0103027 -0.0146981)
(0.036 0.0103027 -0.0146981)
(0.038 0.0103027 -0.0146981)
(0.04 0.0103027 -0.0146981)
(0.026 0.0133863 -0.0133863)
(0.028 0.0133863 -0.0133863)
(0.03 0.0133863 -0.0133863)
(0.032 0.0133863 -0.0133863)
(0.034 0.0133863 -0.0133863)
(0.036 0.0133863 -0.0133863)
(0.038 0.0133863 -0.0133863)
(0.04 0.0133863 -0.0133863)
(0.026 0.0161803 -0.0117557)
(0.028 0.0161803 -0.0117557)
(0.03 0.0161803 -0.0117557)
(0.032 0.0161803 -0.0117557)
(0.034 0.0161803 -0.0117557)
(0.036 0.0161803 -0.0117557)
(0.038 0.0161803 -0.0117557)
(0.04 0.0161803 -0.0117557)
(0.028 -0.0178201 -0.00907981)
(0.03 -0.0178201 -0.00907981)
(0.032 -0.0178201 -0.00907981)
(0.034 -0.0178201 -0.00907981)
(0.036 -0.0178201 -0.00907981)
(0.038 -0.0178201 -0.00907981)
(0.04 -0.0178201 -0.00907981)
(0.028 -0.0146981 -0.0103027)
(0.03 -0.0146981 -0.0103027)
(0.032 -0.0146981 -0.0103027)
(0.034 -0.0146981 -0.0103027)
(0.036 -0.0146981 -0.0103027)
(0.038 -0.0146981 -0.0103027)
(0.04 -0.0146981 -0.0103027)
(0.028 -0.0112866 -0.0112866)
(0.03 -0.0112866 -0.0112866)
(0.032 -0.0112866 -0.0112866)
(0.034 -0.0112866 -0.0112866)
(0.036 -0.0112866 -0.0112866)
(0.038 -0.0112866 -0.0112866)
(0.04 -0.0112866 -0.0112866)
(0.028 -0.00765154 -0.0120072)
(0.03 -0.00765154 -0.0120072)
(0.032 -0.00765154 -0.0120072)
(0.034 -0.00765154 -0.0120072)
(0.036 -0.00765154 -0.0120072)
(0.038 -0.00765154 -0.0120072)
(0.04 -0.00765154 -0.0120072)
(0.028 -0.00386429 -0.0124468)
(0.03 -0.00386429 -0.0124468)
(0.032 -0.00386429 -0.0124468)
(0.034 -0.00386429 -0.0124468)
(0.036 -0.00386429 -0.0124468)
(0.038 -0.00386429 -0.0124468)
(0.04 -0.00386429 -0.0124468)
(0.028 0 -0.0125945)
(0.03 -4.62593e-19 -0.0125945)
(0.032 -1.0177e-18 -0.0125945)
(0.034 -4.62593e-19 -0.0125945)
(0.036 -1.0177e-18 -0.0125945)
(0.038 -2.65991e-19 -0.0125945)
(0.04 0 -0.0125945)
(0.026 0.00386429 -0.0124468)
(0.028 0.00386429 -0.0124468)
(0.03 0.00386429 -0.0124468)
(0.032 0.00386429 -0.0124468)
(0.034 0.00386429 -0.0124468)
(0.036 0.00386429 -0.0124468)
(0.038 0.00386429 -0.0124468)
(0.04 0.00386429 -0.0124468)
(0.026 0.00765154 -0.0120072)
(0.028 0.00765154 -0.0120072)
(0.03 0.00765154 -0.0120072)
(0.032 0.00765154 -0.0120072)
(0.034 0.00765154 -0.0120072)
(0.036 0.00765154 -0.0120072)
(0.038 0.00765154 -0.0120072)
(0.04 0.00765154 -0.0120072)
(0.026 0.0112866 -0.0112866)
(0.028 0.0112866 -0.0112866)
(0.03 0.0112866 -0.0112866)
(0.032 0.0112866 -0.0112866)
(0.034 0.0112866 -0.0112866)
(0.036 0.0112866 -0.0112866)
(0.038 0.0112866 -0.0112866)
(0.04 0.0112866 -0.0112866)
(0.026 0.0146981 -0.0103027)
(0.028 0.0146981 -0.0103027)
(0.03 0.0146981 -0.0103027)
(0.032 0.0146981 -0.0103027)
(0.034 0.0146981 -0.0103027)
(0.036 0.0146981 -0.0103027)
(0.038 0.0146981 -0.0103027)
(0.04 0.0146981 -0.0103027)
(0.026 0.0178201 -0.00907981)
(0.028 0.0178201 -0.00907981)
(0.03 0.0178201 -0.00907981)
(0.032 0.0178201 -0.00907981)
(0.034 0.0178201 -0.00907981)
(0.036 0.0178201 -0.00907981)
(0.038 0.0178201 -0.00907981)
(0.04 0.0178201 -0.00907981)
(0.028 -0.0190211 -0.00618034)
(0.03 -0.0190211 -0.00618034)
(0.032 -0.0190211 -0.00618034)
(0.034 -0.0190211 -0.00618034)
(0.036 -0.0190211 -0.00618034)
(0.038 -0.0190211 -0.00618034)
(0.04 -0.0190211 -0.00618034)
(0.028 -0.0156589 -0.00699562)
(0.03 -0.0156589 -0.00699562)
(0.032 -0.0156589 -0.00699562)
(0.034 -0.0156589 -0.00699562)
(0.036 -0.0156589 -0.00699562)
(0.038 -0.0156589 -0.00699562)
(0.04 -0.0156589 -0.00699562)
(0.028 -0.0120072 -0.00765154)
(0.03 -0.0120072 -0.00765154)
(0.032 -0.0120072 -0.00765154)
(0.034 -0.0120072 -0.00765154)
(0.036 -0.0120072 -0.00765154)
(0.038 -0.0120072 -0.00765154)
(0.04 -0.0120072 -0.00765154)
(0.028 -0.00813194 -0.00813194)
(0.03 -0.00813194 -0.00813194)
(0.032 -0.00813194 -0.00813194)
(0.034 -0.00813194 -0.00813194)
(0.036 -0.00813194 -0.00813194)
(0.038 -0.00813194 -0.00813194)
(0.04 -0.00813194 -0.00813194)
(0.028 -0.00410449 -0.00842499)
(0.03 -0.00410449 -0.00842499)
(0.032 -0.00410449 -0.00842499)
(0.034 -0.00410449 -0.00842499)
(0.036 -0.00410449 -0.00842499)
(0.038 -0.00410449 -0.00842499)
(0.04 -0.00410449 -0.00842499)
(0.028 1.11022e-18 -0.00852349)
(0.03 1.94289e-18 -0.00852349)
(0.032 1.85037e-18 -0.00852349)
(0.034 1.15648e-18 -0.00852349)
(0.036 1.86194e-18 -0.00852349)
(0.038 1.30104e-18 -0.00852349)
(0.04 1.11022e-18 -0.00852349)
(0.026 0.00410449 -0.00842499)
(0.028 0.00410449 -0.00842499)
(0.03 0.00410449 -0.00842499)
(0.032 0.00410449 -0.00842499)
(0.034 0.00410449 -0.00842499)
(0.036 0.00410449 -0.00842499)
(0.038 0.00410449 -0.00842499)
(0.04 0.00410449 -0.00842499)
(0.026 0.00813194 -0.00813194)
(0.028 0.00813194 -0.00813194)
(0.03 0.00813194 -0.00813194)
(0.032 0.00813194 -0.00813194)
(0.034 0.00813194 -0.00813194)
(0.036 0.00813194 -0.00813194)
(0.038 0.00813194 -0.00813194)
(0.04 0.00813194 -0.00813194)
(0.026 0.0120072 -0.00765154)
(0.028 0.0120072 -0.00765154)
(0.03 0.0120072 -0.00765154)
(0.032 0.0120072 -0.00765154)
(0.034 0.0120072 -0.00765154)
(0.036 0.0120072 -0.00765154)
(0.038 0.0120072 -0.00765154)
(0.04 0.0120072 -0.00765154)
(0.026 0.0156589 -0.00699562)
(0.028 0.0156589 -0.00699562)
(0.03 0.0156589 -0.00699562)
(0.032 0.0156589 -0.00699562)
(0.034 0.0156589 -0.00699562)
(0.036 0.0156589 -0.00699562)
(0.038 0.0156589 -0.00699562)
(0.04 0.0156589 -0.00699562)
(0.026 0.0190211 -0.00618034)
(0.028 0.0190211 -0.00618034)
(0.03 0.0190211 -0.00618034)
(0.032 0.0190211 -0.00618034)
(0.034 0.0190211 -0.00618034)
(0.036 0.0190211 -0.00618034)
(0.038 0.0190211 -0.00618034)
(0.04 0.0190211 -0.00618034)
(0.028 -0.0197538 -0.00312869)
(0.03 -0.0197538 -0.00312869)
(0.032 -0.0197538 -0.00312869)
(0.034 -0.0197538 -0.00312869)
(0.036 -0.0197538 -0.00312869)
(0.038 -0.0197538 -0.00312869)
(0.04 -0.0197538 -0.00312869)
(0.028 -0.016245 -0.00353633)
(0.03 -0.016245 -0.00353633)
(0.032 -0.016245 -0.00353633)
(0.034 -0.016245 -0.00353633)
(0.036 -0.016245 -0.00353633)
(0.038 -0.016245 -0.00353633)
(0.04 -0.016245 -0.00353633)
(0.028 -0.0124468 -0.00386429)
(0.03 -0.0124468 -0.00386429)
(0.032 -0.0124468 -0.00386429)
(0.034 -0.0124468 -0.00386429)
(0.036 -0.0124468 -0.00386429)
(0.038 -0.0124468 -0.00386429)
(0.04 -0.0124468 -0.00386429)
(0.028 -0.00842499 -0.00410449)
(0.03 -0.00842499 -0.00410449)
(0.032 -0.00842499 -0.00410449)
(0.034 -0.00842499 -0.00410449)
(0.036 -0.00842499 -0.00410449)
(0.038 -0.00842499 -0.00410449)
(0.04 -0.00842499 -0.00410449)
(0.028 -0.00425102 -0.00425102)
(0.03 -0.00425102 -0.00425102)
(0.032 -0.00425102 -0.00425102)
(0.034 -0.00425102 -0.00425102)
(0.036 -0.00425102 -0.00425102)
(0.038 -0.00425102 -0.00425102)
(0.04 -0.00425102 -0.00425102)
(0.028 1.11022e-18 -0.00430026)
(0.03 1.29526e-18 -0.00430026)
(0.032 1.11022e-18 -0.00430026)
(0.034 1.0177e-18 -0.00430026)
(0.036 1.38778e-18 -0.00430026)
(0.038 1.26635e-18 -0.00430026)
(0.04 1.11022e-18 -0.00430026)
(0.026 0.00425102 -0.00425102)
(0.028 0.00425102 -0.00425102)
(0.03 0.00425102 -0.00425102)
(0.032 0.00425102 -0.00425102)
(0.034 0.00425102 -0.00425102)
(0.036 0.00425102 -0.00425102)
(0.038 0.00425102 -0.00425102)
(0.04 0.00425102 -0.00425102)
(0.026 0.00842499 -0.00410449)
(0.028 0.00842499 -0.00410449)
(0.03 0.00842499 -0.00410449)
(0.032 0.00842499 -0.00410449)
(0.034 0.00842499 -0.00410449)
(0.036 0.00842499 -0.00410449)
(0.038 0.00842499 -0.00410449)
(0.04 0.00842499 -0.00410449)
(0.026 0.0124468 -0.00386429)
(0.028 0.0124468 -0.00386429)
(0.03 0.0124468 -0.00386429)
(0.032 0.0124468 -0.00386429)
(0.034 0.0124468 -0.00386429)
(0.036 0.0124468 -0.00386429)
(0.038 0.0124468 -0.00386429)
(0.04 0.0124468 -0.00386429)
(0.026 0.016245 -0.00353633)
(0.028 0.016245 -0.00353633)
(0.03 0.016245 -0.00353633)
(0.032 0.016245 -0.00353633)
(0.034 0.016245 -0.00353633)
(0.036 0.016245 -0.00353633)
(0.038 0.016245 -0.00353633)
(0.04 0.016245 -0.00353633)
(0.026 0.0197538 -0.00312869)
(0.028 0.0197538 -0.00312869)
(0.03 0.0197538 -0.00312869)
(0.032 0.0197538 -0.00312869)
(0.034 0.0197538 -0.00312869)
(0.036 0.0197538 -0.00312869)
(0.038 0.0197538 -0.00312869)
(0.04 0.0197538 -0.00312869)
(0.028 -0.02 0)
(0.03 -0.02 1.85037e-19)
(0.032 -0.02 0)
(0.034 -0.02 1.85037e-19)
(0.036 -0.02 0)
(0.038 -0.02 1.38778e-19)
(0.04 -0.02 0)
(0.028 -0.016442 -1.0177e-18)
(0.03 -0.016442 -9.25186e-19)
(0.032 -0.016442 -1.04083e-18)
(0.034 -0.016442 -8.78927e-19)
(0.036 -0.016442 -1.07553e-18)
(0.038 -0.016442 -1.04083e-18)
(0.04 -0.016442 -1.11022e-18)
(0.028 -0.0125945 0)
(0.03 -0.0125945 4.62593e-19)
(0.032 -0.0125945 6.4763e-19)
(0.034 -0.0125945 4.62593e-19)
(0.036 -0.0125945 6.4763e-19)
(0.038 -0.0125945 1.04083e-19)
(0.04 -0.0125945 0)
(0.028 -0.00852349 -1.11022e-18)
(0.03 -0.00852349 -1.94289e-18)
(0.032 -0.00852349 -1.96602e-18)
(0.034 -0.00852349 -1.29526e-18)
(0.036 -0.00852349 -2.12793e-18)
(0.038 -0.00852349 -1.34152e-18)
(0.04 -0.00852349 -1.11022e-18)
(0.028 -0.00430026 -1.11022e-18)
(0.03 -0.00430026 -9.25186e-19)
(0.032 -0.00430026 -1.04083e-18)
(0.034 -0.00430026 -5.08852e-19)
(0.036 -0.00430026 -9.36751e-19)
(0.038 -0.00430026 -1.00614e-18)
(0.04 -0.00430026 -1.11022e-18)
(0.028 0 0)
(0.03 1.85037e-19 1.85037e-19)
(0.032 0 0)
(0.034 1.85037e-19 1.85037e-19)
(0.036 2.77556e-19 2.77556e-19)
(0.038 1.56125e-19 1.56125e-19)
(0.04 0 0)
(0.026 0.00430026 1.11022e-18)
(0.028 0.00430026 1.11022e-18)
(0.03 0.00430026 1.29526e-18)
(0.032 0.00430026 1.11022e-18)
(0.034 0.00430026 1.0177e-18)
(0.036 0.00430026 1.38778e-18)
(0.038 0.00430026 1.26635e-18)
(0.04 0.00430026 1.11022e-18)
(0.026 0.00852349 1.249e-18)
(0.028 0.00852349 1.11022e-18)
(0.03 0.00852349 1.29526e-18)
(0.032 0.00852349 1.04083e-18)
(0.034 0.00852349 1.15648e-18)
(0.036 0.00852349 1.21431e-18)
(0.038 0.00852349 1.30104e-18)
(0.04 0.00852349 1.11022e-18)
(0.026 0.0125945 0)
(0.028 0.0125945 0)
(0.03 0.0125945 1.85037e-19)
(0.032 0.0125945 0)
(0.034 0.0125945 1.85037e-19)
(0.036 0.0125945 0)
(0.038 0.0125945 1.04083e-19)
(0.04 0.0125945 0)
(0.026 0.016442 1.11022e-18)
(0.028 0.016442 1.11022e-18)
(0.03 0.016442 1.29526e-18)
(0.032 0.016442 1.11022e-18)
(0.034 0.016442 1.29526e-18)
(0.036 0.016442 1.11022e-18)
(0.038 0.016442 1.24033e-18)
(0.04 0.016442 1.11022e-18)
(0.026 0.02 0)
(0.028 0.02 0)
(0.03 0.02 1.85037e-19)
(0.032 0.02 0)
(0.034 0.02 1.85037e-19)
(0.036 0.02 0)
(0.038 0.02 1.38778e-19)
(0.04 0.02 0)
(0.028 -0.0197538 0.00312869)
(0.03 -0.0197538 0.00312869)
(0.032 -0.0197538 0.00312869)
(0.034 -0.0197538 0.00312869)
(0.036 -0.0197538 0.00312869)
(0.038 -0.0197538 0.00312869)
(0.04 -0.0197538 0.00312869)
(0.028 -0.016245 0.00353633)
(0.03 -0.016245 0.00353633)
(0.032 -0.016245 0.00353633)
(0.034 -0.016245 0.00353633)
(0.036 -0.016245 0.00353633)
(0.038 -0.016245 0.00353633)
(0.04 -0.016245 0.00353633)
(0.028 -0.0124468 0.00386429)
(0.03 -0.0124468 0.00386429)
(0.032 -0.0124468 0.00386429)
(0.034 -0.0124468 0.00386429)
(0.036 -0.0124468 0.00386429)
(0.038 -0.0124468 0.00386429)
(0.04 -0.0124468 0.00386429)
(0.028 -0.00842499 0.00410449)
(0.03 -0.00842499 0.00410449)
(0.032 -0.00842499 0.00410449)
(0.034 -0.00842499 0.00410449)
(0.036 -0.00842499 0.00410449)
(0.038 -0.00842499 0.00410449)
(0.04 -0.00842499 0.00410449)
(0.028 -0.00425102 0.00425102)
(0.03 -0.00425102 0.00425102)
(0.032 -0.00425102 0.00425102)
(0.034 -0.00425102 0.00425102)
(0.036 -0.00425102 0.00425102)
(0.038 -0.00425102 0.00425102)
(0.04 -0.00425102 0.00425102)
(0.028 -1.11022e-18 0.00430026)
(0.03 -9.25186e-19 0.00430026)
(0.032 -1.04083e-18 0.00430026)
(0.034 -5.08852e-19 0.00430026)
(0.036 -9.36751e-19 0.00430026)
(0.038 -1.00614e-18 0.00430026)
(0.04 -1.11022e-18 0.00430026)
(0.026 0.00425102 0.00425102)
(0.028 0.00425102 0.00425102)
(0.03 0.00425102 0.00425102)
(0.032 0.00425102 0.00425102)
(0.034 0.00425102 0.00425102)
(0.036 0.00425102 0.00425102)
(0.038 0.00425102 0.00425102)
(0.04 0.00425102 0.00425102)
(0.026 0.00842499 0.00410449)
(0.028 0.00842499 0.00410449)
(0.03 0.00842499 0.00410449)
(0.032 0.00842499 0.00410449)
(0.034 0.00842499 0.00410449)
(0.036 0.00842499 0.00410449)
(0.038 0.00842499 0.00410449)
(0.04 0.00842499 0.00410449)
(0.026 0.0124468 0.00386429)
(0.028 0.0124468 0.00386429)
(0.03 0.0124468 0.00386429)
(0.032 0.0124468 0.00386429)
(0.034 0.0124468 0.00386429)
(0.036 0.0124468 0.00386429)
(0.038 0.0124468 0.00386429)
(0.04 0.0124468 0.00386429)
(0.026 0.016245 0.00353633)
(0.028 0.016245 0.00353633)
(0.03 0.016245 0.00353633)
(0.032 0.016245 0.00353633)
(0.034 0.016245 0.00353633)
(0.036 0.016245 0.00353633)
(0.038 0.016245 0.00353633)
(0.04 0.016245 0.00353633)
(0.026 0.0197538 0.00312869)
(0.028 0.0197538 0.00312869)
(0.03 0.0197538 0.00312869)
(0.032 0.0197538 0.00312869)
(0.034 0.0197538 0.00312869)
(0.036 0.0197538 0.00312869)
(0.038 0.0197538 0.00312869)
(0.04 0.0197538 0.00312869)
(0.028 -0.0190211 0.00618034)
(0.03 -0.0190211 0.00618034)
(0.032 -0.0190211 0.00618034)
(0.034 -0.0190211 0.00618034)
(0.036 -0.0190211 0.00618034)
(0.038 -0.0190211 0.00618034)
(0.04 -0.0190211 0.00618034)
(0.028 -0.0156589 0.00699562)
(0.03 -0.0156589 0.00699562)
(0.032 -0.0156589 0.00699562)
(0.034 -0.0156589 0.00699562)
(0.036 -0.0156589 0.00699562)
(0.038 -0.0156589 0.00699562)
(0.04 -0.0156589 0.00699562)
(0.028 -0.0120072 0.00765154)
(0.03 -0.0120072 0.00765154)
(0.032 -0.0120072 0.00765154)
(0.034 -0.0120072 0.00765154)
(0.036 -0.0120072 0.00765154)
(0.038 -0.0120072 0.00765154)
(0.04 -0.0120072 0.00765154)
(0.028 -0.00813194 0.00813194)
(0.03 -0.00813194 0.00813194)
(0.032 -0.00813194 0.00813194)
(0.034 -0.00813194 0.00813194)
(0.036 -0.00813194 0.00813194)
(0.038 -0.00813194 0.00813194)
(0.04 -0.00813194 0.00813194)
(0.028 -0.00410449 0.00842499)
(0.03 -0.00410449 0.00842499)
(0.032 -0.00410449 0.00842499)
(0.034 -0.00410449 0.00842499)
(0.036 -0.00410449 0.00842499)
(0.038 -0.00410449 0.00842499)
(0.04 -0.00410449 0.00842499)
(0.028 -1.11022e-18 0.00852349)
(0.03 -9.25186e-19 0.00852349)
(0.032 -1.11022e-18 0.00852349)
(0.034 -9.25186e-19 0.00852349)
(0.036 -1.11022e-18 0.00852349)
(0.038 -9.71445e-19 0.00852349)
(0.04 -1.11022e-18 0.00852349)
(0.026 0.00410449 0.00842499)
(0.028 0.00410449 0.00842499)
(0.03 0.00410449 0.00842499)
(0.032 0.00410449 0.00842499)
(0.034 0.00410449 0.00842499)
(0.036 0.00410449 0.00842499)
(0.038 0.00410449 0.00842499)
(0.04 0.00410449 0.00842499)
(0.026 0.00813194 0.00813194)
(0.028 0.00813194 0.00813194)
(0.03 0.00813194 0.00813194)
(0.032 0.00813194 0.00813194)
(0.034 0.00813194 0.00813194)
(0.036 0.00813194 0.00813194)
(0.038 0.00813194 0.00813194)
(0.04 0.00813194 0.00813194)
(0.026 0.0120072 0.00765154)
(0.028 0.0120072 0.00765154)
(0.03 0.0120072 0.00765154)
(0.032 0.0120072 0.00765154)
(0.034 0.0120072 0.00765154)
(0.036 0.0120072 0.00765154)
(0.038 0.0120072 0.00765154)
(0.04 0.0120072 0.00765154)
(0.026 0.0156589 0.00699562)
(0.028 0.0156589 0.00699562)
(0.03 0.0156589 0.00699562)
(0.032 0.0156589 0.00699562)
(0.034 0.0156589 0.00699562)
(0.036 0.0156589 0.00699562)
(0.038 0.0156589 0.00699562)
(0.04 0.0156589 0.00699562)
(0.026 0.0190211 0.00618034)
(0.028 0.0190211 0.00618034)
(0.03 0.0190211 0.00618034)
(0.032 0.0190211 0.00618034)
(0.034 0.0190211 0.00618034)
(0.036 0.0190211 0.00618034)
(0.038 0.0190211 0.00618034)
(0.04 0.0190211 0.00618034)
(0.028 -0.0178201 0.00907981)
(0.03 -0.0178201 0.00907981)
(0.032 -0.0178201 0.00907981)
(0.034 -0.0178201 0.00907981)
(0.036 -0.0178201 0.00907981)
(0.038 -0.0178201 0.00907981)
(0.04 -0.0178201 0.00907981)
(0.028 -0.0146981 0.0103027)
(0.03 -0.0146981 0.0103027)
(0.032 -0.0146981 0.0103027)
(0.034 -0.0146981 0.0103027)
(0.036 -0.0146981 0.0103027)
(0.038 -0.0146981 0.0103027)
(0.04 -0.0146981 0.0103027)
(0.028 -0.0112866 0.0112866)
(0.03 -0.0112866 0.0112866)
(0.032 -0.0112866 0.0112866)
(0.034 -0.0112866 0.0112866)
(0.036 -0.0112866 0.0112866)
(0.038 -0.0112866 0.0112866)
(0.04 -0.0112866 0.0112866)
(0.028 -0.00765154 0.0120072)
(0.03 -0.00765154 0.0120072)
(0.032 -0.00765154 0.0120072)
(0.034 -0.00765154 0.0120072)
(0.036 -0.00765154 0.0120072)
(0.038 -0.00765154 0.0120072)
(0.04 -0.00765154 0.0120072)
(0.028 -0.00386429 0.0124468)
(0.03 -0.00386429 0.0124468)
(0.032 -0.00386429 0.0124468)
(0.034 -0.00386429 0.0124468)
(0.036 -0.00386429 0.0124468)
(0.038 -0.00386429 0.0124468)
(0.04 -0.00386429 0.0124468)
(0.028 0 0.0125945)
(0.03 1.85037e-19 0.0125945)
(0.032 0 0.0125945)
(0.034 1.85037e-19 0.0125945)
(0.036 0 0.0125945)
(0.038 1.04083e-19 0.0125945)
(0.04 0 0.0125945)
(0.026 0.00386429 0.0124468)
(0.028 0.00386429 0.0124468)
(0.03 0.00386429 0.0124468)
(0.032 0.00386429 0.0124468)
(0.034 0.00386429 0.0124468)
(0.036 0.00386429 0.0124468)
(0.038 0.00386429 0.0124468)
(0.04 0.00386429 0.0124468)
(0.026 0.00765154 0.0120072)
(0.028 0.00765154 0.0120072)
(0.03 0.00765154 0.0120072)
(0.032 0.00765154 0.0120072)
(0.034 0.00765154 0.0120072)
(0.036 0.00765154 0.0120072)
(0.038 0.00765154 0.0120072)
(0.04 0.00765154 0.0120072)
(0.026 0.0112866 0.0112866)
(0.028 0.0112866 0.0112866)
(0.03 0.0112866 0.0112866)
(0.032 0.0112866 0.0112866)
(0.034 0.0112866 0.0112866)
(0.036 0.0112866 0.0112866)
(0.038 0.0112866 0.0112866)
(0.04 0.0112866 0.0112866)
(0.026 0.0146981 0.0103027)
(0.028 0.0146981 0.0103027)
(0.03 0.0146981 0.0103027)
(0.032 0.0146981 0.0103027)
(0.034 0.0146981 0.0103027)
(0.036 0.0146981 0.0103027)
(0.038 0.0146981 0.0103027)
(0.04 0.0146981 0.0103027)
(0.026 0.0178201 0.00907981)
(0.028 0.0178201 0.00907981)
(0.03 0.0178201 0.00907981)
(0.032 0.0178201 0.00907981)
(0.034 0.0178201 0.00907981)
(0.036 0.0178201 0.00907981)
(0.038 0.0178201 0.00907981)
(0.04 0.0178201 0.00907981)
(0.028 -0.0161803 0.0117557)
(0.03 -0.0161803 0.0117557)
(0.032 -0.0161803 0.0117557)
(0.034 -0.0161803 0.0117557)
(0.036 -0.0161803 0.0117557)
(0.038 -0.0161803 0.0117557)
(0.04 -0.0161803 0.0117557)
(0.028 -0.0133863 0.0133863)
(0.03 -0.0133863 0.0133863)
(0.032 -0.0133863 0.0133863)
(0.034 -0.0133863 0.0133863)
(0.036 -0.0133863 0.0133863)
(0.038 -0.0133863 0.0133863)
(0.04 -0.0133863 0.0133863)
(0.028 -0.0103027 0.0146981)
(0.03 -0.0103027 0.0146981)
(0.032 -0.0103027 0.0146981)
(0.034 -0.0103027 0.0146981)
(0.036 -0.0103027 0.0146981)
(0.038 -0.0103027 0.0146981)
(0.04 -0.0103027 0.0146981)
(0.028 -0.00699562 0.0156589)
(0.03 -0.00699562 0.0156589)
(0.032 -0.00699562 0.0156589)
(0.034 -0.00699562 0.0156589)
(0.036 -0.00699562 0.0156589)
(0.038 -0.00699562 0.0156589)
(0.04 -0.00699562 0.0156589)
(0.028 -0.00353633 0.016245)
(0.03 -0.00353633 0.016245)
(0.032 -0.00353633 0.016245)
(0.034 -0.00353633 0.016245)
(0.036 -0.00353633 0.016245)
(0.038 -0.00353633 0.016245)
(0.04 -0.00353633 0.016245)
(0.028 -1.17961e-18 0.016442)
(0.03 -9.25186e-19 0.016442)
(0.032 -1.04083e-18 0.016442)
(0.034 -9.5988e-19 0.016442)
(0.036 -1.07553e-18 0.016442)
(0.038 -1.04083e-18 0.016442)
(0.04 -1.11022e-18 0.016442)
(0.026 0.00353633 0.016245)
(0.028 0.00353633 0.016245)
(0.03 0.00353633 0.016245)
(0.032 0.00353633 0.016245)
(0.034 0.00353633 0.016245)
(0.036 0.00353633 0.016245)
(0.038 0.00353633 0.016245)
(0.04 0.00353633 0.016245)
(0.026 0.00699562 0.0156589)
(0.028 0.00699562 0.0156589)
(0.03 0.00699562 0.0156589)
(0.032 0.00699562 0.0156589)
(0.034 0.00699562 0.0156589)
(0.036 0.00699562 0.0156589)
(0.038 0.00699562 0.0156589)
(0.04 0.00699562 0.0156589)
(0.026 0.0103027 0.0146981)
(0.028 0.0103027 0.0146981)
(0.03 0.0103027 0.0146981)
(0.032 0.0103027 0.0146981)
(0.034 0.0103027 0.0146981)
(0.036 0.0103027 0.0146981)
(0.038 0.0103027 0.0146981)
(0.04 0.0103027 0.0146981)
(0.026 0.0133863 0.0133863)
(0.028 0.0133863 0.0133863)
(0.03 0.0133863 0.0133863)
(0.032 0.0133863 0.0133863)
(0.034 0.0133863 0.0133863)
(0.036 0.0133863 0.0133863)
(0.038 0.0133863 0.0133863)
(0.04 0.0133863 0.0133863)
(0.026 0.0161803 0.0117557)
(0.028 0.0161803 0.0117557)
(0.03 0.0161803 0.0117557)
(0.032 0.0161803 0.0117557)
(0.034 0.0161803 0.0117557)
(0.036 0.0161803 0.0117557)
(0.038 0.0161803 0.0117557)
(0.04 0.0161803 0.0117557)
(0.028 -0.0141421 0.0141421)
(0.03 -0.0141421 0.0141421)
(0.032 -0.0141421 0.0141421)
(0.034 -0.0141421 0.0141421)
(0.036 -0.0141421 0.0141421)
(0.038 -0.0141421 0.0141421)
(0.04 -0.0141421 0.0141421)
(0.028 -0.0117557 0.0161803)
(0.03 -0.0117557 0.0161803)
(0.032 -0.0117557 0.0161803)
(0.034 -0.0117557 0.0161803)
(0.036 -0.0117557 0.0161803)
(0.038 -0.0117557 0.0161803)
(0.04 -0.0117557 0.0161803)
(0.028 -0.00907981 0.0178201)
(0.03 -0.00907981 0.0178201)
(0.032 -0.00907981 0.0178201)
(0.034 -0.00907981 0.0178201)
(0.036 -0.00907981 0.0178201)
(0.038 -0.00907981 0.0178201)
(0.04 -0.00907981 0.0178201)
(0.028 -0.00618034 0.0190211)
(0.03 -0.00618034 0.0190211)
(0.032 -0.00618034 0.0190211)
(0.034 -0.00618034 0.0190211)
(0.036 -0.00618034 0.0190211)
(0.038 -0.00618034 0.0190211)
(0.04 -0.00618034 0.0190211)
(0.028 -0.00312869 0.0197538)
(0.03 -0.00312869 0.0197538)
(0.032 -0.00312869 0.0197538)
(0.034 -0.00312869 0.0197538)
(0.036 -0.00312869 0.0197538)
(0.038 -0.00312869 0.0197538)
(0.04 -0.00312869 0.0197538)
(0.028 0 0.02)
(0.03 1.85037e-19 0.02)
(0.032 0 0.02)
(0.034 1.85037e-19 0.02)
(0.036 0 0.02)
(0.038 1.38778e-19 0.02)
(0.04 0 0.02)
(0.026 0.00312869 0.0197538)
(0.028 0.00312869 0.0197538)
(0.03 0.00312869 0.0197538)
(0.032 0.00312869 0.0197538)
(0.034 0.00312869 0.0197538)
(0.036 0.00312869 0.0197538)
(0.038 0.00312869 0.0197538)
(0.04 0.00312869 0.0197538)
(0.026 0.00618034 0.0190211)
(0.028 0.00618034 0.0190211)
(0.03 0.00618034 0.0190211)
(0.032 0.00618034 0.0190211)
(0.034 0.00618034 0.0190211)
(0.036 0.00618034 0.0190211)
(0.038 0.00618034 0.0190211)
(0.04 0.00618034 0.0190211)
(0.026 0.00907981 0.0178201)
(0.028 0.00907981 0.0178201)
(0.03 0.00907981 0.0178201)
(0.032 0.00907981 0.0178201)
(0.034 0.00907981 0.0178201)
(0.036 0.00907981 0.0178201)
(0.038 0.00907981 0.0178201)
(0.04 0.00907981 0.0178201)
(0.026 0.0117557 0.0161803)
(0.028 0.0117557 0.0161803)
(0.03 0.0117557 0.0161803)
(0.032 0.0117557 0.0161803)
(0.034 0.0117557 0.0161803)
(0.036 0.0117557 0.0161803)
(0.038 0.0117557 0.0161803)
(0.04 0.0117557 0.0161803)
(0.026 0.0141421 0.0141421)
(0.028 0.0141421 0.0141421)
(0.03 0.0141421 0.0141421)
(0.032 0.0141421 0.0141421)
(0.034 0.0141421 0.0141421)
(0.036 0.0141421 0.0141421)
(0.038 0.0141421 0.0141421)
(0.04 0.0141421 0.0141421)
(0.04 0.0123349 -0.0157432)
(0.042 0.0123349 -0.0157432)
(0.044 0.0123349 -0.0157432)
(0.046 0.0123349 -0.0157432)
(0.048 0.0123349 -0.0157432)
(0.04 0.0144499 -0.0138276)
(0.042 0.0144499 -0.0138276)
(0.044 0.0144499 -0.0138276)
(0.046 0.0144499 -0.0138276)
(0.048 0.0144499 -0.0138276)
(0.04 0.0162706 -0.0116304)
(0.042 0.0162706 -0.0116304)
(0.044 0.0162706 -0.0116304)
(0.046 0.0162706 -0.0116304)
(0.048 0.0162706 -0.0116304)
(0.04 0.0177602 -0.00919645)
(0.042 0.0177602 -0.00919645)
(0.044 0.0177602 -0.00919645)
(0.046 0.0177602 -0.00919645)
(0.04 0.00996886 -0.0173384)
(0.042 0.00996886 -0.0173384)
(0.044 0.00996886 -0.0173384)
(0.046 0.00996886 -0.0173384)
(0.048 0.00996886 -0.0173384)
(0.04 0.0117875 -0.0150445)
(0.042 0.0117875 -0.0150445)
(0.044 0.0117875 -0.0150445)
(0.046 0.0117875 -0.0150445)
(0.048 0.0117875 -0.0150445)
(0.04 0.0133707 -0.0124763)
(0.042 0.0133707 -0.0124763)
(0.044 0.0133707 -0.0124763)
(0.046 0.0133707 -0.0124763)
(0.048 0.0133707 -0.0124763)
(0.04 0.0146873 -0.00967908)
(0.042 0.0146873 -0.00967908)
(0.044 0.0146873 -0.00967908)
(0.046 0.0146873 -0.00967908)
(0.04 0.00739988 -0.0185807)
(0.042 0.00739988 -0.0185807)
(0.044 0.00739988 -0.0185807)
(0.046 0.00739988 -0.0185807)
(0.048 0.00739988 -0.0185807)
(0.04 0.008915 -0.0159674)
(0.042 0.008915 -0.0159674)
(0.044 0.008915 -0.0159674)
(0.046 0.008915 -0.0159674)
(0.048 0.008915 -0.0159674)
(0.04 0.0102536 -0.0130869)
(0.042 0.0102536 -0.0130869)
(0.044 0.0102536 -0.0130869)
(0.046 0.0102536 -0.0130869)
(0.048 0.0102536 -0.0130869)
(0.04 0.01139 -0.00998523)
(0.042 0.01139 -0.00998523)
(0.044 0.01139 -0.00998523)
(0.046 0.01139 -0.00998523)
(0.04 0.00468025 -0.0194447)
(0.042 0.00468025 -0.0194447)
(0.044 0.00468025 -0.0194447)
(0.046 0.00468025 -0.0194447)
(0.04 0.00588406 -0.0165765)
(0.042 0.00588406 -0.0165765)
(0.044 0.00588406 -0.0165765)
(0.046 0.00588406 -0.0165765)
(0.04 0.00697019 -0.0134482)
(0.042 0.00697019 -0.0134482)
(0.044 0.00697019 -0.0134482)
(0.046 0.00697019 -0.0134482)
(0.04 0.00791859 -0.0101066)
(0.042 0.00791859 -0.0101066)
(0.044 0.00791859 -0.0101066)
(0.046 0.00791859 -0.0101066)
(0.04 0.00186535 -0.0199128)
(0.042 0.00186535 -0.0199128)
(0.044 0.00186535 -0.0199128)
(0.046 0.00186535 -0.0199128)
(0.04 0.00274948 -0.0168586)
(0.042 0.00274948 -0.0168586)
(0.044 0.00274948 -0.0168586)
(0.046 0.00274948 -0.0168586)
(0.04 0.00357477 -0.0135514)
(0.042 0.00357477 -0.0135514)
(0.044 0.00357477 -0.0135514)
(0.046 0.00357477 -0.0135514)
(0.04 0.00432683 -0.0100387)
(0.042 0.00432683 -0.0100387)
(0.044 0.00432683 -0.0100387)
(0.046 0.00432683 -0.0100387)
)


// ************************************************************************* //
