/*--------------------------------*- C++ -*----------------------------------*\
| =========                 |                                                 |
| \\      /  F ield         | OpenFOAM: The Open Source CFD Toolbox           |
|  \\    /   O peration     | Version:  2212                                  |
|   \\  /    A nd           | Website:  www.openfoam.com                      |
|    \\/     M anipulation  |                                                 |
\*---------------------------------------------------------------------------*/
FoamFile
{
    version     2.0;
    format      ascii;
    arch        "LSB;label=32;scalar=64";
    class       surfaceVectorField;
    location    "2.05";
    object      Uf;
}
// * * * * * * * * * * * * * * * * * * * * * * * * * * * * * * * * * * * * * //

dimensions      [0 1 -1 0 0 0 0];

internalField   nonuniform List<vector> 
1769
(
(0.0455374 1.87835e-06 0.000147441)
(0.0542348 0.00012661 0.000212309)
(0.0542949 0.000125837 0.000286778)
(0.0446496 -5.62282e-05 0.000172692)
(0.0531837 4.74145e-05 0.000225235)
(0.0532838 9.75636e-05 0.000295468)
(0.0439497 -0.000181899 0.000211605)
(0.0522667 -7.55359e-05 0.000261886)
(0.0524419 2.79503e-05 0.000325303)
(0.0436971 -0.000393177 0.000222749)
(0.0515803 -0.000307013 0.000285024)
(0.0519082 -0.000129836 0.000367597)
(0.0445268 -0.00174373 -0.000695725)
(0.051558 -0.000779595 0.00019282)
(0.0522092 -0.00037331 0.000388297)
(0.0502873 -0.00361129 -0.00158779)
(0.0505849 -0.00204893 -0.000807329)
(0.0659273 0.000373598 0.000418406)
(0.0733029 0.000722233 0.000676178)
(0.0758734 0.000345987 0.000362165)
(0.0647796 0.00019805 0.000436551)
(0.0721935 0.0005821 0.000705004)
(0.0749959 0.000227186 0.000389846)
(0.0637484 -7.39218e-05 0.000442654)
(0.071128 0.000384902 0.000750027)
(0.0742037 5.42633e-05 0.000432085)
(0.0629571 -0.000603935 0.000358801)
(0.0701128 4.24631e-05 0.00078467)
(0.0735189 -0.000245139 0.000445448)
(0.0628695 -0.00215835 -0.000284116)
(0.0692661 -0.000665859 0.000732753)
(0.0730316 -0.000897122 0.000251851)
(0.0678357 -0.00231317 0.000604456)
(0.0721381 -0.00287594 -0.00102614)
(0.0811783 0.000863298 0.000974948)
(0.0859078 0.000831487 0.00107349)
(0.0885823 0.00081731 0.00095519)
(0.0801605 0.000694655 0.00103177)
(0.0850115 0.000698544 0.00112302)
(0.0879413 0.00068182 0.00100378)
(0.0791069 0.000446067 0.00112059)
(0.0840429 0.00052683 0.00120947)
(0.0872975 0.000505558 0.00108723)
(0.0779433 2.86556e-07 0.0012339)
(0.0829188 0.000277545 0.00135577)
(0.0866138 0.000243159 0.0012194)
(0.076481 -0.00059001 0.00187513)
(0.0815262 -0.000108089 0.00157022)
(0.0858356 -0.000199975 0.00140408)
(0.0798464 -0.000315094 0.00264929)
(0.0850146 -0.000640518 0.00224581)
(0.0902907 0.000756897 0.00126198)
(0.0925538 0.000616024 0.00124786)
(0.0960605 0.000722168 0.00130095)
(0.0894614 0.00066318 0.00135229)
(0.0919066 0.000593771 0.00131759)
(0.095634 0.000632231 0.00137112)
(0.0884522 0.000559008 0.00151507)
(0.091136 0.000599982 0.00143269)
(0.0951241 0.000535565 0.00150165)
(0.0871325 0.000449343 0.00178632)
(0.0901543 0.000637544 0.00162701)
(0.0944654 0.00042834 0.0017347)
(0.0852631 0.000634269 0.00247574)
(0.0888424 0.000772875 0.00192351)
(0.093579 0.00032141 0.00211303)
(0.0874637 0.00139081 0.00268881)
(0.0926886 0.000600754 0.00315239)
(0.0942928 0.000404096 0.00129996)
(0.0946201 0.000126492 0.00123783)
(0.0993341 0.000361786 0.00139834)
(0.0937174 0.000469268 0.00139258)
(0.0941496 0.000208401 0.00129423)
(0.0991044 0.000386305 0.00146406)
(0.0930006 0.000586251 0.00153435)
(0.0935961 0.00034833 0.00137663)
(0.0987972 0.000447834 0.0015739)
(0.0920761 0.000802642 0.00174352)
(0.0929217 0.00056832 0.00149769)
(0.098377 0.000550347 0.00175092)
(0.0908619 0.00135082 0.00210345)
(0.0920679 0.000946027 0.00166597)
(0.0978053 0.000749067 0.00200873)
(0.0912902 0.00171436 0.00195694)
(0.0974523 0.00125622 0.00243561)
(0.0944858 -9.11721e-05 0.0012321)
(0.0927911 -0.000439033 0.00117687)
(0.0994548 -0.000155768 0.00135016)
(0.0940384 5.08628e-05 0.00127827)
(0.0923033 -0.000297752 0.00119054)
(0.0993009 -5.27582e-05 0.00138138)
(0.0935326 0.000267212 0.00133996)
(0.0917993 -9.85365e-05 0.00120551)
(0.0991123 9.45625e-05 0.0014314)
(0.0929498 0.000598771 0.00142013)
(0.0912743 0.000195362 0.00121944)
(0.0988779 0.00030988 0.00150242)
(0.0923076 0.00112072 0.00151946)
(0.0907102 0.000603899 0.00124599)
(0.0985827 0.000625811 0.0015961)
(0.0900782 0.00121236 0.00124622)
(0.098371 0.00109112 0.00171492)
(0.0912707 -0.000758484 0.00114259)
(0.086958 -0.000931611 0.000995763)
(0.096599 -0.000764105 0.00120819)
(0.0907132 -0.000612144 0.0011357)
(0.0862176 -0.000813399 0.000985438)
(0.096321 -0.000648473 0.00119761)
(0.090172 -0.000416432 0.00111998)
(0.0855313 -0.00066251 0.000963196)
(0.0960588 -0.000506548 0.00118619)
(0.0896524 -0.000135462 0.00108902)
(0.0849251 -0.000450268 0.000915642)
(0.0958135 -0.000319497 0.00116692)
(0.0891561 0.000279645 0.00104724)
(0.0844348 -0.000129814 0.000804758)
(0.0955864 -5.55873e-05 0.00113428)
(0.0886346 0.000899058 0.000964887)
(0.0841175 0.000396004 0.000630196)
(0.0953781 0.00031784 0.00109579)
(0.0834175 0.00144398 0.000164237)
(0.0951304 0.00085001 0.00101947)
(0.0824246 -0.00104327 0.000872481)
(0.0745871 -0.00089748 0.000612748)
(0.0893794 -0.000983258 0.00085939)
(0.0815704 -0.000930978 0.000850716)
(0.0735192 -0.000832406 0.000599755)
(0.088812 -0.000898236 0.00083389)
(0.0808294 -0.000785972 0.000804599)
(0.0725561 -0.000764871 0.000564898)
(0.0883177 -0.000800504 0.000791127)
(0.080259 -0.00056865 0.000691265)
(0.0717551 -0.000667223 0.000491608)
(0.0879207 -0.000668494 0.00070666)
(0.0799183 -0.000154742 0.000462861)
(0.071233 -0.000448861 0.00027213)
(0.0876465 -0.00046229 0.000521106)
(0.0799079 0.000836315 -8.21112e-05)
(0.0713198 -2.06808e-06 -0.000100686)
(0.0875315 -6.31319e-05 0.000207706)
(0.0697573 0.00142083 -0.001011)
(0.0871208 0.000901142 -0.000508545)
(0.0672786 -0.000621129 0.000351948)
(0.0554262 -0.000286405 0.000146946)
(0.0768761 -0.000516594 0.000270841)
(0.0661236 -0.000591283 0.000325991)
(0.0542948 -0.000286645 0.000125955)
(0.0759568 -0.000493063 0.000236961)
(0.0651083 -0.000556007 0.000264247)
(0.0532837 -0.000295256 9.77429e-05)
(0.0751348 -0.00047792 0.000173129)
(0.0643264 -0.00047353 0.000101934)
(0.0524416 -0.000325027 2.82065e-05)
(0.0744467 -0.000455742 5.80963e-05)
(0.0640878 -0.000338821 -0.000197249)
(0.0519076 -0.000367122 -0.000129468)
(0.0739739 -0.000373993 -0.000209257)
(0.0650181 -7.19921e-05 -0.000673062)
(0.0522081 -0.000387435 -0.00037281)
(0.0739352 -0.000133988 -0.000832605)
(0.0505828 0.000808887 -0.00204677)
(0.0725511 0.000955292 -0.00290359)
(0.0465578 -0.00013838 3.64734e-05)
(0.0553896 -0.000207043 0.000187432)
(0.0455372 -0.000147304 2.03436e-06)
(0.0542348 -0.000212224 0.000126767)
(0.0446495 -0.000172471 -5.59965e-05)
(0.0531837 -0.000225077 4.76399e-05)
(0.0439494 -0.000211255 -0.000181571)
(0.0522667 -0.000261653 -7.51936e-05)
(0.0436967 -0.000222205 -0.000392662)
(0.0515803 -0.000284661 -0.000306439)
(0.0445265 0.000696381 -0.0017417)
(0.0515582 -0.000192158 -0.000778717)
(0.0502871 0.00159012 -0.00361045)
(0.0661238 0.000325831 0.00059147)
(0.075957 0.000236812 0.000493199)
(0.0735195 0.000599635 0.000832543)
(0.0651087 0.000264002 0.000556203)
(0.075135 0.000172938 0.000478153)
(0.0725565 0.000564693 0.000765009)
(0.064327 0.000101537 0.000473756)
(0.074447 5.78201e-05 0.000456019)
(0.0717557 0.000491289 0.000667318)
(0.0640892 -0.000197864 0.000339155)
(0.0739746 -0.000209743 0.000374362)
(0.0712341 0.000271574 0.000448897)
(0.0650211 -0.000674206 7.25275e-05)
(0.0739365 -0.000833405 0.000134608)
(0.0713219 -0.000101604 1.83624e-06)
(0.0725518 -0.00290479 -0.000953837)
(0.0697594 -0.00101266 -0.00142154)
(0.0873666 0.00022039 0.000424032)
(0.0918211 0.000528192 0.000724155)
(0.0918904 0.000574517 0.000668922)
(0.0869167 8.73688e-05 0.000422654)
(0.0914645 0.000406467 0.000732431)
(0.0915708 0.000483985 0.000631152)
(0.086547 -0.000131391 0.000412894)
(0.0911547 0.000235544 0.000756536)
(0.0913138 0.000344195 0.00058604)
(0.0861892 -0.000539455 0.000313503)
(0.0908736 -2.11308e-05 0.000785792)
(0.0911015 0.000105973 0.000510606)
(0.0855252 -0.00140089 -0.000177515)
(0.0905305 -0.000403927 0.000760085)
(0.0908332 -0.000310069 0.00035348)
(0.0903639 -0.00096236 0.00048864)
(0.0906468 -0.00111415 -8.22567e-05)
(0.096574 0.000633667 0.00104518)
(0.0993165 0.000650327 0.00122977)
(0.0996901 0.00082377 0.00108918)
(0.0963755 0.000481877 0.00108449)
(0.0991898 0.000530942 0.00126794)
(0.0996393 0.00070499 0.00108707)
(0.0961896 0.000279526 0.00115487)
(0.0990583 0.000384647 0.00134599)
(0.0996055 0.000555355 0.00110496)
(0.095995 4.08259e-06 0.00125676)
(0.0989092 0.000197296 0.00147889)
(0.0995744 0.000357608 0.00114036)
(0.0957415 -0.000323178 0.00141462)
(0.0987305 -4.59675e-05 0.00167225)
(0.0995265 9.62955e-05 0.00117995)
(0.0988311 -0.000278373 0.00195162)
(0.0996838 -0.00017196 0.00126634)
(0.102174 0.000596796 0.0014804)
(0.103423 0.000504257 0.00153211)
(0.104363 0.000687503 0.00147379)
(0.102121 0.000498782 0.00156155)
(0.103451 0.000460225 0.00158101)
(0.104478 0.000601397 0.00150535)
(0.102036 0.000389839 0.00170871)
(0.103446 0.000421882 0.00167996)
(0.104578 0.00050897 0.00157996)
(0.101915 0.000267044 0.00194343)
(0.1034 0.000390743 0.00184821)
(0.10466 0.000407409 0.00171021)
(0.101766 0.00017315 0.00227373)
(0.103321 0.000368534 0.00209754)
(0.104733 0.000295972 0.00189916)
(0.103541 0.000409256 0.00241715)
(0.105026 0.00023174 0.00213158)
(0.104755 0.000343431 0.00163421)
(0.104751 9.16018e-05 0.00158632)
(0.106521 0.00032797 0.00162106)
(0.104834 0.000360713 0.00170055)
(0.104872 0.00014375 0.00161347)
(0.106758 0.000325438 0.00164765)
(0.104873 0.00040206 0.00181991)
(0.104967 0.000222497 0.00167406)
(0.10697 0.000337949 0.00171377)
(0.104869 0.000476379 0.00200176)
(0.10503 0.000338849 0.00177656)
(0.107154 0.000369047 0.00182824)
(0.104816 0.000605521 0.00223958)
(0.105068 0.000507039 0.00192516)
(0.107327 0.000424441 0.00199217)
(0.105341 0.000737461 0.00210759)
(0.107719 0.000522053 0.00218262)
(0.104871 -0.000121728 0.00156559)
(0.103565 -0.000399576 0.00144315)
(0.106587 -0.000205802 0.00156558)
(0.105008 -1.47678e-05 0.00158699)
(0.10367 -0.000291498 0.00143291)
(0.10686 -0.000134334 0.00156183)
(0.105129 0.000128109 0.00163071)
(0.103776 -0.00015403 0.00142992)
(0.10712 -4.34498e-05 0.00157666)
(0.105229 0.000320616 0.00169996)
(0.103878 2.59255e-05 0.00143246)
(0.107367 7.53151e-05 0.00161336)
(0.105302 0.000565037 0.00179317)
(0.103981 0.00026297 0.00144129)
(0.107614 0.000231224 0.0016732)
(0.104205 0.000565543 0.00144647)
(0.107991 0.000415783 0.00174858)
(0.102358 -0.000659663 0.00134647)
(0.0995567 -0.000784088 0.00113987)
(0.104321 -0.00077006 0.0013987)
(0.102415 -0.000548091 0.00131452)
(0.099485 -0.000694407 0.00109334)
(0.104496 -0.000681552 0.00134833)
(0.10249 -0.000416035 0.00128152)
(0.0994501 -0.000596384 0.00104039)
(0.104683 -0.000587794 0.00130059)
(0.102581 -0.000249994 0.00123978)
(0.0994498 -0.000476703 0.000963874)
(0.104884 -0.00048028 0.00124937)
(0.102678 -3.65611e-05 0.00118534)
(0.0994736 -0.000319532 0.000841242)
(0.105095 -0.000350027 0.00118923)
(0.102772 0.000234407 0.0011116)
(0.099497 -0.000104301 0.000660309)
(0.105326 -0.000187744 0.00112068)
(0.0995873 0.000247543 0.000369363)
(0.105634 1.43505e-05 0.00103846)
(0.0969164 -0.000848318 0.000912201)
(0.0922738 -0.000710928 0.000640799)
(0.0998158 -0.00100298 0.00102005)
(0.0967622 -0.00077673 0.000847214)
(0.0918902 -0.000668852 0.000574743)
(0.0997686 -0.000943283 0.000942805)
(0.0966611 -0.000694685 0.000754365)
(0.0915706 -0.000630993 0.000484231)
(0.0997599 -0.000889149 0.000852394)
(0.0966074 -0.000584571 0.000602269)
(0.0913136 -0.000585798 0.000344504)
(0.099786 -0.000831703 0.000730349)
(0.096561 -0.000421934 0.000360929)
(0.0911012 -0.000510301 0.000106436)
(0.0998331 -0.000758562 0.000554713)
(0.0964258 -0.000130877 -2.30912e-05)
(0.0908328 -0.00035282 -0.000309543)
(0.0998702 -0.000650945 0.000315157)
(0.0906476 8.45299e-05 -0.00111497)
(0.100006 -0.00045536 3.70561e-06)
(0.0878896 -0.000435031 0.000310043)
(0.0768253 -0.000351563 0.000426098)
(0.0922292 -0.000734367 0.000622296)
(0.0873664 -0.000423882 0.000220644)
(0.0758734 -0.000362072 0.000346214)
(0.091821 -0.000724088 0.000528401)
(0.0869165 -0.000422344 8.76308e-05)
(0.0749959 -0.000389643 0.000227439)
(0.0914644 -0.000732219 0.000406663)
(0.0865468 -0.000412442 -0.000131049)
(0.0742037 -0.000431749 5.45959e-05)
(0.0911546 -0.000756184 0.000235778)
(0.086189 -0.000312699 -0.000539031)
(0.0735191 -0.000444904 -0.00024464)
(0.0908735 -0.000785267 -2.08407e-05)
(0.0855251 0.000179479 -0.00140076)
(0.0730322 -0.000250622 -0.000896572)
(0.0905304 -0.000759053 -0.000403714)
(0.0721403 0.00102972 -0.0028758)
(0.0903647 -0.000486408 -0.0009626)
(0.0671601 -0.000408163 0.000495092)
(0.0744564 -0.000661391 0.000828314)
(0.0659274 -0.000418308 0.000373846)
(0.0733031 -0.000676055 0.000722341)
(0.0647798 -0.000436384 0.000198397)
(0.0721937 -0.000704832 0.000582279)
(0.0637488 -0.000442365 -7.33866e-05)
(0.0711284 -0.000749766 0.000385186)
(0.0629578 -0.000358157 -0.000603201)
(0.0701136 -0.000784191 4.28994e-05)
(0.0628716 0.000285771 -0.00215737)
(0.0692678 -0.000731715 -0.000665448)
(0.0678391 -0.000602427 -0.00231281)
(0.0815708 0.000850548 0.000931049)
(0.0888122 0.000833768 0.000898325)
(0.086218 0.000985307 0.000813436)
(0.08083 0.000804322 0.000786005)
(0.0883181 0.000790909 0.000800586)
(0.0855317 0.000962978 0.000662501)
(0.08026 0.000690808 0.000568594)
(0.0879212 0.000706317 0.000668563)
(0.0849258 0.000915299 0.000450167)
(0.0799199 0.000462104 0.000154443)
(0.0876473 0.000520541 0.000462294)
(0.0844358 0.00080422 0.000129581)
(0.0799103 -8.3247e-05 -0.000837192)
(0.0875327 0.000206922 6.30356e-05)
(0.0841191 0.000629348 -0.000396593)
(0.0871217 -0.000508351 -0.000900553)
(0.0834192 0.000163016 -0.00144523)
(0.0967624 0.000847004 0.000776822)
(0.0997687 0.00094264 0.000943347)
(0.0994852 0.00109318 0.000694455)
(0.0966613 0.000754084 0.000694812)
(0.09976 0.000852195 0.000889253)
(0.0994503 0.00104016 0.000596446)
(0.0966077 0.000601857 0.000584727)
(0.0997861 0.000730118 0.000831863)
(0.09945 0.000963555 0.000476786)
(0.0965612 0.000360396 0.000422197)
(0.0998331 0.000554396 0.000758786)
(0.0994738 0.000840759 0.000319603)
(0.0964259 -2.24388e-05 0.000132429)
(0.0998701 0.000314963 0.000651459)
(0.0994971 0.000659741 0.000104492)
(0.100005 5.7054e-06 0.000457917)
(0.0995869 0.000370188 -0.0002459)
(0.103108 0.000895015 0.00106013)
(0.10483 0.000829818 0.00123781)
(0.104864 0.00111528 0.000912285)
(0.103242 0.000780807 0.00103503)
(0.105031 0.000736535 0.00122249)
(0.105083 0.00103087 0.000862874)
(0.103388 0.000640609 0.00102077)
(0.105241 0.000631003 0.00122947)
(0.105314 0.000935231 0.0008213)
(0.103526 0.00046699 0.00101042)
(0.105454 0.000508362 0.00125773)
(0.105553 0.000821776 0.000785206)
(0.103625 0.000279945 0.00100861)
(0.105673 0.00036998 0.00130147)
(0.105801 0.000687883 0.000750226)
(0.10603 0.000252221 0.00136328)
(0.106162 0.000561021 0.000720221)
(0.10688 0.000686787 0.001415)
(0.107601 0.000524271 0.00148485)
(0.107977 0.000814393 0.00119014)
(0.107165 0.000606664 0.00143366)
(0.107938 0.000477654 0.00148845)
(0.108357 0.000745381 0.00117527)
(0.107449 0.000522577 0.00148565)
(0.108267 0.000433367 0.00152315)
(0.108734 0.000676434 0.00118314)
(0.107737 0.000434819 0.00157084)
(0.108592 0.000391115 0.00159239)
(0.109113 0.00060518 0.00121493)
(0.10804 0.000357081 0.00168046)
(0.108933 0.00035017 0.0016919)
(0.109512 0.000533196 0.00126502)
(0.109407 0.000322278 0.00180226)
(0.110016 0.000478309 0.00131518)
(0.108687 0.000305709 0.0015605)
(0.108511 3.62327e-05 0.00153251)
(0.109447 0.000325978 0.00131134)
(0.109071 0.000297162 0.00158022)
(0.108912 5.54528e-05 0.001524)
(0.109925 0.000309515 0.00130281)
(0.109443 0.000297489 0.00163224)
(0.109301 8.3711e-05 0.00153886)
(0.110389 0.000299036 0.00131829)
(0.109812 0.000306643 0.00171597)
(0.109684 0.00012297 0.00157934)
(0.110847 0.000294456 0.00135817)
(0.110188 0.000325575 0.00181658)
(0.110079 0.000175251 0.0016407)
(0.111318 0.000295427 0.00141414)
(0.110584 0.000236899 0.00170555)
(0.111889 0.000303807 0.0014634)
(0.108736 -0.00022005 0.00149601)
(0.107656 -0.000503781 0.00140064)
(0.109471 -0.000291993 0.00127136)
(0.109142 -0.000166809 0.00148264)
(0.108021 -0.000444766 0.00135761)
(0.109961 -0.000256743 0.00124254)
(0.109542 -0.000103193 0.00148596)
(0.108385 -0.000380798 0.00132226)
(0.11044 -0.000217292 0.00122836)
(0.109942 -2.54837e-05 0.00150407)
(0.108753 -0.000308463 0.00129281)
(0.110915 -0.000170945 0.00122718)
(0.110348 6.4733e-05 0.00152967)
(0.109139 -0.000221657 0.0012668)
(0.111403 -0.000115867 0.00123345)
(0.10961 -0.000117337 0.00124335)
(0.111963 -5.47339e-05 0.00123878)
(0.106652 -0.000789903 0.00133165)
(0.10466 -0.000972448 0.00119702)
(0.107615 -0.000914393 0.00116974)
(0.106969 -0.000721396 0.00126607)
(0.104864 -0.000912253 0.00111541)
(0.108014 -0.000855904 0.00110235)
(0.107294 -0.000655563 0.00120212)
(0.105083 -0.000862792 0.001031)
(0.108412 -0.000806599 0.00103997)
(0.107628 -0.000588793 0.0011355)
(0.105314 -0.00082115 0.00093533)
(0.108812 -0.000764131 0.000978991)
(0.107974 -0.000516458 0.00106394)
(0.105553 -0.000784928 0.000821786)
(0.109219 -0.000726551 0.000915492)
(0.108332 -0.000431985 0.000991483)
(0.105801 -0.000749587 0.000687536)
(0.109649 -0.000687262 0.000849622)
(0.106162 -0.000718401 0.000559335)
(0.110156 -0.000635665 0.000790007)
(0.102995 -0.00109945 0.000994118)
(0.0997652 -0.00111139 0.000928223)
(0.104637 -0.00127426 0.000919651)
(0.103108 -0.00106005 0.000895154)
(0.09969 -0.00108914 0.000823938)
(0.10483 -0.00123776 0.000829921)
(0.103242 -0.00103489 0.00078091)
(0.0996393 -0.00108694 0.000705133)
(0.105031 -0.00122238 0.000736593)
(0.103388 -0.00102052 0.000640629)
(0.0996056 -0.00110473 0.000555464)
(0.105241 -0.00122931 0.000630971)
(0.103527 -0.00100989 0.000466707)
(0.0995746 -0.00113997 0.000357632)
(0.105453 -0.00125745 0.000508157)
(0.103626 -0.00100702 0.000278411)
(0.0995268 -0.00117921 9.59468e-05)
(0.105673 -0.00130096 0.000369293)
(0.0996844 -0.00126468 -0.000173545)
(0.10603 -0.00136199 0.000250148)
(0.0967945 -0.0010327 0.000756625)
(0.0892384 -0.000931287 0.000931303)
(0.0994487 -0.00122252 0.000756063)
(0.0965739 -0.00104506 0.000633834)
(0.0885823 -0.00095507 0.000817435)
(0.0993164 -0.00122967 0.000650453)
(0.0963755 -0.00108424 0.000482016)
(0.0879414 -0.00100359 0.00068195)
(0.0991897 -0.00126771 0.000531025)
(0.0961897 -0.00115443 0.00027962)
(0.0872978 -0.00108689 0.000505696)
(0.0990582 -0.00134561 0.000384663)
(0.0959952 -0.00125597 3.99163e-06)
(0.0866145 -0.00121877 0.000243277)
(0.0989091 -0.00147826 0.000197191)
(0.0957417 -0.00141326 -0.000323734)
(0.0858369 -0.00140284 -0.000200129)
(0.0987303 -0.00167122 -4.6367e-05)
(0.0850168 -0.00224381 -0.000641091)
(0.0988307 -0.00195025 -0.000279167)
(0.0821903 -0.00094183 0.000996501)
(0.0867724 -0.00104639 0.00094172)
(0.0811785 -0.000974772 0.000863395)
(0.085908 -0.00107332 0.000831518)
(0.0801609 -0.00103151 0.000694788)
(0.0850119 -0.00112277 0.000698585)
(0.0791078 -0.00112013 0.000446239)
(0.0840434 -0.00120906 0.000526863)
(0.0779449 -0.00123303 3.84526e-07)
(0.0829198 -0.00135504 0.000277523)
(0.076484 -0.00187387 -0.000590038)
(0.0815282 -0.00156886 -0.000108339)
(0.0798493 -0.00264827 -0.000315326)
(0.0907136 0.00113552 0.000612137)
(0.0963212 0.00119748 0.000648506)
(0.0927914 0.00117677 0.000439018)
(0.0901725 0.00111972 0.000416358)
(0.0960592 0.00118597 0.000506553)
(0.0923037 0.00119038 0.000297706)
(0.0896532 0.00108863 0.000135277)
(0.0958139 0.00116659 0.000319456)
(0.0917998 0.00120527 9.84291e-05)
(0.0891571 0.00104667 -0.000280004)
(0.0955869 0.0011338 5.54742e-05)
(0.091275 0.00121909 -0.000195529)
(0.0886358 0.000964026 -0.000899784)
(0.0953786 0.00109509 -0.000318029)
(0.0907111 0.00124549 -0.000604201)
(0.0951309 0.00101863 -0.00085025)
(0.0900792 0.00124553 -0.00121285)
(0.102415 0.00131435 0.00054814)
(0.104496 0.00134821 0.000681599)
(0.103565 0.00144304 0.000399613)
(0.10249 0.00128126 0.000416083)
(0.104683 0.00130041 0.000587852)
(0.10367 0.00143273 0.000291536)
(0.102581 0.00123941 0.000250048)
(0.104884 0.00124913 0.000480365)
(0.103776 0.00142967 0.000154083)
(0.102678 0.00118485 3.66651e-05)
(0.105095 0.00118894 0.000350164)
(0.103878 0.00143211 -2.58357e-05)
(0.102771 0.00111119 -0.000233997)
(0.105326 0.00112042 0.000188038)
(0.103981 0.00144086 -0.000262737)
(0.105634 0.00103865 -1.35636e-05)
(0.104205 0.0014462 -0.000564807)
(0.106969 0.00126594 0.000721453)
(0.108014 0.00110225 0.000855929)
(0.107656 0.00140051 0.000503825)
(0.107294 0.00120199 0.000655664)
(0.108412 0.00103988 0.000806641)
(0.108021 0.00135747 0.00044484)
(0.107628 0.00113541 0.000588974)
(0.108812 0.000978933 0.000764205)
(0.108385 0.00132212 0.000380927)
(0.107974 0.00106399 0.000516805)
(0.109219 0.000915525 0.000726672)
(0.108753 0.0012927 0.000308689)
(0.108332 0.000991927 0.000432678)
(0.109649 0.000849875 0.000687482)
(0.109139 0.00126682 0.000222076)
(0.110156 0.000790746 0.000636075)
(0.10961 0.00124376 0.000118091)
(0.10953 0.000879407 0.000948728)
(0.109864 0.000628438 0.00101219)
(0.109868 0.000970365 0.000656532)
(0.110009 0.000822407 0.000924141)
(0.110388 0.00058856 0.000985861)
(0.110394 0.00092321 0.000629662)
(0.110487 0.000767325 0.000912626)
(0.110905 0.000552007 0.000974961)
(0.110913 0.000883964 0.000609218)
(0.110972 0.000713067 0.0009103)
(0.11142 0.000516888 0.000978066)
(0.11143 0.000849736 0.000593619)
(0.111471 0.000665446 0.000906469)
(0.111953 0.000483281 0.000987504)
(0.111965 0.000818883 0.000579137)
(0.112556 0.000458028 0.000987425)
(0.112564 0.000794624 0.000556954)
(0.110738 0.000330706 0.00105079)
(0.110458 3.49453e-07 0.00104763)
(0.110891 0.000356156 0.000725477)
(0.111302 0.000312071 0.00103833)
(0.11103 1.13395e-06 0.00101952)
(0.111505 0.000338246 0.000708519)
(0.111858 0.000296301 0.00104228)
(0.111589 3.36959e-06 0.00100625)
(0.112104 0.00032359 0.000702013)
(0.112413 0.000283058 0.00105742)
(0.112144 7.59692e-06 0.00100573)
(0.112697 0.000311866 0.000704425)
(0.112972 0.000272974 0.00107087)
(0.112712 1.3395e-05 0.00101139)
(0.113302 0.000302293 0.000710544)
(0.113342 2.13672e-05 0.00101256)
(0.113962 0.000294645 0.00070803)
(0.110748 -0.000331933 0.00101635)
(0.109868 -0.000656527 0.000970476)
(0.110895 -0.000361392 0.000707458)
(0.111316 -0.00031137 0.000987429)
(0.110394 -0.000629656 0.000923316)
(0.111511 -0.000345114 0.000681795)
(0.111876 -0.000290359 0.000969698)
(0.110913 -0.000609213 0.000884059)
(0.112112 -0.0003311 0.000663951)
(0.112435 -0.000268212 0.000959699)
(0.11143 -0.000593625 0.000849786)
(0.112707 -0.00031808 0.000652704)
(0.112995 -0.000244176 0.000953071)
(0.111964 -0.000579176 0.00081884)
(0.113313 -0.000304967 0.000645492)
(0.112564 -0.000557083 0.000794411)
(0.113969 -0.000288142 0.000639148)
(0.109045 -0.000986961 0.000941203)
(0.10759 -0.00122564 0.000887204)
(0.109324 -0.00105391 0.000672584)
(0.10953 -0.000948721 0.000879488)
(0.107977 -0.00119012 0.000814481)
(0.109864 -0.0010122 0.000628551)
(0.110009 -0.000924131 0.00082246)
(0.108357 -0.00117523 0.000745429)
(0.110388 -0.000985883 0.000588666)
(0.110487 -0.000912622 0.000767317)
(0.108734 -0.00118307 0.000676416)
(0.110905 -0.000975004 0.000552103)
(0.110972 -0.000910324 0.000712929)
(0.109113 -0.00121484 0.000605036)
(0.11142 -0.000978159 0.000516947)
(0.11147 -0.000906568 0.000665081)
(0.109512 -0.00126495 0.000532819)
(0.111953 -0.0009877 0.000483274)
(0.110015 -0.00131529 0.000477624)
(0.112556 -0.00098783 0.000457921)
(0.106593 -0.00142595 0.000766251)
(0.104235 -0.00147561 0.000772503)
(0.107253 -0.0015072 0.000575017)
(0.10688 -0.00141493 0.000686842)
(0.104363 -0.00147369 0.000687593)
(0.1076 -0.0014848 0.000524368)
(0.107165 -0.00143354 0.000606643)
(0.104478 -0.00150517 0.000601446)
(0.107937 -0.00148837 0.000477717)
(0.107448 -0.00148548 0.000522426)
(0.104578 -0.00157968 0.000508928)
(0.108266 -0.00152303 0.000433375)
(0.107736 -0.00157062 0.000434441)
(0.104659 -0.00170978 0.000407228)
(0.108591 -0.00159222 0.000391026)
(0.108039 -0.00168035 0.00035639)
(0.104732 -0.0018986 0.00029556)
(0.108932 -0.00169172 0.000349926)
(0.105024 -0.00213129 0.000231186)
(0.109405 -0.00180225 0.000321895)
(0.102204 -0.00144467 0.000688327)
(0.0964398 -0.00126683 0.000808366)
(0.103375 -0.00151608 0.000554598)
(0.102174 -0.00148019 0.000596879)
(0.0960605 -0.00130078 0.000722226)
(0.103423 -0.00153195 0.000504352)
(0.102121 -0.00156121 0.000498806)
(0.0956341 -0.00137083 0.000632273)
(0.103451 -0.00158075 0.000460303)
(0.102036 -0.00170817 0.00038976)
(0.0951243 -0.00150117 0.000535548)
(0.103446 -0.00167954 0.000421909)
(0.101914 -0.0019426 0.000266813)
(0.0944658 -0.00173388 0.000428202)
(0.1034 -0.00184753 0.000390701)
(0.101765 -0.00227275 0.000172827)
(0.0935796 -0.00211157 0.000321034)
(0.10332 -0.0020965 0.000368401)
(0.0926888 -0.00315088 0.000600519)
(0.103539 -0.00241583 0.000409178)
(0.0910185 -0.00121265 0.000844925)
(0.0931232 -0.00120739 0.000653102)
(0.0902909 -0.00126174 0.000756923)
(0.092554 -0.00124769 0.000616055)
(0.0894618 -0.00135191 0.000663188)
(0.0919069 -0.00131731 0.000593795)
(0.0884529 -0.00151442 0.000558948)
(0.0911365 -0.0014322 0.000599992)
(0.0871338 -0.00178512 0.000449101)
(0.0901551 -0.00162617 0.000637456)
(0.0852652 -0.0024747 0.000634131)
(0.0888438 -0.00192202 0.000772596)
(0.0874658 -0.00268727 0.0013903)
(0.0944861 0.001232 9.11264e-05)
(0.0994551 0.00135006 0.000155758)
(0.0946204 0.00123777 -0.000126541)
(0.0940389 0.00127814 -5.09433e-05)
(0.0993011 0.00138125 5.2737e-05)
(0.0941499 0.00129416 -0.000208478)
(0.0935331 0.00133977 -0.000267341)
(0.0991127 0.00143122 -9.45969e-05)
(0.0935965 0.00137653 -0.000348443)
(0.0929504 0.00141986 -0.000598951)
(0.0988783 0.00150218 -0.000309923)
(0.0929221 0.00149756 -0.000568486)
(0.0923084 0.00151912 -0.00112094)
(0.0985832 0.00159577 -0.000625823)
(0.0920684 0.00166579 -0.000946228)
(0.0983715 0.00171456 -0.00109104)
(0.0912909 0.00195666 -0.00171452)
(0.104871 0.00156546 0.000121746)
(0.106587 0.00156546 0.000205826)
(0.104752 0.00158623 -9.16064e-05)
(0.105008 0.00158681 1.47991e-05)
(0.10686 0.00156168 0.000134375)
(0.104873 0.00161335 -0.00014375)
(0.105129 0.00163048 -0.000128046)
(0.10712 0.00157647 4.35225e-05)
(0.104968 0.0016739 -0.000222485)
(0.105229 0.00169968 -0.000320472)
(0.107367 0.00161313 -7.51822e-05)
(0.10503 0.00177635 -0.000338805)
(0.105302 0.00179285 -0.000564712)
(0.107614 0.00167296 -0.000230969)
(0.105068 0.00192491 -0.000506915)
(0.107991 0.00174843 -0.000415325)
(0.105342 0.00210731 -0.000737191)
(0.108736 0.00149588 0.000220098)
(0.109471 0.00127124 0.00029201)
(0.108512 0.00153239 -3.62142e-05)
(0.109142 0.00148249 0.000166894)
(0.109961 0.0012424 0.000256773)
(0.108912 0.00152385 -5.54137e-05)
(0.109542 0.0014858 0.00010334)
(0.11044 0.0012282 0.000217344)
(0.109301 0.00153869 -8.36337e-05)
(0.109942 0.00150393 2.57331e-05)
(0.110916 0.00122703 0.000171031)
(0.109684 0.00157915 -0.000122835)
(0.110348 0.00152964 -6.43417e-05)
(0.111403 0.00123333 0.000116001)
(0.110079 0.00164051 -0.000175033)
(0.111964 0.00123879 5.48998e-05)
(0.110584 0.00170548 -0.000236603)
(0.110749 0.00101621 0.000331929)
(0.110895 0.000707308 0.000361367)
(0.110458 0.00104748 -3.58601e-07)
(0.111316 0.000987278 0.000311364)
(0.111511 0.000681621 0.000345076)
(0.11103 0.00101934 -1.14399e-06)
(0.111876 0.000969541 0.000290345)
(0.112112 0.000663751 0.000331039)
(0.111589 0.00100605 -3.38267e-06)
(0.112435 0.000959549 0.000268174)
(0.112707 0.000652477 0.000317977)
(0.112144 0.0010055 -7.61863e-06)
(0.112995 0.000952955 0.00024407)
(0.113313 0.000645238 0.00030479)
(0.112712 0.00101113 -1.34433e-05)
(0.11397 0.00063888 0.00028782)
(0.113342 0.0010123 -2.14851e-05)
(0.111669 0.000364142 0.000375077)
(0.11134 -4.11606e-06 0.000376541)
(0.11134 0.000376358 4.07172e-06)
(0.112319 0.000350289 0.000365464)
(0.111998 -5.90995e-06 0.000362865)
(0.111998 0.000362641 5.84366e-06)
(0.112958 0.000339774 0.000359592)
(0.11264 -8.02954e-06 0.000353114)
(0.11264 0.000352837 7.92782e-06)
(0.113592 0.000331824 0.00035576)
(0.113275 -1.02412e-05 0.000346526)
(0.113275 0.000346181 1.00827e-05)
(0.114226 0.000324777 0.000349945)
(0.113918 -1.18903e-05 0.000341395)
(0.113918 0.000340965 1.16385e-05)
(0.114606 -1.16855e-05 0.000333745)
(0.114606 0.000333209 1.12801e-05)
(0.111669 -0.000375137 0.000364328)
(0.110891 -0.000725514 0.000356308)
(0.11134 -0.000376602 -3.93405e-06)
(0.112319 -0.000365559 0.000350515)
(0.111504 -0.000708582 0.000338422)
(0.111998 -0.000362959 -5.68354e-06)
(0.112958 -0.000359744 0.000340048)
(0.112104 -0.000702119 0.000323794)
(0.11264 -0.000353259 -7.74442e-06)
(0.113592 -0.000356003 0.000332162)
(0.112697 -0.000704607 0.000312105)
(0.113275 -0.000346747 -9.8775e-06)
(0.114226 -0.000350342 0.000325196)
(0.113301 -0.000710858 0.000302583)
(0.113918 -0.00034173 -1.14197e-05)
(0.113961 -0.000708586 0.000295021)
(0.114606 -0.000334254 -1.10676e-05)
(0.110158 -0.0010805 0.000352284)
(0.10895 -0.00134145 0.000347647)
(0.109867 -0.00109077 5.38823e-07)
(0.110738 -0.00105084 0.000330847)
(0.109446 -0.00131133 0.000326103)
(0.110458 -0.00104768 5.01654e-07)
(0.111302 -0.00103841 0.000312225)
(0.109925 -0.00130281 0.000309642)
(0.111029 -0.0010196 1.31338e-06)
(0.111858 -0.00104242 0.000296471)
(0.110389 -0.00131831 0.00029917)
(0.111589 -0.00100639 3.59932e-06)
(0.112412 -0.00105769 0.000283251)
(0.110846 -0.00135822 0.000294587)
(0.112144 -0.00100597 7.87775e-06)
(0.112971 -0.00107138 0.000273223)
(0.111317 -0.0014143 0.000295565)
(0.112712 -0.00101179 1.37646e-05)
(0.111887 -0.00146378 0.00030401)
(0.113341 -0.00101324 2.19175e-05)
(0.108288 -0.00156818 0.000322472)
(0.106262 -0.00162044 0.000342192)
(0.108097 -0.00156189 2.36487e-05)
(0.108687 -0.00156044 0.000305821)
(0.106521 -0.00162094 0.000328077)
(0.108511 -0.00153247 3.6363e-05)
(0.10907 -0.00158014 0.000297269)
(0.106758 -0.00164748 0.000325542)
(0.108912 -0.00152396 5.55962e-05)
(0.109443 -0.00163213 0.000297586)
(0.10697 -0.00171351 0.00033805)
(0.109301 -0.0015388 8.38815e-05)
(0.109811 -0.00171584 0.000306721)
(0.107154 -0.00182781 0.000369131)
(0.109683 -0.00157927 0.000123171)
(0.110187 -0.00181649 0.000325667)
(0.107326 -0.00199154 0.000424509)
(0.110078 -0.00164066 0.000175517)
(0.107717 -0.00218173 0.000522143)
(0.110582 -0.00170567 0.000237341)
(0.104647 -0.00160497 0.000344345)
(0.0995084 -0.00136177 0.000359942)
(0.104613 -0.00158089 5.78869e-05)
(0.104755 -0.00163399 0.000343533)
(0.0993341 -0.00139817 0.000361862)
(0.104751 -0.00158615 9.17102e-05)
(0.104834 -0.00170021 0.000360813)
(0.0991044 -0.00146378 0.00038638)
(0.104872 -0.00161324 0.000143873)
(0.104873 -0.00181937 0.000402149)
(0.0987973 -0.00157341 0.000447909)
(0.104967 -0.00167369 0.000222629)
(0.104868 -0.00200087 0.000476453)
(0.0983772 -0.00175007 0.00055038)
(0.105029 -0.00177594 0.000338999)
(0.104815 -0.00223818 0.000605588)
(0.0978055 -0.00200732 0.000749054)
(0.105067 -0.00192418 0.000507221)
(0.0974527 -0.00243319 0.00125598)
(0.10534 -0.00210621 0.000737695)
(0.0947697 -0.00123937 0.000378996)
(0.0950272 -0.00120204 7.71122e-05)
(0.094293 -0.00129974 0.000404151)
(0.0946203 -0.00123769 0.000126559)
(0.0937177 -0.0013922 0.000469325)
(0.0941499 -0.00129399 0.000208471)
(0.0930011 -0.00153367 0.000586281)
(0.0935965 -0.00137619 0.000348405)
(0.092077 -0.00174239 0.000802606)
(0.0929223 -0.00149692 0.000568374)
(0.0908634 -0.00210148 0.00135054)
(0.092069 -0.00166471 0.000946067)
(0.0912923 -0.0019549 0.00171431)
(0.094293 0.00129993 -0.00040418)
(0.0993343 0.00139829 -0.000361834)
(0.092554 0.00124784 -0.000616101)
(0.0937177 0.00139256 -0.000469381)
(0.0991046 0.00146401 -0.000386367)
(0.0919068 0.00131758 -0.000593877)
(0.0930009 0.00153433 -0.000586408)
(0.0987975 0.00157384 -0.000447909)
(0.0911362 0.0014327 -0.000600125)
(0.0920765 0.00174349 -0.000802841)
(0.0983774 0.00175085 -0.000550442)
(0.0901546 0.00162703 -0.000637739)
(0.0908624 0.00210333 -0.001351)
(0.0978057 0.00200864 -0.000749148)
(0.0888427 0.00192359 -0.000773121)
(0.0974529 0.00243542 -0.00125622)
(0.087464 0.00268866 -0.00139103)
(0.104756 0.00163412 -0.000343454)
(0.106521 0.00162096 -0.000327981)
(0.103424 0.00153204 -0.000504294)
(0.104834 0.00170043 -0.00036073)
(0.106759 0.00164752 -0.000325439)
(0.103451 0.00158092 -0.000460261)
(0.104874 0.00181977 -0.000402063)
(0.106971 0.00171362 -0.000337931)
(0.103446 0.00167985 -0.000421918)
(0.104869 0.00200159 -0.00047634)
(0.107155 0.00182805 -0.000368997)
(0.1034 0.00184808 -0.000390772)
(0.104816 0.00223936 -0.000605402)
(0.107327 0.00199195 -0.000424328)
(0.103322 0.0020974 -0.000368524)
(0.107719 0.00218238 -0.000521862)
(0.103542 0.00241706 -0.000409195)
(0.108687 0.00156036 -0.000305698)
(0.109447 0.00131119 -0.000325983)
(0.107601 0.00148473 -0.000524283)
(0.109071 0.00158005 -0.000297127)
(0.109925 0.00130264 -0.000309512)
(0.107938 0.00148831 -0.000477656)
(0.109444 0.00163204 -0.000297416)
(0.110389 0.00131808 -0.000299017)
(0.108267 0.00152296 -0.000433349)
(0.109812 0.00171574 -0.000306516)
(0.110847 0.00135791 -0.000294415)
(0.108592 0.00159217 -0.000391066)
(0.110189 0.00181635 -0.000325388)
(0.111318 0.00141383 -0.000295359)
(0.108933 0.00169165 -0.000350084)
(0.111889 0.00146308 -0.000303724)
(0.109408 0.0018021 -0.000322216)
(0.110738 0.00105062 -0.00033072)
(0.110891 0.000725298 -0.000356183)
(0.109864 0.00101202 -0.000628455)
(0.111302 0.00103811 -0.000312085)
(0.111505 0.000708298 -0.000338283)
(0.110388 0.000985648 -0.000588578)
(0.111858 0.00104201 -0.000296317)
(0.112104 0.000701738 -0.000323641)
(0.110905 0.000974692 -0.000552023)
(0.112413 0.00105709 -0.000283081)
(0.112697 0.000704083 -0.00031194)
(0.11142 0.000977723 -0.000516903)
(0.112972 0.00107048 -0.000273015)
(0.113302 0.000710121 -0.000302408)
(0.111954 0.000987069 -0.000483304)
(0.113962 0.000707515 -0.000294827)
(0.112557 0.00098689 -0.000458084)
(0.111669 0.000374857 -0.000364192)
(0.11134 3.87092e-06 -0.000376403)
(0.110895 0.000361164 -0.000707337)
(0.112319 0.000365188 -0.000350363)
(0.111998 5.59083e-06 -0.000362706)
(0.111511 0.00034482 -0.000681664)
(0.112958 0.000359245 -0.000339883)
(0.11264 7.60682e-06 -0.000352933)
(0.112112 0.000330712 -0.000663815)
(0.113592 0.000355323 -0.000331991)
(0.113275 9.67466e-06 -0.000346326)
(0.112707 0.000317556 -0.000652576)
(0.114226 0.000349397 -0.000325035)
(0.113918 1.11223e-05 -0.000341185)
(0.113313 0.000304249 -0.000645398)
(0.114606 1.06336e-05 -0.000333545)
(0.11397 0.000287121 -0.000639132)
(0.111669 -0.000364424 -0.000374918)
(0.110895 -0.000707531 -0.000361212)
(0.110891 -0.000356391 -0.000725328)
(0.112319 -0.000350659 -0.000365276)
(0.11151 -0.000681908 -0.000344888)
(0.111504 -0.000338546 -0.000708342)
(0.112958 -0.000340262 -0.000359376)
(0.112112 -0.00066413 -0.000330805)
(0.112104 -0.000323977 -0.000701805)
(0.113592 -0.000332474 -0.000355519)
(0.112707 -0.000652977 -0.000317691)
(0.112697 -0.000312369 -0.000704195)
(0.114226 -0.000325642 -0.000349695)
(0.113313 -0.000645902 -0.000304442)
(0.113301 -0.000302953 -0.00071031)
(0.113969 -0.000639754 -0.000287394)
(0.113961 -0.000295515 -0.000707842)
(0.110166 -0.00105795 -0.000353072)
(0.108967 -0.001316 -0.00032504)
(0.109328 -0.00102696 -0.00069042)
(0.110748 -0.00101644 -0.000331746)
(0.109471 -0.00127139 -0.000291841)
(0.109868 -0.000970569 -0.00065636)
(0.111316 -0.000987575 -0.00031113)
(0.10996 -0.00124259 -0.000256554)
(0.110394 -0.000923461 -0.000629442)
(0.111876 -0.000969933 -0.000290042)
(0.11044 -0.00122845 -0.000217048)
(0.110913 -0.000884282 -0.000608928)
(0.112435 -0.000960069 -0.000267782)
(0.110915 -0.00122734 -0.00017063)
(0.11143 -0.000850137 -0.000593246)
(0.112994 -0.000953644 -0.000243551)
(0.111402 -0.00123373 -0.000115439)
(0.111964 -0.000819386 -0.000578661)
(0.111963 -0.00123932 -5.40777e-05)
(0.112564 -0.000795243 -0.000556348)
(0.10832 -0.00152618 -0.000266339)
(0.106304 -0.00158519 -0.000264315)
(0.10729 -0.00145407 -0.000561641)
(0.108736 -0.00149599 -0.000219895)
(0.106587 -0.00156548 -0.000205677)
(0.107656 -0.00140065 -0.000503648)
(0.109142 -0.00148262 -0.000166614)
(0.10686 -0.0015617 -0.000134181)
(0.10802 -0.00135763 -0.000444594)
(0.109542 -0.00148594 -0.000102947)
(0.10712 -0.00157646 -4.32653e-05)
(0.108385 -0.0013223 -0.00038058)
(0.109942 -0.00150409 -2.51658e-05)
(0.107367 -0.00161305 7.55435e-05)
(0.108752 -0.00129289 -0.000308198)
(0.110347 -0.00152984 6.51979e-05)
(0.107613 -0.00167278 0.000231516)
(0.109138 -0.00126703 -0.000221362)
(0.10799 -0.00174821 0.000416196)
(0.109609 -0.00124397 -0.000117004)
(0.104719 -0.00156207 -0.000203895)
(0.0995802 -0.00133398 -0.000232552)
(0.103464 -0.00146245 -0.000489484)
(0.104871 -0.0015654 -0.000121605)
(0.0994549 -0.00135002 -0.000155674)
(0.103565 -0.00144304 -0.000399469)
(0.105008 -0.00158671 -1.4624e-05)
(0.099301 -0.00138116 -5.26488e-05)
(0.10367 -0.00143274 -0.000291364)
(0.105129 -0.00163026 0.000128279)
(0.0991125 -0.00143101 9.4681e-05)
(0.103776 -0.00142963 -0.000153865)
(0.105228 -0.00169925 0.000320823)
(0.0988781 -0.00150174 0.000310015)
(0.103878 -0.00143197 2.61317e-05)
(0.105301 -0.00179222 0.000565287)
(0.0985831 -0.00159496 0.000625954)
(0.103981 -0.00144054 0.000263193)
(0.0983715 -0.00171334 0.00109133)
(0.104204 -0.00144572 0.000565574)
(0.0948841 -0.00120036 -0.000188431)
(0.0932642 -0.0011671 -0.000545422)
(0.094486 -0.00123193 -9.10895e-05)
(0.0927912 -0.00117678 -0.000438941)
(0.0940388 -0.00127798 5.0948e-05)
(0.0923035 -0.00119036 -0.000297652)
(0.0935331 -0.00133943 0.000267295)
(0.0917997 -0.00120517 -9.84374e-05)
(0.0929507 -0.00141924 0.000598839)
(0.0912749 -0.00121884 0.000195456)
(0.0923091 -0.00151812 0.00112081)
(0.0907113 -0.00124498 0.000604006)
(0.0900798 -0.00124466 0.00121263)
(0.0902908 0.00126197 -0.000757012)
(0.0960607 0.00130093 -0.000722249)
(0.0859079 0.00107348 -0.00083158)
(0.0894616 0.00135231 -0.000663335)
(0.0956342 0.00137111 -0.000632332)
(0.0850117 0.00112302 -0.00069867)
(0.0884524 0.00151512 -0.000559213)
(0.0951243 0.00150165 -0.000535698)
(0.084043 0.0012095 -0.000527)
(0.0871327 0.00178644 -0.000449617)
(0.0944658 0.00173471 -0.000428505)
(0.0829189 0.00135583 -0.000277776)
(0.0852633 0.00247578 -0.000634526)
(0.0935794 0.00211314 -0.000321625)
(0.0815263 0.0015704 0.000107727)
(0.092689 0.0031525 -0.000600931)
(0.0798462 0.00264941 0.000314704)
(0.102174 0.00148034 -0.000596855)
(0.104363 0.00147371 -0.000687548)
(0.0993166 0.00122971 -0.000650389)
(0.102122 0.00156147 -0.000498849)
(0.104479 0.00150525 -0.000601444)
(0.09919 0.00126787 -0.000531016)
(0.102036 0.00170862 -0.000389917)
(0.104579 0.00157983 -0.000509021)
(0.0990585 0.00134591 -0.000384744)
(0.101915 0.00194334 -0.000267125)
(0.10466 0.00171007 -0.000407461)
(0.0989096 0.00147884 -0.00019745)
(0.101767 0.00227371 -0.000173242)
(0.104734 0.001899 -0.000296019)
(0.098731 0.00167218 4.58031e-05)
(0.105027 0.00213155 -0.000231861)
(0.0988319 0.00195162 0.00027819)
(0.10688 0.00141487 -0.000686818)
(0.107978 0.00118999 -0.000814418)
(0.10483 0.0012377 -0.000829863)
(0.107165 0.00143349 -0.000606692)
(0.108357 0.00117508 -0.000745407)
(0.105032 0.00122236 -0.000736593)
(0.107449 0.00148545 -0.000522597)
(0.108734 0.0011829 -0.000676455)
(0.105241 0.00122932 -0.00063108)
(0.107738 0.0015706 -0.000434832)
(0.109114 0.00121461 -0.000605192)
(0.105454 0.00125755 -0.000508466)
(0.108041 0.00168027 -0.000357154)
(0.109513 0.00126462 -0.000533201)
(0.105674 0.00130129 -0.000370131)
(0.110017 0.00131477 -0.000478386)
(0.106031 0.00136333 -0.000252641)
(0.10953 0.000948524 -0.000879428)
(0.109868 0.000656336 -0.000970383)
(0.108014 0.000855757 -0.00110227)
(0.110009 0.000923879 -0.000822427)
(0.110394 0.000629412 -0.000923233)
(0.108412 0.000806425 -0.00103991)
(0.110487 0.000912285 -0.00076734)
(0.110913 0.000608894 -0.000883991)
(0.108813 0.000763923 -0.00097897)
(0.110973 0.000909854 -0.000713075)
(0.111431 0.000593195 -0.000849773)
(0.10922 0.000726299 -0.000915566)
(0.111471 0.000905896 -0.000665458)
(0.111965 0.000578585 -0.000818942)
(0.109649 0.00068698 -0.000849907)
(0.112564 0.000556246 -0.000794727)
(0.110157 0.000635377 -0.000790741)
(0.110748 0.000331691 -0.00101623)
(0.110458 -5.69468e-07 -0.00104749)
(0.109471 0.000291804 -0.00127124)
(0.111316 0.000311058 -0.000987309)
(0.11103 -1.41864e-06 -0.00101936)
(0.109961 0.000256507 -0.0012424)
(0.111876 0.000289945 -0.000969592)
(0.111589 -3.73966e-06 -0.00100608)
(0.11044 0.000216993 -0.00122821)
(0.112435 0.00026765 -0.000959638)
(0.112144 -8.06994e-06 -0.00100557)
(0.110916 0.000170558 -0.00122705)
(0.112995 0.00024338 -0.000953107)
(0.112712 -1.40227e-05 -0.00101127)
(0.111403 0.000115352 -0.00123339)
(0.113342 -2.22355e-05 -0.00101255)
(0.111964 5.39951e-05 -0.0012389)
(0.110738 -0.000330959 -0.00105063)
(0.109864 -0.000628655 -0.00101203)
(0.109447 -0.000326194 -0.00131118)
(0.111302 -0.000312388 -0.00103814)
(0.110388 -0.000588823 -0.000985655)
(0.109925 -0.000309775 -0.00130262)
(0.111858 -0.000296703 -0.00104206)
(0.110905 -0.000552332 -0.000974702)
(0.110389 -0.000299353 -0.00131806)
(0.112412 -0.000283573 -0.0010572)
(0.11142 -0.000517289 -0.000977754)
(0.110847 -0.000294849 -0.00135791)
(0.112972 -0.000273641 -0.00107071)
(0.111953 -0.000483775 -0.000987151)
(0.111318 -0.000295919 -0.00141388)
(0.112556 -0.000458625 -0.000987072)
(0.111888 -0.000304451 -0.00146327)
(0.109045 -0.000941299 -0.000986809)
(0.107615 -0.0011698 -0.000914272)
(0.10759 -0.000887293 -0.00122552)
(0.10953 -0.000879635 -0.000948524)
(0.108014 -0.00110243 -0.000855753)
(0.107977 -0.000814612 -0.00118997)
(0.110009 -0.00082268 -0.000923872)
(0.108412 -0.0010401 -0.0008064)
(0.108357 -0.000745629 -0.00117503)
(0.110487 -0.000767654 -0.000912276)
(0.108812 -0.00097919 -0.000763875)
(0.108734 -0.000676719 -0.00118282)
(0.110972 -0.000713454 -0.000909856)
(0.109219 -0.000915821 -0.000726225)
(0.109113 -0.000605507 -0.00121451)
(0.11147 -0.000665883 -0.000905928)
(0.109648 -0.000850195 -0.00068687)
(0.109512 -0.000533552 -0.00126451)
(0.110156 -0.00079106 -0.000635228)
(0.110016 -0.000478696 -0.00131465)
(0.106652 -0.00133169 -0.000789782)
(0.104321 -0.0013987 -0.00076996)
(0.10466 -0.00119708 -0.000972343)
(0.106969 -0.00126612 -0.000721241)
(0.104496 -0.00134832 -0.000681433)
(0.104864 -0.00111549 -0.000912123)
(0.107294 -0.0012022 -0.000655364)
(0.104683 -0.00130055 -0.000587638)
(0.105083 -0.00103111 -0.000862624)
(0.107628 -0.00113563 -0.00058855)
(0.104883 -0.00124928 -0.000480078)
(0.105314 -0.000935488 -0.000820939)
(0.107973 -0.00106423 -0.000516195)
(0.105095 -0.00118909 -0.00034977)
(0.105553 -0.000822066 -0.00078471)
(0.108332 -0.000992145 -0.000431771)
(0.105325 -0.00112053 -0.000187461)
(0.105801 -0.000688183 -0.000749518)
(0.105634 -0.0010387 1.44621e-05)
(0.106162 -0.000561277 -0.000719212)
(0.102358 -0.00134642 -0.000659565)
(0.096599 -0.00120816 -0.000764023)
(0.0995568 -0.00113987 -0.000783995)
(0.102415 -0.00131442 -0.00054797)
(0.096321 -0.00119754 -0.000648376)
(0.099485 -0.0010933 -0.000694298)
(0.10249 -0.00128133 -0.000415876)
(0.0960589 -0.00118604 -0.000506424)
(0.0994501 -0.00104031 -0.000596245)
(0.102581 -0.00123945 -0.000249779)
(0.0958137 -0.00116663 -0.000319343)
(0.0994498 -0.000963703 -0.000476515)
(0.102678 -0.00118481 -3.62864e-05)
(0.0955866 -0.00113376 -5.53758e-05)
(0.0994735 -0.000840925 -0.000319271)
(0.102771 -0.00111103 0.000234595)
(0.0953784 -0.00109488 0.000318115)
(0.0994967 -0.000659875 -0.000104024)
(0.0951308 -0.00101809 0.000850384)
(0.0995865 -0.000370277 0.000246588)
(0.0912708 -0.00114253 -0.000758401)
(0.0869581 -0.000995741 -0.000931534)
(0.0907134 -0.00113558 -0.000612042)
(0.0862178 -0.000985381 -0.000813308)
(0.0901723 -0.00111975 -0.000416314)
(0.0855314 -0.000963071 -0.000662395)
(0.0896529 -0.0010886 -0.000135317)
(0.0849254 -0.000915399 -0.000450123)
(0.0891568 -0.00104652 0.000279835)
(0.0844353 -0.000804287 -0.00012961)
(0.0886358 -0.000963631 0.000899437)
(0.0841186 -0.000629393 0.000396347)
(0.0834184 -0.000162996 0.00144468)
(0.0811783 0.000974938 -0.000863409)
(0.0885824 0.000955155 -0.000817396)
(0.073303 0.000676156 -0.000722313)
(0.0801605 0.00103178 -0.000694796)
(0.0879414 0.00100375 -0.000681927)
(0.0721935 0.000704986 -0.000582199)
(0.0791069 0.00112064 -0.000446263)
(0.0872976 0.00108721 -0.000505697)
(0.0711281 0.000750029 -0.000385031)
(0.0779432 0.00123403 -6.13611e-07)
(0.086614 0.00121945 -0.000243391)
(0.0701127 0.00078472 -4.26836e-05)
(0.0764808 0.00187538 0.000589516)
(0.0858357 0.00140422 0.000199612)
(0.0692659 0.000732893 0.000665482)
(0.0850146 0.00224605 0.000640034)
(0.0678349 0.000604648 0.00231261)
(0.0965741 0.00104511 -0.000633743)
(0.0996902 0.0010891 -0.000823832)
(0.0918212 0.000724089 -0.000528257)
(0.0963757 0.00108441 -0.000481975)
(0.0996395 0.00108698 -0.000705073)
(0.0914646 0.000732367 -0.00040656)
(0.0961899 0.00115483 -0.000279693)
(0.0996058 0.00110486 -0.000555473)
(0.0911549 0.000756472 -0.000235678)
(0.0959954 0.00125674 -4.32714e-06)
(0.0995748 0.0011403 -0.000357812)
(0.0908737 0.000785782 2.08958e-05)
(0.0957421 0.00141459 0.00032288)
(0.099527 0.00117988 -9.65774e-05)
(0.0905307 0.000760038 0.000403623)
(0.0996847 0.0012664 0.000171454)
(0.090364 0.000488686 0.000961809)
(0.103108 0.00106002 -0.000895082)
(0.104864 0.000912151 -0.00111532)
(0.0997688 0.000943258 -0.000942707)
(0.103242 0.00103491 -0.000780907)
(0.105083 0.000862712 -0.00103093)
(0.0997602 0.000889163 -0.000852301)
(0.103388 0.00102064 -0.000640761)
(0.105314 0.000821099 -0.000935324)
(0.0997863 0.000831773 -0.000730283)
(0.103527 0.0010103 -0.00046723)
(0.105553 0.000784962 -0.000821912)
(0.0998334 0.000758707 -0.000554649)
(0.103626 0.00100865 -0.000280451)
(0.105802 0.000749931 -0.000688089)
(0.0998706 0.000651435 -0.000315382)
(0.106163 0.000719992 -0.000561441)
(0.100006 0.000458171 -6.51368e-06)
(0.106969 0.000721268 -0.00126597)
(0.107656 0.00050364 -0.00140052)
(0.104496 0.000681458 -0.00134823)
(0.107294 0.000655427 -0.00120205)
(0.108021 0.000444602 -0.00135748)
(0.104684 0.000587681 -0.00130046)
(0.107628 0.000588661 -0.00113548)
(0.108385 0.000380607 -0.00132215)
(0.104884 0.000480152 -0.00124921)
(0.107974 0.000516377 -0.00106408)
(0.108753 0.000308248 -0.00129273)
(0.105095 0.000349891 -0.00118907)
(0.108333 0.000432057 -0.000992029)
(0.109139 0.000221448 -0.00126687)
(0.105326 0.000187647 -0.00112058)
(0.10961 0.000117152 -0.00124381)
(0.105635 -1.43794e-05 -0.00103854)
(0.108736 0.000219866 -0.00149586)
(0.108512 -3.64219e-05 -0.00153236)
(0.106587 0.000205644 -0.00156543)
(0.109142 0.000166584 -0.00148247)
(0.108912 -5.56767e-05 -0.00152382)
(0.10686 0.000134142 -0.00156164)
(0.109542 0.000102916 -0.00148578)
(0.109301 -8.39816e-05 -0.00153864)
(0.10712 4.32159e-05 -0.00157642)
(0.109942 2.51369e-05 -0.00150392)
(0.109684 -0.000123303 -0.00157909)
(0.107367 -7.5599e-05 -0.00161306)
(0.110348 -6.52008e-05 -0.00152965)
(0.110079 -0.000175675 -0.00164046)
(0.107614 -0.000231564 -0.00167286)
(0.110584 -0.000237502 -0.00170548)
(0.107991 -0.00041622 -0.00174831)
(0.108687 -0.000305933 -0.00156031)
(0.107601 -0.000524487 -0.00148468)
(0.106521 -0.000328179 -0.00162089)
(0.109071 -0.000297424 -0.00157998)
(0.107938 -0.000477896 -0.00148822)
(0.106758 -0.000325681 -0.00164742)
(0.109443 -0.000297799 -0.00163195)
(0.108267 -0.000433637 -0.00152284)
(0.10697 -0.000338235 -0.00171346)
(0.109812 -0.000307016 -0.00171563)
(0.108592 -0.000391418 -0.001592)
(0.107155 -0.000369386 -0.00182782)
(0.110188 -0.000326046 -0.00181629)
(0.108933 -0.000350504 -0.00169145)
(0.107327 -0.000424839 -0.00199164)
(0.109407 -0.000322657 -0.00180189)
(0.107718 -0.000522565 -0.0021821)
(0.106593 -0.000766375 -0.00142584)
(0.104637 -0.000919744 -0.00127417)
(0.104236 -0.000772611 -0.00147554)
(0.10688 -0.000687027 -0.00141479)
(0.10483 -0.000830057 -0.00123765)
(0.104363 -0.000687742 -0.00147362)
(0.107165 -0.000606926 -0.00143336)
(0.105031 -0.000736793 -0.00122224)
(0.104479 -0.000601664 -0.00150509)
(0.107449 -0.000522861 -0.00148526)
(0.105241 -0.00063128 -0.00122912)
(0.104579 -0.000509263 -0.0015796)
(0.107737 -0.000435117 -0.00157034)
(0.105454 -0.000508673 -0.00125726)
(0.10466 -0.000407728 -0.00170973)
(0.10804 -0.00035739 -0.00167994)
(0.105673 -0.000370288 -0.00130085)
(0.104733 -0.000296292 -0.00189852)
(0.10603 -0.0002525 -0.00136255)
(0.105026 -0.000232101 -0.002131)
(0.102995 -0.000994207 -0.00109934)
(0.0998158 -0.0010201 -0.00100289)
(0.0997652 -0.000928308 -0.00111131)
(0.103108 -0.000895276 -0.00105992)
(0.0997686 -0.000942863 -0.000943183)
(0.09969 -0.000824052 -0.00108905)
(0.103242 -0.00078109 -0.00103473)
(0.0997599 -0.000852447 -0.000889023)
(0.0996393 -0.000705286 -0.00108682)
(0.103388 -0.000640925 -0.00102034)
(0.099786 -0.000730394 -0.000831536)
(0.0996056 -0.000555684 -0.00110459)
(0.103526 -0.000467337 -0.00100983)
(0.099833 -0.000554749 -0.000758366)
(0.0995745 -0.000358015 -0.00113987)
(0.103625 -0.000280278 -0.00100779)
(0.09987 -0.000315376 -0.000650882)
(0.0995266 -9.67221e-05 -0.00117922)
(0.100005 -6.15873e-06 -0.000457163)
(0.0996842 0.000171481 -0.00126545)
(0.0969164 -0.000912217 -0.000848233)
(0.0893795 -0.000859413 -0.000983194)
(0.0922738 -0.00064083 -0.000710852)
(0.0967622 -0.000847206 -0.000776628)
(0.088812 -0.000833893 -0.000898161)
(0.0918903 -0.000574777 -0.000668773)
(0.0966611 -0.000754305 -0.000694554)
(0.0883178 -0.000791084 -0.000800413)
(0.0915707 -0.000484243 -0.000630905)
(0.0966074 -0.000602116 -0.000584396)
(0.0879208 -0.000706531 -0.000668379)
(0.0913136 -0.000344467 -0.000585698)
(0.0965609 -0.000360712 -0.00042177)
(0.0876468 -0.000520798 -0.000462118)
(0.0911012 -0.000106319 -0.000510185)
(0.0964255 2.20787e-05 -0.000131868)
(0.0875321 -0.000207249 -6.29152e-05)
(0.0908329 0.000309704 -0.000352794)
(0.0871207 0.000507926 0.000900552)
(0.0906466 0.00111371 8.30935e-05)
(0.0824247 -0.000872462 -0.00104321)
(0.0745872 -0.000612751 -0.000897426)
(0.0815705 -0.000850657 -0.000930903)
(0.0735193 -0.000599742 -0.00083235)
(0.0808296 -0.000804468 -0.000785887)
(0.0725562 -0.000564845 -0.000764818)
(0.0802594 -0.000690982 -0.000568531)
(0.0717554 -0.000491487 -0.000667171)
(0.0799192 -0.000462336 -0.000154522)
(0.0712335 -0.000271827 -0.000448782)
(0.0799092 8.28947e-05 0.000836834)
(0.071321 0.000101238 -1.85876e-06)
(0.0697578 0.00101218 0.00142148)
(0.0659274 0.000418384 -0.000373684)
(0.0758735 0.000362111 -0.000346056)
(0.0542348 0.000212282 -0.000126661)
(0.0647797 0.000436532 -0.00019815)
(0.0749959 0.000389789 -0.00022727)
(0.0531838 0.000225205 -4.74765e-05)
(0.0637484 0.000442658 7.3777e-05)
(0.0742037 0.000432029 -5.43709e-05)
(0.0522668 0.000261855 7.54626e-05)
(0.0629569 0.000358853 0.000603697)
(0.0735189 0.000445423 0.00024496)
(0.0515802 0.000285008 0.000306897)
(0.0628689 -0.000284047 0.00215798)
(0.0730315 0.000251835 0.000896851)
(0.0515578 0.000192818 0.000779436)
(0.0721374 -0.00102613 0.00287549)
(0.0502863 -0.00158772 0.00361087)
(0.0873666 0.000423971 -0.00022047)
(0.0918905 0.000668852 -0.000574585)
(0.0759571 0.000493141 -0.000236862)
(0.0869167 0.0004226 -8.74818e-05)
(0.0915709 0.00063109 -0.000484089)
(0.0751351 0.000478102 -0.000173005)
(0.086547 0.000412854 0.000131226)
(0.0913139 0.000585987 -0.000344346)
(0.0744471 0.000455977 -5.79167e-05)
(0.0861892 0.000313453 0.000539222)
(0.0911015 0.000510576 -0.000106207)
(0.0739745 0.000374335 0.00020958)
(0.0855251 -0.000177532 0.00140051)
(0.0908333 0.000353485 0.00030971)
(0.0739364 0.000134573 0.000833162)
(0.0906468 -8.20869e-05 0.00111353)
(0.0725512 -0.000953836 0.00290444)
(0.0967625 0.000776749 -0.000847098)
(0.0994852 0.000694356 -0.00109323)
(0.0888123 0.000898259 -0.000833825)
(0.0966614 0.000694749 -0.00075423)
(0.0994504 0.000596341 -0.00104024)
(0.0883182 0.000800525 -0.000790994)
(0.0966078 0.000584681 -0.000602081)
(0.0994501 0.000476674 -0.000963687)
(0.0879213 0.000668519 -0.000706454)
(0.0965614 0.000422202 -0.000360758)
(0.0994739 0.00031949 -0.000840968)
(0.0876474 0.000462285 -0.000520775)
(0.0964262 0.000132588 2.18399e-05)
(0.0994975 0.00010438 -0.00066005)
(0.0875327 6.31454e-05 -0.000207348)
(0.0995875 -0.000246179 -0.000370388)
(0.0871215 -0.000900192 0.000507461)
(0.102415 0.00054801 -0.00131439)
(0.103565 0.000399472 -0.00144303)
(0.0963213 0.000648396 -0.0011975)
(0.10249 0.00041593 -0.00128132)
(0.10367 0.000291365 -0.00143273)
(0.0960593 0.000506423 -0.001186)
(0.102581 0.000249866 -0.00123952)
(0.103776 0.000153869 -0.00142967)
(0.0958141 0.000319323 -0.00116666)
(0.102679 3.64154e-05 -0.00118499)
(0.103878 -2.61157e-05 -0.00143212)
(0.0955871 5.53521e-05 -0.00113392)
(0.102772 -0.000234595 -0.00111107)
(0.103981 -0.000263154 -0.00144084)
(0.0953789 -0.000318128 -0.00109526)
(0.104205 -0.000565688 -0.00144587)
(0.0951315 -0.000850534 -0.00101855)
(0.104871 0.000121563 -0.00156541)
(0.104752 -9.17823e-05 -0.00158616)
(0.0994551 0.000155616 -0.00135001)
(0.105008 1.45668e-05 -0.00158674)
(0.104873 -0.000143967 -0.00161325)
(0.0993013 5.25645e-05 -0.00138118)
(0.105129 -0.00012835 -0.00163038)
(0.104968 -0.000222759 -0.00167375)
(0.0991128 -9.48031e-05 -0.00143113)
(0.105229 -0.000320894 -0.00169952)
(0.10503 -0.000339162 -0.00177613)
(0.0988785 -0.000310169 -0.00150203)
(0.105302 -0.000565351 -0.00179264)
(0.105068 -0.000507412 -0.00192457)
(0.0985836 -0.000626125 -0.00159553)
(0.105341 -0.000737949 -0.00210691)
(0.098372 -0.00109143 -0.00171418)
(0.104756 -0.00034366 -0.001634)
(0.103424 -0.000504484 -0.00153194)
(0.0993343 -0.000361985 -0.0013982)
(0.104834 -0.000360982 -0.00170025)
(0.103451 -0.000460484 -0.00158075)
(0.0991047 -0.000386551 -0.00146386)
(0.104873 -0.000402375 -0.0018195)
(0.103446 -0.000422174 -0.0016796)
(0.0987976 -0.000448144 -0.00157361)
(0.104869 -0.000476743 -0.00200118)
(0.1034 -0.000391071 -0.00184769)
(0.0983776 -0.000550705 -0.00175047)
(0.104816 -0.00060596 -0.00223885)
(0.103321 -0.000368877 -0.00209682)
(0.0978059 -0.000749473 -0.00200802)
(0.103541 -0.00040967 -0.00241638)
(0.0974532 -0.00125664 -0.00243459)
(0.102204 -0.00068846 -0.00144464)
(0.0994488 -0.000756176 -0.00122248)
(0.0964399 -0.000808486 -0.00126682)
(0.102174 -0.000597061 -0.00148018)
(0.0993165 -0.000650604 -0.00122963)
(0.0960607 -0.000722398 -0.00130079)
(0.102122 -0.000499077 -0.00156123)
(0.0991899 -0.000531231 -0.00126768)
(0.0956343 -0.00063252 -0.00137091)
(0.102036 -0.000390163 -0.00170825)
(0.0990584 -0.000384966 -0.00134561)
(0.0951244 -0.000535913 -0.00150135)
(0.101915 -0.000267381 -0.00194279)
(0.0989094 -0.000197678 -0.00147837)
(0.0944659 -0.000428728 -0.00173424)
(0.101766 -0.000173512 -0.00227297)
(0.0987308 4.56001e-05 -0.00167148)
(0.0935796 -0.0003218 -0.0021123)
(0.0988315 0.000277951 -0.00195077)
(0.0926892 -0.000601206 -0.00315149)
(0.0967945 -0.000756738 -0.00103264)
(0.0922292 -0.000622375 -0.000734314)
(0.0892384 -0.000931398 -0.000931245)
(0.096574 -0.00063398 -0.00104499)
(0.0918211 -0.0005285 -0.000724034)
(0.0885824 -0.000817562 -0.00095503)
(0.0963756 -0.000482213 -0.00108417)
(0.0914644 -0.000406774 -0.000732166)
(0.0879414 -0.000682116 -0.00100357)
(0.0961898 -0.000279939 -0.00115443)
(0.0911547 -0.0002359 -0.000756146)
(0.0872977 -0.000505919 -0.00108693)
(0.0959952 -4.56108e-06 -0.00125613)
(0.0908735 2.06659e-05 -0.000785315)
(0.0866141 -0.000243668 -0.001219)
(0.0957418 0.000322624 -0.00141378)
(0.0905305 0.000403443 -0.000759267)
(0.0858362 0.00019936 -0.00140349)
(0.0903641 0.000961659 -0.00048756)
(0.0850154 0.000639711 -0.00224509)
(0.0878896 -0.000310095 -0.000434976)
(0.0768762 -0.00027088 -0.00051655)
(0.0768254 -0.000426134 -0.000351507)
(0.0873664 -0.000220699 -0.000423835)
(0.0759569 -0.000237001 -0.000493027)
(0.0758734 -0.00034626 -0.000362019)
(0.0869165 -8.76687e-05 -0.000422313)
(0.0751349 -0.00017315 -0.000477898)
(0.0749958 -0.000227478 -0.000389606)
(0.0865468 0.000131045 -0.000412448)
(0.0744468 -5.80721e-05 -0.000455738)
(0.0742036 -5.46124e-05 -0.000431764)
(0.086189 0.000539073 -0.000312816)
(0.0739741 0.000209386 -0.00037403)
(0.0735188 0.000244638 -0.000445068)
(0.085525 0.0014005 0.000178626)
(0.073936 0.000832946 -0.000134118)
(0.0730316 0.000896536 -0.000251152)
(0.0725509 0.00290419 0.000954651)
(0.072138 0.00287525 0.00102746)
(0.0672787 -0.000351959 -0.000621093)
(0.0554262 -0.000146966 -0.000286373)
(0.0661237 -0.000325986 -0.000591261)
(0.0542948 -0.000125969 -0.000286624)
(0.0651085 -0.000264204 -0.000556004)
(0.0532837 -9.77398e-05 -0.000295255)
(0.0643267 -0.000101798 -0.000473557)
(0.0524417 -2.81642e-05 -0.000325064)
(0.0640885 0.000197523 -0.000338927)
(0.0519078 0.000129574 -0.000367273)
(0.0650197 0.0006738 -7.21393e-05)
(0.0522086 0.000372983 -0.000387884)
(0.0505834 0.00204819 0.000808054)
(0.0455374 0.000147415 -1.92848e-06)
(0.054295 0.000286732 -0.000125878)
(0.0446497 0.000172664 5.61648e-05)
(0.0532839 0.000295421 -9.76177e-05)
(0.0439497 0.000211573 0.000181821)
(0.0524419 0.000325253 -2.80187e-05)
(0.0436969 0.000222715 0.000393081)
(0.0519081 0.000367544 0.000129737)
(0.0445264 -0.000695732 0.00174354)
(0.052209 0.000388258 0.00037316)
(0.0505842 -0.000807332 0.00204866)
(0.0661239 0.000591432 -0.000325897)
(0.0735196 0.00083249 -0.000599689)
(0.0651088 0.000556175 -0.000264089)
(0.0725566 0.000764957 -0.000564759)
(0.064327 0.000473738 -0.000101665)
(0.0717558 0.000667278 -0.000491388)
(0.064089 0.000339148 0.000197664)
(0.0712341 0.000448876 -0.000271737)
(0.0650206 7.25242e-05 0.000673948)
(0.0713217 1.88355e-06 0.000101309)
(0.0697587 -0.00142151 0.00101221)
(0.0815709 0.000930995 -0.000850607)
(0.0862181 0.000813355 -0.000985338)
(0.0808302 0.000785963 -0.000804409)
(0.0855319 0.000662413 -0.000963024)
(0.08026 0.000568583 -0.000690954)
(0.0849259 0.000450096 -0.000915377)
(0.0799198 0.000154526 -0.000462387)
(0.0844359 0.000129558 -0.000804364)
(0.0799098 -0.000836927 8.26656e-05)
(0.0841191 -0.000396437 -0.000629633)
(0.083419 -0.00144478 -0.000163552)
(0.0907138 0.000612027 -0.00113554)
(0.0927915 0.000438909 -0.00117675)
(0.0901727 0.000416247 -0.00111975)
(0.0923038 0.000297578 -0.00119035)
(0.0896533 0.000135197 -0.0010887)
(0.0918001 9.83062e-05 -0.00120525)
(0.0891573 -0.000279995 -0.00104679)
(0.0912753 -0.000195613 -0.00121908)
(0.0886361 -0.000899622 -0.000964197)
(0.0907115 -0.000604215 -0.00124547)
(0.09008 -0.00121276 -0.00124546)
(0.0944863 9.09929e-05 -0.00123194)
(0.0946205 -0.000126665 -0.0012377)
(0.0940391 -5.10937e-05 -0.00127805)
(0.0941501 -0.000208628 -0.00129406)
(0.0935334 -0.000267496 -0.00133965)
(0.0935968 -0.000348625 -0.00137638)
(0.0929509 -0.000599091 -0.00141968)
(0.0929225 -0.000568668 -0.00149731)
(0.0923091 -0.00112102 -0.00151884)
(0.0920691 -0.000946422 -0.00166538)
(0.0912919 -0.00171472 -0.0019561)
(0.0942931 -0.000404315 -0.00129982)
(0.0925541 -0.000616222 -0.00124774)
(0.0937179 -0.000469555 -0.00139239)
(0.091907 -0.000594031 -0.00131743)
(0.0930012 -0.000586603 -0.00153404)
(0.0911365 -0.000600322 -0.00143245)
(0.092077 -0.000803043 -0.00174301)
(0.090155 -0.000637932 -0.00162663)
(0.0908632 -0.00135122 -0.00210264)
(0.0888434 -0.000773274 -0.00192285)
(0.0874651 -0.00139122 -0.00268801)
(0.0910186 -0.000845082 -0.00121268)
(0.0867725 -0.000941836 -0.00104639)
(0.0902909 -0.000757153 -0.00126182)
(0.085908 -0.000831685 -0.00107334)
(0.0894618 -0.000663518 -0.00135209)
(0.0850118 -0.000698817 -0.00112284)
(0.0884527 -0.000559416 -0.00151476)
(0.0840432 -0.000527184 -0.00120923)
(0.0871333 -0.000449782 -0.00178578)
(0.0829193 -0.000278003 -0.00135539)
(0.0852643 -0.000634782 -0.0024751)
(0.0815271 0.000107548 -0.00156963)
(0.0798475 0.00031441 -0.00264874)
(0.0821903 -0.000996616 -0.000941819)
(0.0744565 -0.000828388 -0.000661368)
(0.0811784 -0.000863544 -0.000974779)
(0.0733031 -0.000722432 -0.000676035)
(0.0801607 -0.000694975 -0.00103157)
(0.0721936 -0.000582379 -0.000704829)
(0.0791073 -0.000446516 -0.00112031)
(0.0711282 -0.000385289 -0.000749819)
(0.0779439 -9.1224e-07 -0.00123349)
(0.070113 -4.30666e-05 -0.000784396)
(0.076482 0.000589156 -0.00187466)
(0.0692666 0.00066507 -0.000732303)
(0.0678361 0.00231215 -0.000603732)
(0.0671601 -0.000495134 -0.000408128)
(0.0553897 -0.000187463 -0.000207017)
(0.0659274 -0.000373884 -0.000418276)
(0.0542348 -0.000126792 -0.000212199)
(0.0647797 -0.000198412 -0.000436376)
(0.0531837 -4.76443e-05 -0.000225062)
(0.0637485 7.34088e-05 -0.000442439)
(0.0522667 7.52395e-05 -0.000261667)
(0.0629571 0.000603229 -0.000358461)
(0.0515801 0.000306562 -0.000284774)
(0.0628695 0.00215742 0.000284802)
(0.0515578 0.000779006 -0.000192456)
(0.0502863 0.00361039 0.00158856)
(0.0465578 -3.64984e-05 -0.000138365)
(0.0455373 -2.04719e-06 -0.0001473)
(0.0446496 5.60115e-05 -0.000172493)
(0.0439495 0.000181628 -0.000211351)
(0.0436967 0.000392825 -0.000222438)
(0.0445262 0.00174294 0.000696113)
(0.0499003 -0.0028157 0.000358906)
(0.0621946 -0.00347562 0.000720316)
(0.0585599 -0.00432076 0.000352841)
(0.0405694 -0.000799933 -8.76769e-05)
(0.0521861 -0.00200865 0.000225642)
(0.0490437 -0.0021966 -2.52164e-05)
(0.0363893 -9.96903e-05 -6.32984e-05)
(0.0474027 -0.00124038 0.000231398)
(0.0446009 -0.000630529 -0.0001019)
(0.0439972 -0.000958317 0.000230678)
(0.0416352 6.4748e-06 -9.6623e-05)
(0.0715216 -0.00352596 0.00118268)
(0.0789994 -0.00417904 0.00216087)
(0.0784391 -0.00543426 0.00119099)
(0.063873 -0.0030414 0.000811114)
(0.0739482 -0.00373044 0.00140757)
(0.0749134 -0.00422784 0.00100172)
(0.0589793 -0.0022455 0.000459569)
(0.0698887 -0.00262803 0.000623183)
(0.0718567 -0.00269928 0.000609463)
(0.0689316 -0.00177525 0.000356087)
(0.0858735 -0.0038488 0.00200831)
(0.0913482 -0.00394875 0.00179987)
(0.0823126 -0.00362355 0.00149336)
(0.0902328 -0.0040942 0.00154746)
(0.0886134 -0.00334035 0.00105455)
(0.062163 -0.00423347 -0.000107107)
(0.0733735 -0.00508073 0.000455779)
(0.0647765 -0.00400477 -0.00117582)
(0.0563413 -0.00272025 -1.82649e-07)
(0.0705339 -0.00423706 0.00047853)
(0.0618405 -0.00313837 -0.000665306)
(0.0525849 -0.000977334 -0.000128806)
(0.067952 -0.00244 0.000214484)
(0.0594642 -0.00154089 -0.000509146)
(0.0656398 -0.00121226 0.000112545)
(0.0860277 -0.00502258 0.00105674)
(0.090747 -0.00440881 0.00123538)
(0.0891167 -0.00405001 0.000567198)
(0.0856621 -0.00412891 0.000792264)
(0.0915075 -0.00441868 0.0010781)
(0.0894702 -0.00405332 0.000454599)
(0.0842388 -0.00283244 0.000483175)
(0.0911206 -0.00344519 0.000707551)
(0.0889451 -0.00320074 0.000259772)
(0.0973152 -0.00378732 0.00135121)
(0.0998881 -0.00313042 0.000979512)
(0.0979866 -0.00377823 0.00108303)
(0.100631 -0.0035376 0.000882698)
(0.100898 -0.00331943 0.000664113)
(0.0665229 -0.00220423 -0.00189253)
(0.0785953 -0.00255236 -0.00128641)
(0.0681925 -0.000759189 -0.00256696)
(0.0662942 -0.00195915 -0.00132494)
(0.0788125 -0.00287701 -0.000904418)
(0.0688921 -0.00155931 -0.00194961)
(0.0785239 -0.00220864 -0.000597876)
(0.0690226 -0.001215 -0.00127733)
(0.0933714 -0.00328992 -0.000182891)
(0.098029 -0.00300683 6.24315e-05)
(0.0946937 -0.00255388 -0.000464101)
(0.0934529 -0.00314002 -0.000163296)
(0.0983075 -0.00320521 9.32434e-05)
(0.0949511 -0.00281559 -0.00044929)
(0.0984174 -0.00291276 9.40533e-05)
(0.0950441 -0.00250113 -0.000322579)
(0.103502 -0.00295182 0.000429458)
(0.104891 -0.00241635 0.000254344)
(0.103891 -0.00301313 0.000433218)
(0.105203 -0.00258061 0.000235515)
(0.105486 -0.00252176 0.000214201)
(0.071103 4.66287e-05 -0.00267113)
(0.0826016 -0.000558688 -0.00180294)
(0.0722858 -0.000532549 -0.0019)
(0.0834067 -0.00119836 -0.00136629)
(0.0839697 -0.00128288 -0.000918952)
(0.0962648 -0.00167158 -0.000662973)
(0.101167 -0.00162022 -0.00043345)
(0.0966876 -0.00182562 -0.000548117)
(0.101455 -0.00182551 -0.000448219)
(0.101718 -0.00185456 -0.000298507)
(0.106632 -0.00196715 6.0481e-05)
(0.106867 -0.00200143 1.78023e-05)
)
;

boundaryField
{
    inlet
    {
        type            calculated;
        value           nonuniform List<vector> 0();
    }
    ami1
    {
        type            cyclicAMI;
        value           nonuniform List<vector> 
100
(
(0.0554559 -0.00286413 -0.000841591)
(0.0631003 -0.00269601 0.000584006)
(0.0732678 -0.000622933 0.00319161)
(0.0822703 0.000976477 0.00377619)
(0.0893301 0.00169616 0.00298396)
(0.0917116 0.00163844 0.00215708)
(0.0878919 0.00152449 0.00113938)
(0.0802643 0.00151903 -0.000296505)
(0.0682245 0.000511896 -0.00133868)
(0.0554569 0.000844626 -0.00286245)
(0.0682297 -0.00133969 -0.000510361)
(0.0827153 -0.00202887 -0.000340765)
(0.0956147 -0.000502112 0.00182431)
(0.101917 0.000213071 0.00262903)
(0.104796 0.000750202 0.0025362)
(0.105347 0.0007586 0.00195497)
(0.102789 0.000485824 0.00111017)
(0.0958012 0.000148105 -0.000206841)
(0.0827157 0.000344363 -0.00202936)
(0.0631058 -0.000580238 -0.00269566)
(0.0802666 -0.000297386 -0.00151999)
(0.0958003 -0.000204846 -0.000145069)
(0.103645 9.19645e-05 0.000961009)
(0.108385 0.00027851 0.00169667)
(0.11059 0.000347697 0.00185726)
(0.110763 0.000144607 0.00151789)
(0.108704 -0.000329437 0.00091322)
(0.103646 -0.000958628 8.92232e-05)
(0.0956151 -0.00182218 -0.000503668)
(0.0732724 -0.00318979 -0.000623162)
(0.0878931 0.00113857 -0.00152542)
(0.102788 0.00111019 -0.0004846)
(0.108704 0.000914214 0.000330378)
(0.111985 0.000612648 0.000859475)
(0.11354 0.000261755 0.001043)
(0.113553 -0.000220433 0.000923011)
(0.111984 -0.000859841 0.000612057)
(0.108383 -0.00169716 0.000277729)
(0.101915 -0.00262837 0.000212829)
(0.0822736 -0.00377555 0.000976604)
(0.0917123 0.00215664 -0.0016386)
(0.105347 0.00195476 -0.000758085)
(0.110763 0.00151811 -0.000144175)
(0.113553 0.000922987 0.000220168)
(0.114856 0.000313149 0.000335924)
(0.114856 -0.000336551 0.000313648)
(0.113538 -0.00104388 0.000262141)
(0.110588 -0.00185756 0.000348054)
(0.104794 -0.00253482 0.000750533)
(0.0893327 -0.00298136 0.00169583)
(0.0893307 0.00298378 -0.00169626)
(0.104796 0.00253613 -0.000750068)
(0.110591 0.00185706 -0.000347461)
(0.11354 0.00104256 -0.000261832)
(0.114856 0.000335254 -0.000313531)
(0.114856 -0.000314257 -0.00033568)
(0.113552 -0.000923846 -0.000219446)
(0.110761 -0.00151838 0.000145531)
(0.105345 -0.00195396 0.000759039)
(0.0917138 -0.00215482 0.00163839)
(0.0822705 0.00377641 -0.000976859)
(0.101918 0.00262919 -0.00021315)
(0.108386 0.0016964 -0.000278487)
(0.111985 0.000858696 -0.00061263)
(0.113553 0.000219248 -0.00092322)
(0.113539 -0.000262619 -0.00104297)
(0.111984 -0.000613069 -0.000858839)
(0.108703 -0.000914226 -0.000328885)
(0.102788 -0.00110973 0.000485774)
(0.0878937 -0.00113735 0.00152463)
(0.0732674 0.00319133 0.000622468)
(0.0956156 0.00182337 0.000502532)
(0.103646 0.000960464 -9.1967e-05)
(0.108705 0.000329349 -0.000914247)
(0.110763 -0.000145416 -0.00151827)
(0.11059 -0.000348386 -0.00185728)
(0.108385 -0.000278871 -0.00169643)
(0.103645 -9.16015e-05 -0.00095936)
(0.0957999 0.000205132 0.000146383)
(0.080265 0.000297337 0.00151899)
(0.0630993 0.000583207 0.00269551)
(0.0827148 -0.000340927 0.00202829)
(0.095801 -0.00014537 0.000204719)
(0.102789 -0.000485755 -0.00110983)
(0.105347 -0.00075907 -0.0019547)
(0.104796 -0.000751005 -0.00253605)
(0.101917 -0.000213821 -0.00262908)
(0.0956153 0.000502418 -0.00182222)
(0.0827147 0.0020283 0.000342472)
(0.0682275 0.00133883 0.000510542)
(0.0554544 -0.000841744 0.00286336)
(0.0682288 -0.000509811 0.00133884)
(0.0802651 -0.00151921 0.00029675)
(0.0878937 -0.00152493 -0.00113838)
(0.0917135 -0.00163865 -0.00215605)
(0.089332 -0.00169662 -0.00298319)
(0.0822721 -0.000977401 -0.00377628)
(0.0732692 0.000622024 -0.00319047)
(0.063101 0.00269496 -0.000581706)
(0.055455 0.00286271 0.000842965)
)
;
    }
    walls
    {
        type            calculated;
        value           uniform (0 0 0);
    }
    ami2
    {
        type            cyclicAMI;
        value           nonuniform List<vector> 
12
(
(0.0677065 -0.00350683 0.000511161)
(0.0798574 -0.00309557 0.00135228)
(0.0883787 -0.00284453 0.00189721)
(0.0673331 -0.0032486 -0.000817919)
(0.084882 -0.00405305 0.000893423)
(0.0962326 -0.00299698 0.00135224)
(0.0649144 -0.000994173 -0.0024028)
(0.0933539 -0.00262768 -0.000249634)
(0.103274 -0.00263408 0.000348538)
(0.069553 0.000683985 -0.00270738)
(0.0962725 -0.0013115 -0.000656877)
(0.106538 -0.00184928 0.00018229)
)
;
    }
    outlet
    {
        type            calculated;
        value           nonuniform List<vector> 0();
    }
    procBoundary2to0
    {
        type            processor;
        value           nonuniform List<vector> 
28
(
(0.0342417 -2.35493e-05 -4.00905e-06)
(0.0559161 -0.00163179 0.000258464)
(0.06624 -0.00192017 0.000223736)
(0.0879018 -0.0030689 0.00212273)
(0.0859067 -0.00355566 0.00191676)
(0.0788117 -0.00290085 0.000863417)
(0.0836801 -0.0030926 0.00136968)
(0.0505254 -6.91061e-05 -0.000136256)
(0.0574042 -0.000597081 -0.000359019)
(0.0826933 -0.00188601 0.000293408)
(0.0900814 -0.00252292 0.000413956)
(0.0878976 -0.002324 0.000153575)
(0.0993803 -0.00309018 0.0013041)
(0.100203 -0.00351637 0.00121984)
(0.0978675 -0.00326832 0.000757421)
(0.100488 -0.0033017 0.000986188)
(0.0653215 -0.00122275 -0.000817052)
(0.0931645 -0.00261593 -0.000103188)
(0.10549 -0.00262751 0.000554823)
(0.105962 -0.00283472 0.00056889)
(0.104149 -0.00282222 0.000366201)
(0.106339 -0.00279 0.000502803)
(0.0727999 -0.00063431 -0.00117992)
(0.0970321 -0.00172718 -0.00036244)
(0.108625 -0.00189489 0.000256656)
(0.108956 -0.00194597 0.000192485)
(0.107179 -0.00194609 5.46514e-05)
(0.109289 -0.00193521 0.000178055)
)
;
    }
    procBoundary2to1
    {
        type            processor;
        value           nonuniform List<vector> 9((0.0728284 0.000599902 -0.00247902) (0.0740206 2.23021e-06 -0.00192722) (0.0749603 -0.000248071 -0.00125665) (0.0978484 -0.000876512 -0.000412333) (0.0980859 -0.00107985 -0.00034737) (0.0983359 -0.00115502 -0.00020827) (0.107306 -0.00149094 0.000217586) (0.107619 -0.00151888 0.000149754) (0.107922 -0.0015002 0.000173478));
    }
    procBoundary2to3
    {
        type            processor;
        value           nonuniform List<vector> 
110
(
(0.0465579 3.63449e-05 0.000138464)
(0.06716 0.000494927 0.000408225)
(0.0821902 0.000996413 0.000941948)
(0.0910184 0.000844882 0.00121279)
(0.0947695 0.000378932 0.00123949)
(0.0948839 -0.000188505 0.00120044)
(0.0932641 -0.000545499 0.00116715)
(0.0918408 -0.000880187 0.00114798)
(0.0833576 -0.00114207 0.000885772)
(0.0685337 -0.000658939 0.000363386)
(0.0476947 -0.000139163 7.25421e-05)
(0.0672788 0.000351857 0.000621269)
(0.0878897 0.000309836 0.000435093)
(0.0967945 0.000756468 0.00103275)
(0.102204 0.000688238 0.0014448)
(0.104647 0.000344251 0.00160512)
(0.104719 -0.000204 0.00156221)
(0.103464 -0.00048958 0.00146252)
(0.102318 -0.000760733 0.00138445)
(0.0971236 -0.000922292 0.000969165)
(0.0884846 -0.000460073 0.000379212)
(0.0684626 -0.000405738 0.000583109)
(0.0824249 0.000872369 0.00104333)
(0.0969165 0.000912036 0.000848387)
(0.102995 0.000993982 0.00109949)
(0.106593 0.000766164 0.001426)
(0.108288 0.000322364 0.00156823)
(0.108321 -0.000266465 0.0015262)
(0.10729 -0.000561751 0.00145406)
(0.106339 -0.000864314 0.00140392)
(0.102905 -0.00115519 0.00108876)
(0.0970454 -0.00104329 0.0008662)
(0.0832169 -0.000925994 0.00111088)
(0.0912709 0.00114248 0.000758503)
(0.102358 0.00134636 0.000659705)
(0.106652 0.00133153 0.000789939)
(0.109045 0.000941107 0.000986968)
(0.110158 0.000352157 0.00108047)
(0.110166 -0.000353223 0.00105789)
(0.109328 -0.000690553 0.0010269)
(0.108546 -0.0010391 0.00100958)
(0.106301 -0.00146281 0.000849077)
(0.102221 -0.00144288 0.000778335)
(0.0916902 -0.00118869 0.000932403)
(0.0948842 0.00120038 0.000188481)
(0.104719 0.00156211 0.000204008)
(0.108321 0.00152609 0.000266491)
(0.110166 0.00105777 0.00035322)
(0.110999 0.000381604 0.00038906)
(0.110998 -0.000389098 0.000381759)
(0.110255 -0.000752934 0.000377348)
(0.109556 -0.00112631 0.000376483)
(0.107872 -0.00160013 0.000345261)
(0.104511 -0.0016039 0.000358105)
(0.095175 -0.00120318 0.000377665)
(0.0947697 0.00123946 -0.000378991)
(0.104647 0.00160505 -0.000344274)
(0.108288 0.00156811 -0.000322365)
(0.110158 0.00108032 -0.000352172)
(0.110999 0.000388882 -0.00038164)
(0.110998 -0.000381823 -0.000388925)
(0.110259 -0.000741311 -0.000380318)
(0.109562 -0.00111186 -0.000376452)
(0.107894 -0.00157383 -0.000308585)
(0.104555 -0.00157773 -0.000269314)
(0.095242 -0.00118086 -0.000261787)
(0.0910186 0.00121278 -0.000844967)
(0.102204 0.00144474 -0.00068829)
(0.106593 0.00142589 -0.000766194)
(0.109045 0.000986807 -0.000941127)
(0.110166 0.000353031 -0.00105779)
(0.110158 -0.000352361 -0.00108033)
(0.109324 -0.000672655 -0.00105377)
(0.108546 -0.00100965 -0.00103898)
(0.106339 -0.00140395 -0.000864215)
(0.102318 -0.00138442 -0.00076065)
(0.0918408 -0.00114796 -0.000880118)
(0.0821903 0.000941927 -0.000996499)
(0.0967946 0.00103269 -0.000756529)
(0.102995 0.00109939 -0.00099403)
(0.106652 0.000789791 -0.00133155)
(0.108321 0.000266311 -0.00152607)
(0.108288 -0.000322554 -0.00156807)
(0.107253 -0.000575104 -0.0015071)
(0.106301 -0.000849164 -0.00146272)
(0.102905 -0.00108883 -0.0011551)
(0.0971237 -0.00096919 -0.000922219)
(0.0833576 -0.000885772 -0.00114202)
(0.0671601 0.000408202 -0.000494997)
(0.0878898 0.00043503 -0.000309893)
(0.0969166 0.000848311 -0.000912098)
(0.102358 0.000659592 -0.00134637)
(0.104719 0.00020386 -0.00156207)
(0.104647 -0.000344444 -0.00160497)
(0.103375 -0.000554699 -0.00151606)
(0.102221 -0.000778432 -0.00144284)
(0.0970454 -0.000866284 -0.00104324)
(0.0884846 -0.000379255 -0.000460019)
(0.0685338 -0.000363406 -0.000658901)
(0.0465579 0.000138437 -3.63934e-05)
(0.0672789 0.000621225 -0.000351906)
(0.082425 0.00104328 -0.000872412)
(0.0912711 0.000758406 -0.00114248)
(0.0948843 0.000188369 -0.00120033)
(0.0947698 -0.000379106 -0.00123939)
(0.0931233 -0.000653212 -0.00120739)
(0.0916903 -0.000932505 -0.00118869)
(0.083217 -0.00111096 -0.000925974)
(0.0684627 -0.000583145 -0.000405705)
(0.0476947 -7.25712e-05 -0.000139143)
)
;
    }
}


// ************************************************************************* //
