/*--------------------------------*- C++ -*----------------------------------*\
| =========                 |                                                 |
| \\      /  F ield         | OpenFOAM: The Open Source CFD Toolbox           |
|  \\    /   O peration     | Version:  2212                                  |
|   \\  /    A nd           | Website:  www.openfoam.com                      |
|    \\/     M anipulation  |                                                 |
\*---------------------------------------------------------------------------*/
FoamFile
{
    version     2.0;
    format      ascii;
    arch        "LSB;label=32;scalar=64";
    class       volScalarField;
    location    "1.65";
    object      k;
}
// * * * * * * * * * * * * * * * * * * * * * * * * * * * * * * * * * * * * * //

dimensions      [0 2 -2 0 0 0 0];

internalField   nonuniform List<scalar> 
680
(
0.213564
0.055916
0.0283994
0.0193412
0.0146927
0.0118511
0.00989064
0.264759
0.104702
0.0585298
0.039163
0.0286199
0.0219934
0.017536
0.283364
0.126774
0.071702
0.0473282
0.0338663
0.0256616
0.0204608
0.292299
0.141633
0.0819301
0.0541654
0.0389231
0.0292874
0.0232723
0.295943
0.148782
0.0871941
0.057675
0.0415194
0.0310723
0.0246452
0.295943
0.148782
0.0871941
0.057675
0.0415194
0.0310723
0.0246452
0.292299
0.141633
0.0819301
0.0541654
0.0389231
0.0292875
0.0232723
0.283364
0.126774
0.071702
0.0473282
0.0338663
0.0256616
0.0204608
0.264759
0.104702
0.0585298
0.039163
0.0286199
0.0219934
0.017536
0.213564
0.055916
0.0283994
0.0193412
0.0146927
0.0118511
0.00989064
0.264759
0.104702
0.0585298
0.039163
0.0286199
0.0219934
0.017536
0.311746
0.197541
0.130357
0.0911456
0.0668022
0.0508111
0.0397944
0.31754
0.217754
0.151085
0.108549
0.0807155
0.0618725
0.0486772
0.319723
0.227073
0.162232
0.118772
0.0893611
0.0689928
0.0545306
0.320484
0.23086
0.167176
0.123531
0.093516
0.0724827
0.0574409
0.320484
0.23086
0.167176
0.123531
0.093516
0.0724827
0.0574409
0.319723
0.227073
0.162232
0.118772
0.0893611
0.0689928
0.0545306
0.31754
0.217754
0.151085
0.108549
0.0807155
0.0618725
0.0486772
0.311746
0.197541
0.130357
0.0911456
0.0668022
0.0508111
0.0397944
0.264759
0.104702
0.0585298
0.039163
0.0286199
0.0219934
0.017536
0.283364
0.126774
0.071702
0.0473282
0.0338663
0.0256616
0.0204608
0.31754
0.217754
0.151085
0.108549
0.0807155
0.0618725
0.0486773
0.322005
0.239026
0.177588
0.133616
0.102323
0.0798668
0.0635104
0.323293
0.245617
0.187499
0.144537
0.112864
0.0894039
0.0718632
0.323714
0.247819
0.191099
0.14881
0.117249
0.0935708
0.0756574
0.323714
0.247819
0.191099
0.14881
0.117249
0.0935708
0.0756574
0.323293
0.245617
0.187499
0.144537
0.112864
0.0894039
0.0718632
0.322005
0.239026
0.177588
0.133616
0.102323
0.0798668
0.0635104
0.31754
0.217754
0.151085
0.108549
0.0807155
0.0618725
0.0486772
0.283364
0.126774
0.071702
0.0473282
0.0338663
0.0256616
0.0204608
0.292299
0.141633
0.0819301
0.0541654
0.0389231
0.0292875
0.0232723
0.319723
0.227073
0.162232
0.118772
0.0893611
0.0689928
0.0545306
0.323293
0.245617
0.187499
0.144537
0.112864
0.0894039
0.0718632
0.324288
0.250862
0.19613
0.154888
0.123591
0.09968
0.0812741
0.32459
0.252403
0.19891
0.158543
0.12769
0.103871
0.08532
0.32459
0.252403
0.19891
0.158543
0.12769
0.103871
0.08532
0.324288
0.250862
0.19613
0.154888
0.123591
0.09968
0.0812741
0.323293
0.245617
0.187499
0.144537
0.112864
0.0894039
0.0718632
0.319723
0.227073
0.162232
0.118772
0.0893611
0.0689928
0.0545306
0.292299
0.141633
0.0819301
0.0541654
0.0389231
0.0292874
0.0232723
0.295943
0.148782
0.0871941
0.057675
0.0415194
0.0310723
0.0246452
0.320484
0.23086
0.167176
0.123531
0.093516
0.0724827
0.0574409
0.323714
0.247819
0.191099
0.14881
0.117249
0.0935708
0.0756574
0.32459
0.252403
0.19891
0.158543
0.12769
0.103871
0.08532
0.324844
0.253685
0.20131
0.161836
0.131535
0.107943
0.08937
0.324844
0.253685
0.20131
0.161836
0.131535
0.107943
0.08937
0.32459
0.252403
0.19891
0.158543
0.12769
0.103871
0.08532
0.323714
0.247819
0.191099
0.14881
0.117249
0.0935708
0.0756574
0.320484
0.23086
0.167176
0.123531
0.093516
0.0724826
0.0574409
0.295943
0.148782
0.0871941
0.057675
0.0415194
0.0310723
0.0246452
0.295943
0.148782
0.0871941
0.057675
0.0415194
0.0310723
0.0246452
0.320484
0.23086
0.167176
0.123531
0.093516
0.0724827
0.0574409
0.323714
0.247819
0.191099
0.14881
0.117249
0.0935708
0.0756574
0.32459
0.252403
0.19891
0.158543
0.12769
0.103871
0.08532
0.324844
0.253685
0.20131
0.161836
0.131535
0.107943
0.08937
0.324844
0.253685
0.20131
0.161836
0.131535
0.107943
0.08937
0.32459
0.252403
0.19891
0.158543
0.12769
0.103871
0.08532
0.323714
0.247819
0.191099
0.14881
0.117249
0.0935708
0.0756574
0.320484
0.23086
0.167176
0.123531
0.093516
0.0724827
0.0574409
0.295943
0.148782
0.0871941
0.057675
0.0415194
0.0310723
0.0246452
0.292299
0.141633
0.0819301
0.0541654
0.0389231
0.0292874
0.0232723
0.319723
0.227073
0.162232
0.118772
0.0893611
0.0689928
0.0545306
0.323293
0.245617
0.187499
0.144537
0.112864
0.0894039
0.0718632
0.324288
0.250862
0.19613
0.154888
0.123591
0.09968
0.0812741
0.32459
0.252403
0.19891
0.158543
0.12769
0.103871
0.08532
0.32459
0.252403
0.19891
0.158543
0.12769
0.103871
0.324288
0.250862
0.19613
0.154888
0.123591
0.09968
0.323293
0.245617
0.187499
0.144537
0.112864
0.0894039
0.319723
0.227073
0.162232
0.118772
0.0893611
0.0689928
0.292299
0.141633
0.0819301
0.0541654
0.0389231
0.0292875
0.283364
0.126774
0.071702
0.0473282
0.0338663
0.0256616
0.0204608
0.31754
0.217754
0.151085
0.108549
0.0807155
0.0618725
0.0486772
0.322005
0.239026
0.177588
0.133616
0.102323
0.0798668
0.0635104
0.323293
0.245617
0.187499
0.144537
0.112864
0.0894039
0.0718632
0.323714
0.247819
0.191099
0.14881
0.117249
0.0935708
0.0756574
0.323714
0.247819
0.191099
0.14881
0.117249
0.0935708
0.323293
0.245617
0.187499
0.144537
0.112864
0.0894039
0.322005
0.239026
0.177588
0.133616
0.102323
0.0798668
0.31754
0.217754
0.151085
0.108549
0.0807155
0.0618725
0.283364
0.126774
0.071702
0.0473282
0.0338663
0.0256616
0.264759
0.104702
0.0585298
0.039163
0.0286199
0.0219934
0.017536
0.311746
0.197541
0.130357
0.0911456
0.0668022
0.0508111
0.0397944
0.31754
0.217754
0.151085
0.108549
0.0807155
0.0618725
0.0486772
0.319723
0.227073
0.162232
0.118772
0.0893611
0.0689928
0.0545306
0.320484
0.23086
0.167176
0.123531
0.093516
0.0724827
0.0574409
0.320484
0.23086
0.167176
0.123531
0.093516
0.0724826
0.319723
0.227073
0.162232
0.118772
0.0893611
0.0689928
0.31754
0.217754
0.151085
0.108549
0.0807155
0.0618725
0.311746
0.197541
0.130357
0.0911456
0.0668022
0.0508111
0.264759
0.104702
0.0585298
0.039163
0.0286199
0.0219934
0.213564
0.055916
0.0283994
0.0193412
0.0146927
0.011851
0.00989064
0.264759
0.104702
0.0585298
0.039163
0.0286199
0.0219934
0.017536
0.283364
0.126774
0.071702
0.0473282
0.0338663
0.0256616
0.0204608
0.292299
0.141633
0.0819301
0.0541654
0.0389231
0.0292875
0.0232723
0.295943
0.148782
0.0871941
0.057675
0.0415194
0.0310723
0.0246452
0.295943
0.148782
0.0871941
0.057675
0.0415194
0.0310723
0.292299
0.141633
0.0819301
0.0541654
0.0389231
0.0292874
0.283364
0.126774
0.071702
0.0473282
0.0338663
0.0256616
0.264759
0.104702
0.0585298
0.039163
0.0286199
0.0219934
0.213564
0.055916
0.0283994
0.0193412
0.0146927
0.0118511
)
;

boundaryField
{
    inlet
    {
        type            fixedValue;
        value           uniform 0.375;
    }
    ami1
    {
        type            cyclicAMI;
        value           nonuniform List<scalar> 0();
    }
    walls
    {
        type            kqRWallFunction;
        value           nonuniform List<scalar> 
271
(
0.213564
0.264759
0.283364
0.292299
0.295943
0.295943
0.292299
0.283364
0.264759
0.213564
0.055916
0.104702
0.126774
0.141633
0.148782
0.148782
0.141633
0.126774
0.104702
0.055916
0.0283994
0.0585298
0.071702
0.0819301
0.0871941
0.0871941
0.0819301
0.071702
0.0585298
0.0283994
0.0193412
0.039163
0.0473282
0.0541654
0.057675
0.057675
0.0541654
0.0473282
0.039163
0.0193412
0.0146927
0.0286199
0.0338663
0.0389231
0.0415194
0.0415194
0.0389231
0.0338663
0.0286199
0.0146927
0.0118511
0.0219934
0.0256616
0.0292874
0.0310723
0.0310723
0.0292875
0.0256616
0.0219934
0.0118511
0.00989064
0.017536
0.0204608
0.0232723
0.0246452
0.0246452
0.213564
0.264759
0.283364
0.292299
0.295943
0.295943
0.292299
0.283364
0.264759
0.213564
0.055916
0.104702
0.126774
0.141633
0.148782
0.148782
0.141633
0.126774
0.104702
0.055916
0.0283994
0.0585298
0.071702
0.0819301
0.0871941
0.0871941
0.0819301
0.071702
0.0585298
0.0283994
0.0193412
0.039163
0.0473282
0.0541654
0.057675
0.057675
0.0541654
0.0473282
0.039163
0.0193412
0.0146927
0.0286199
0.0338663
0.0389231
0.0415194
0.0415194
0.0389231
0.0338663
0.0286199
0.0146927
0.0118511
0.0219934
0.0256616
0.0292874
0.0310723
0.0310723
0.0292875
0.0256616
0.0219934
0.0118511
0.00989064
0.017536
0.0204608
0.0232723
0.0246452
0.0246452
0.0232723
0.0204608
0.017536
0.00989064
0.213564
0.264759
0.283364
0.292299
0.295943
0.295943
0.292299
0.283364
0.264759
0.213564
0.055916
0.104702
0.126774
0.141633
0.148782
0.148782
0.141633
0.126774
0.104702
0.055916
0.0283994
0.0585298
0.071702
0.0819301
0.0871941
0.0871941
0.0819301
0.071702
0.0585298
0.0283994
0.0193412
0.039163
0.0473282
0.0541654
0.057675
0.057675
0.0541654
0.0473282
0.039163
0.0193412
0.0146927
0.0286199
0.0338663
0.0389231
0.0415194
0.0415194
0.0389231
0.0338663
0.0286199
0.0146927
0.0118511
0.0219934
0.0256616
0.0292875
0.0310723
0.0310723
0.0292874
0.0256616
0.0219934
0.011851
0.00989064
0.017536
0.0204608
0.0232723
0.0246452
0.0246452
0.0232723
0.0204608
0.017536
0.00989064
0.213564
0.264759
0.283364
0.292299
0.295943
0.295943
0.292299
0.283364
0.264759
0.213564
0.055916
0.104702
0.126774
0.141633
0.148782
0.148782
0.141633
0.126774
0.104702
0.055916
0.0283994
0.0585298
0.071702
0.0819301
0.0871941
0.0871941
0.0819301
0.071702
0.0585298
0.0283994
0.0193412
0.039163
0.0473282
0.0541654
0.057675
0.057675
0.0541654
0.0473282
0.039163
0.0193412
0.0146927
0.0286199
0.0338663
0.0389231
0.0415194
0.0415194
0.0389231
0.0338663
0.0286199
0.0146927
0.011851
0.0219934
0.0256616
0.0292875
0.0310723
0.0310723
0.0292874
0.0256616
0.0219934
0.0118511
0.00989064
0.017536
0.0204608
0.0232723
0.0246452
)
;
    }
    ami2
    {
        type            cyclicAMI;
        value           nonuniform List<scalar> 0();
    }
    outlet
    {
        type            zeroGradient;
    }
    procBoundary4to3
    {
        type            processor;
        value           nonuniform List<scalar> 
109
(
0.00851599
0.0143633
0.016797
0.0190786
0.0202212
0.0202212
0.0190787
0.0167971
0.0143633
0.00851599
0.0143633
0.0319121
0.0391416
0.0439845
0.0464216
0.0464216
0.0439845
0.0391416
0.0319121
0.0143633
0.0167971
0.0391416
0.0513819
0.0585864
0.0619607
0.0619607
0.0585864
0.0513819
0.0391416
0.016797
0.0190787
0.0439846
0.0585864
0.0669837
0.0707499
0.0707498
0.0669837
0.0585864
0.0439845
0.0190786
0.0202212
0.0464216
0.0619607
0.0707498
0.0746125
0.0746125
0.0707498
0.0619607
0.0464215
0.0202212
0.0202212
0.0464216
0.0619607
0.0707498
0.0746125
0.0746125
0.08532
0.0707498
0.0812741
0.0619607
0.0718632
0.0464216
0.0545306
0.0202212
0.0232723
0.0190786
0.0439845
0.0585864
0.0669837
0.0707498
0.08532
0.08532
0.0812741
0.0718632
0.0545306
0.0232723
0.016797
0.0391416
0.0513819
0.0585864
0.0619607
0.0756574
0.0756574
0.0718632
0.0635104
0.0486772
0.0204608
0.0143633
0.0319121
0.0391416
0.0439845
0.0464216
0.0574409
0.0574409
0.0545306
0.0486772
0.0397944
0.017536
0.00851598
0.0143633
0.0167971
0.0190787
0.0202212
0.0246452
0.0246452
0.0232723
0.0204608
0.017536
0.00989064
)
;
    }
}


// ************************************************************************* //
