/*--------------------------------*- C++ -*----------------------------------*\
| =========                 |                                                 |
| \\      /  F ield         | OpenFOAM: The Open Source CFD Toolbox           |
|  \\    /   O peration     | Version:  2212                                  |
|   \\  /    A nd           | Website:  www.openfoam.com                      |
|    \\/     M anipulation  |                                                 |
\*---------------------------------------------------------------------------*/
FoamFile
{
    version     2.0;
    format      ascii;
    arch        "LSB;label=32;scalar=64";
    class       vectorField;
    location    "0.55/polyMesh";
    object      points;
}
// * * * * * * * * * * * * * * * * * * * * * * * * * * * * * * * * * * * * * //


972
(
(0.064 0.00921074 -0.0177528)
(0.066 0.00921074 -0.0177528)
(0.068 0.00921074 -0.0177528)
(0.07 0.00921074 -0.0177528)
(0.072 0.00921074 -0.0177528)
(0.074 0.00921074 -0.0177528)
(0.076 0.00921074 -0.0177528)
(0.078 0.00921074 -0.0177528)
(0.08 0.00921074 -0.0177528)
(0.082 0.00921074 -0.0177528)
(0.084 0.00921074 -0.0177528)
(0.086 0.00921074 -0.0177528)
(0.064 0.0116435 -0.0162613)
(0.066 0.0116435 -0.0162613)
(0.068 0.0116435 -0.0162613)
(0.07 0.0116435 -0.0162613)
(0.072 0.0116435 -0.0162613)
(0.074 0.0116435 -0.0162613)
(0.076 0.0116435 -0.0162613)
(0.078 0.0116435 -0.0162613)
(0.08 0.0116435 -0.0162613)
(0.082 0.0116435 -0.0162613)
(0.084 0.0116435 -0.0162613)
(0.086 0.0116435 -0.0162613)
(0.064 0.0138392 -0.0144387)
(0.066 0.0138392 -0.0144387)
(0.068 0.0138392 -0.0144387)
(0.07 0.0138392 -0.0144387)
(0.072 0.0138392 -0.0144387)
(0.074 0.0138392 -0.0144387)
(0.076 0.0138392 -0.0144387)
(0.078 0.0138392 -0.0144387)
(0.08 0.0138392 -0.0144387)
(0.082 0.0138392 -0.0144387)
(0.084 0.0138392 -0.0144387)
(0.086 0.0138392 -0.0144387)
(0.062 0.0157532 -0.0123222)
(0.064 0.0157532 -0.0123222)
(0.066 0.0157532 -0.0123222)
(0.068 0.0157532 -0.0123222)
(0.07 0.0157532 -0.0123222)
(0.072 0.0157532 -0.0123222)
(0.074 0.0157532 -0.0123222)
(0.076 0.0157532 -0.0123222)
(0.078 0.0157532 -0.0123222)
(0.08 0.0157532 -0.0123222)
(0.082 0.0157532 -0.0123222)
(0.084 0.0157532 -0.0123222)
(0.086 0.0157532 -0.0123222)
(0.062 0.0173465 -0.00995491)
(0.064 0.0173465 -0.00995491)
(0.066 0.0173465 -0.00995491)
(0.068 0.0173465 -0.00995491)
(0.07 0.0173465 -0.00995491)
(0.072 0.0173465 -0.00995491)
(0.074 0.0173465 -0.00995491)
(0.076 0.0173465 -0.00995491)
(0.078 0.0173465 -0.00995491)
(0.08 0.0173465 -0.00995491)
(0.082 0.0173465 -0.00995491)
(0.084 0.0173465 -0.00995491)
(0.086 0.0173465 -0.00995491)
(0.062 0.0185866 -0.00738492)
(0.064 0.0185866 -0.00738492)
(0.066 0.0185866 -0.00738492)
(0.068 0.0185866 -0.00738492)
(0.07 0.0185866 -0.00738492)
(0.072 0.0185866 -0.00738492)
(0.074 0.0185866 -0.00738492)
(0.076 0.0185866 -0.00738492)
(0.078 0.0185866 -0.00738492)
(0.08 0.0185866 -0.00738492)
(0.082 0.0185866 -0.00738492)
(0.084 0.0185866 -0.00738492)
(0.086 0.0185866 -0.00738492)
(0.062 0.0194484 -0.0046646)
(0.064 0.0194484 -0.0046646)
(0.066 0.0194484 -0.0046646)
(0.068 0.0194484 -0.0046646)
(0.07 0.0194484 -0.0046646)
(0.072 0.0194484 -0.0046646)
(0.074 0.0194484 -0.0046646)
(0.076 0.0194484 -0.0046646)
(0.078 0.0194484 -0.0046646)
(0.08 0.0194484 -0.0046646)
(0.082 0.0194484 -0.0046646)
(0.084 0.0194484 -0.0046646)
(0.086 0.0194484 -0.0046646)
(0.064 0.00738684 -0.015103)
(0.066 0.00738684 -0.015103)
(0.068 0.00738684 -0.015103)
(0.07 0.00738684 -0.015103)
(0.072 0.00738684 -0.015103)
(0.074 0.00738684 -0.015103)
(0.076 0.00738684 -0.015103)
(0.078 0.00738684 -0.015103)
(0.08 0.00738684 -0.015103)
(0.082 0.00738684 -0.015103)
(0.084 0.00738684 -0.015103)
(0.086 0.00738684 -0.015103)
(0.064 0.0101092 -0.0134339)
(0.066 0.0101092 -0.0134339)
(0.068 0.0101092 -0.0134339)
(0.07 0.0101092 -0.0134339)
(0.072 0.0101092 -0.0134339)
(0.074 0.0101092 -0.0134339)
(0.076 0.0101092 -0.0134339)
(0.078 0.0101092 -0.0134339)
(0.08 0.0101092 -0.0134339)
(0.082 0.0101092 -0.0134339)
(0.084 0.0101092 -0.0134339)
(0.086 0.0101092 -0.0134339)
(0.064 0.0126332 -0.0114967)
(0.066 0.0126332 -0.0114967)
(0.068 0.0126332 -0.0114967)
(0.07 0.0126332 -0.0114967)
(0.072 0.0126332 -0.0114967)
(0.074 0.0126332 -0.0114967)
(0.076 0.0126332 -0.0114967)
(0.078 0.0126332 -0.0114967)
(0.08 0.0126332 -0.0114967)
(0.082 0.0126332 -0.0114967)
(0.084 0.0126332 -0.0114967)
(0.086 0.0126332 -0.0114967)
(0.062 0.0149132 -0.0093272)
(0.064 0.0149132 -0.0093272)
(0.066 0.0149132 -0.0093272)
(0.068 0.0149132 -0.0093272)
(0.07 0.0149132 -0.0093272)
(0.072 0.0149132 -0.0093272)
(0.074 0.0149132 -0.0093272)
(0.076 0.0149132 -0.0093272)
(0.078 0.0149132 -0.0093272)
(0.08 0.0149132 -0.0093272)
(0.082 0.0149132 -0.0093272)
(0.084 0.0149132 -0.0093272)
(0.086 0.0149132 -0.0093272)
(0.062 0.0169088 -0.00696602)
(0.064 0.0169088 -0.00696602)
(0.066 0.0169088 -0.00696602)
(0.068 0.0169088 -0.00696602)
(0.07 0.0169088 -0.00696602)
(0.072 0.0169088 -0.00696602)
(0.074 0.0169088 -0.00696602)
(0.076 0.0169088 -0.00696602)
(0.078 0.0169088 -0.00696602)
(0.08 0.0169088 -0.00696602)
(0.082 0.0169088 -0.00696602)
(0.084 0.0169088 -0.00696602)
(0.086 0.0169088 -0.00696602)
(0.062 0.0185853 -0.00445758)
(0.064 0.0185853 -0.00445758)
(0.066 0.0185853 -0.00445758)
(0.068 0.0185853 -0.00445758)
(0.07 0.0185853 -0.00445758)
(0.072 0.0185853 -0.00445758)
(0.074 0.0185853 -0.00445758)
(0.076 0.0185853 -0.00445758)
(0.078 0.0185853 -0.00445758)
(0.08 0.0185853 -0.00445758)
(0.082 0.0185853 -0.00445758)
(0.084 0.0185853 -0.00445758)
(0.086 0.0185853 -0.00445758)
(0.062 0.0199143 -0.00184932)
(0.064 0.0199143 -0.00184932)
(0.066 0.0199143 -0.00184932)
(0.068 0.0199143 -0.00184932)
(0.07 0.0199143 -0.00184932)
(0.072 0.0199143 -0.00184932)
(0.074 0.0199143 -0.00184932)
(0.076 0.0199143 -0.00184932)
(0.078 0.0199143 -0.00184932)
(0.08 0.0199143 -0.00184932)
(0.082 0.0199143 -0.00184932)
(0.084 0.0199143 -0.00184932)
(0.086 0.0199143 -0.00184932)
(0.064 0.00546067 -0.0122296)
(0.066 0.00546067 -0.0122296)
(0.068 0.00546067 -0.0122296)
(0.07 0.00546067 -0.0122296)
(0.072 0.00546067 -0.0122296)
(0.074 0.00546067 -0.0122296)
(0.076 0.00546067 -0.0122296)
(0.078 0.00546067 -0.0122296)
(0.08 0.00546067 -0.0122296)
(0.082 0.00546067 -0.0122296)
(0.084 0.00546067 -0.0122296)
(0.086 0.00546067 -0.0122296)
(0.064 0.0084222 -0.0104139)
(0.066 0.0084222 -0.0104139)
(0.068 0.0084222 -0.0104139)
(0.07 0.0084222 -0.0104139)
(0.072 0.0084222 -0.0104139)
(0.074 0.0084222 -0.0104139)
(0.076 0.0084222 -0.0104139)
(0.078 0.0084222 -0.0104139)
(0.08 0.0084222 -0.0104139)
(0.082 0.0084222 -0.0104139)
(0.084 0.0084222 -0.0104139)
(0.086 0.0084222 -0.0104139)
(0.064 0.0112239 -0.00839304)
(0.066 0.0112239 -0.00839304)
(0.068 0.0112239 -0.00839304)
(0.07 0.0112239 -0.00839304)
(0.072 0.0112239 -0.00839304)
(0.074 0.0112239 -0.00839304)
(0.076 0.0112239 -0.00839304)
(0.078 0.0112239 -0.00839304)
(0.08 0.0112239 -0.00839304)
(0.082 0.0112239 -0.00839304)
(0.084 0.0112239 -0.00839304)
(0.086 0.0112239 -0.00839304)
(0.062 0.0138195 -0.00620158)
(0.064 0.0138195 -0.00620158)
(0.066 0.0138195 -0.00620158)
(0.068 0.0138195 -0.00620158)
(0.07 0.0138195 -0.00620158)
(0.072 0.0138195 -0.00620158)
(0.074 0.0138195 -0.00620158)
(0.076 0.0138195 -0.00620158)
(0.078 0.0138195 -0.00620158)
(0.08 0.0138195 -0.00620158)
(0.082 0.0138195 -0.00620158)
(0.084 0.0138195 -0.00620158)
(0.086 0.0138195 -0.00620158)
(0.062 0.0161668 -0.00387753)
(0.064 0.0161668 -0.00387753)
(0.066 0.0161668 -0.00387753)
(0.068 0.0161668 -0.00387753)
(0.07 0.0161668 -0.00387753)
(0.072 0.0161668 -0.00387753)
(0.074 0.0161668 -0.00387753)
(0.076 0.0161668 -0.00387753)
(0.078 0.0161668 -0.00387753)
(0.08 0.0161668 -0.00387753)
(0.082 0.0161668 -0.00387753)
(0.084 0.0161668 -0.00387753)
(0.086 0.0161668 -0.00387753)
(0.062 0.018229 -0.00146161)
(0.064 0.018229 -0.00146161)
(0.066 0.018229 -0.00146161)
(0.068 0.018229 -0.00146161)
(0.07 0.018229 -0.00146161)
(0.072 0.018229 -0.00146161)
(0.074 0.018229 -0.00146161)
(0.076 0.018229 -0.00146161)
(0.078 0.018229 -0.00146161)
(0.08 0.018229 -0.00146161)
(0.082 0.018229 -0.00146161)
(0.084 0.018229 -0.00146161)
(0.086 0.018229 -0.00146161)
(0.062 0.0199748 0.0010036)
(0.064 0.0199748 0.0010036)
(0.066 0.0199748 0.0010036)
(0.068 0.0199748 0.0010036)
(0.07 0.0199748 0.0010036)
(0.072 0.0199748 0.0010036)
(0.074 0.0199748 0.0010036)
(0.076 0.0199748 0.0010036)
(0.078 0.0199748 0.0010036)
(0.08 0.0199748 0.0010036)
(0.082 0.0199748 0.0010036)
(0.084 0.0199748 0.0010036)
(0.086 0.0199748 0.0010036)
(0.064 0.00346021 -0.00917297)
(0.066 0.00346021 -0.00917297)
(0.068 0.00346021 -0.00917297)
(0.07 0.00346021 -0.00917297)
(0.072 0.00346021 -0.00917297)
(0.074 0.00346021 -0.00917297)
(0.076 0.00346021 -0.00917297)
(0.078 0.00346021 -0.00917297)
(0.08 0.00346021 -0.00917297)
(0.082 0.00346021 -0.00917297)
(0.084 0.00346021 -0.00917297)
(0.086 0.00346021 -0.00917297)
(0.064 0.00660548 -0.00724459)
(0.066 0.00660548 -0.00724459)
(0.068 0.00660548 -0.00724459)
(0.07 0.00660548 -0.00724459)
(0.072 0.00660548 -0.00724459)
(0.074 0.00660548 -0.00724459)
(0.076 0.00660548 -0.00724459)
(0.078 0.00660548 -0.00724459)
(0.08 0.00660548 -0.00724459)
(0.082 0.00660548 -0.00724459)
(0.084 0.00660548 -0.00724459)
(0.086 0.00660548 -0.00724459)
(0.064 0.0096295 -0.00517402)
(0.066 0.0096295 -0.00517402)
(0.068 0.0096295 -0.00517402)
(0.07 0.0096295 -0.00517402)
(0.072 0.0096295 -0.00517402)
(0.074 0.0096295 -0.00517402)
(0.076 0.0096295 -0.00517402)
(0.078 0.0096295 -0.00517402)
(0.08 0.0096295 -0.00517402)
(0.082 0.0096295 -0.00517402)
(0.084 0.0096295 -0.00517402)
(0.086 0.0096295 -0.00517402)
(0.062 0.0124852 -0.00299452)
(0.064 0.0124852 -0.00299452)
(0.066 0.0124852 -0.00299452)
(0.068 0.0124852 -0.00299452)
(0.07 0.0124852 -0.00299452)
(0.072 0.0124852 -0.00299452)
(0.074 0.0124852 -0.00299452)
(0.076 0.0124852 -0.00299452)
(0.078 0.0124852 -0.00299452)
(0.08 0.0124852 -0.00299452)
(0.082 0.0124852 -0.00299452)
(0.084 0.0124852 -0.00299452)
(0.086 0.0124852 -0.00299452)
(0.062 0.015129 -0.000741558)
(0.064 0.015129 -0.000741558)
(0.066 0.015129 -0.000741558)
(0.068 0.015129 -0.000741558)
(0.07 0.015129 -0.000741558)
(0.072 0.015129 -0.000741558)
(0.074 0.015129 -0.000741558)
(0.076 0.015129 -0.000741558)
(0.078 0.015129 -0.000741558)
(0.08 0.015129 -0.000741558)
(0.082 0.015129 -0.000741558)
(0.084 0.015129 -0.000741558)
(0.086 0.015129 -0.000741558)
(0.062 0.0175216 0.00154788)
(0.064 0.0175216 0.00154788)
(0.066 0.0175216 0.00154788)
(0.068 0.0175216 0.00154788)
(0.07 0.0175216 0.00154788)
(0.072 0.0175216 0.00154788)
(0.074 0.0175216 0.00154788)
(0.076 0.0175216 0.00154788)
(0.078 0.0175216 0.00154788)
(0.08 0.0175216 0.00154788)
(0.082 0.0175216 0.00154788)
(0.084 0.0175216 0.00154788)
(0.086 0.0175216 0.00154788)
(0.062 0.0196287 0.0038361)
(0.064 0.0196287 0.0038361)
(0.066 0.0196287 0.0038361)
(0.068 0.0196287 0.0038361)
(0.07 0.0196287 0.0038361)
(0.072 0.0196287 0.0038361)
(0.074 0.0196287 0.0038361)
(0.076 0.0196287 0.0038361)
(0.078 0.0196287 0.0038361)
(0.08 0.0196287 0.0038361)
(0.082 0.0196287 0.0038361)
(0.084 0.0196287 0.0038361)
(0.086 0.0196287 0.0038361)
(0.064 0.00141494 -0.00597688)
(0.066 0.00141494 -0.00597688)
(0.068 0.00141494 -0.00597688)
(0.07 0.00141494 -0.00597688)
(0.072 0.00141494 -0.00597688)
(0.074 0.00141494 -0.00597688)
(0.076 0.00141494 -0.00597688)
(0.078 0.00141494 -0.00597688)
(0.08 0.00141494 -0.00597688)
(0.082 0.00141494 -0.00597688)
(0.084 0.00141494 -0.00597688)
(0.086 0.00141494 -0.00597688)
(0.064 0.00468483 -0.0039721)
(0.066 0.00468483 -0.0039721)
(0.068 0.00468483 -0.0039721)
(0.07 0.00468483 -0.0039721)
(0.072 0.00468483 -0.0039721)
(0.074 0.00468483 -0.0039721)
(0.076 0.00468483 -0.0039721)
(0.078 0.00468483 -0.0039721)
(0.08 0.00468483 -0.0039721)
(0.082 0.00468483 -0.0039721)
(0.084 0.00468483 -0.0039721)
(0.086 0.00468483 -0.0039721)
(0.064 0.00787206 -0.00188807)
(0.066 0.00787206 -0.00188807)
(0.068 0.00787206 -0.00188807)
(0.07 0.00787206 -0.00188807)
(0.072 0.00787206 -0.00188807)
(0.074 0.00787206 -0.00188807)
(0.076 0.00787206 -0.00188807)
(0.078 0.00787206 -0.00188807)
(0.08 0.00787206 -0.00188807)
(0.082 0.00787206 -0.00188807)
(0.084 0.00787206 -0.00188807)
(0.086 0.00787206 -0.00188807)
(0.062 0.0109288 0.000243216)
(0.064 0.0109288 0.000243216)
(0.066 0.0109288 0.000243216)
(0.068 0.0109288 0.000243216)
(0.07 0.0109288 0.000243216)
(0.072 0.0109288 0.000243216)
(0.074 0.0109288 0.000243216)
(0.076 0.0109288 0.000243216)
(0.078 0.0109288 0.000243216)
(0.08 0.0109288 0.000243216)
(0.082 0.0109288 0.000243216)
(0.084 0.0109288 0.000243216)
(0.086 0.0109288 0.000243216)
(0.062 0.0138099 0.00238883)
(0.064 0.0138099 0.00238883)
(0.066 0.0138099 0.00238883)
(0.068 0.0138099 0.00238883)
(0.07 0.0138099 0.00238883)
(0.072 0.0138099 0.00238883)
(0.074 0.0138099 0.00238883)
(0.076 0.0138099 0.00238883)
(0.078 0.0138099 0.00238883)
(0.08 0.0138099 0.00238883)
(0.082 0.0138099 0.00238883)
(0.084 0.0138099 0.00238883)
(0.086 0.0138099 0.00238883)
(0.062 0.0164736 0.00451554)
(0.064 0.0164736 0.00451554)
(0.066 0.0164736 0.00451554)
(0.068 0.0164736 0.00451554)
(0.07 0.0164736 0.00451554)
(0.072 0.0164736 0.00451554)
(0.074 0.0164736 0.00451554)
(0.076 0.0164736 0.00451554)
(0.078 0.0164736 0.00451554)
(0.08 0.0164736 0.00451554)
(0.082 0.0164736 0.00451554)
(0.084 0.0164736 0.00451554)
(0.086 0.0164736 0.00451554)
(0.062 0.0188829 0.0065905)
(0.064 0.0188829 0.0065905)
(0.066 0.0188829 0.0065905)
(0.068 0.0188829 0.0065905)
(0.07 0.0188829 0.0065905)
(0.072 0.0188829 0.0065905)
(0.074 0.0188829 0.0065905)
(0.076 0.0188829 0.0065905)
(0.078 0.0188829 0.0065905)
(0.08 0.0188829 0.0065905)
(0.082 0.0188829 0.0065905)
(0.084 0.0188829 0.0065905)
(0.086 0.0188829 0.0065905)
(0.064 0.0026881 -0.000644728)
(0.066 0.0026881 -0.000644728)
(0.068 0.0026881 -0.000644728)
(0.07 0.0026881 -0.000644728)
(0.072 0.0026881 -0.000644728)
(0.074 0.0026881 -0.000644728)
(0.076 0.0026881 -0.000644728)
(0.078 0.0026881 -0.000644728)
(0.08 0.0026881 -0.000644728)
(0.082 0.0026881 -0.000644728)
(0.084 0.0026881 -0.000644728)
(0.086 0.0026881 -0.000644728)
(0.064 0.00597688 0.00141494)
(0.066 0.00597688 0.00141494)
(0.068 0.00597688 0.00141494)
(0.07 0.00597688 0.00141494)
(0.072 0.00597688 0.00141494)
(0.074 0.00597688 0.00141494)
(0.076 0.00597688 0.00141494)
(0.078 0.00597688 0.00141494)
(0.08 0.00597688 0.00141494)
(0.082 0.00597688 0.00141494)
(0.084 0.00597688 0.00141494)
(0.086 0.00597688 0.00141494)
(0.062 0.00917297 0.00346021)
(0.064 0.00917297 0.00346021)
(0.066 0.00917297 0.00346021)
(0.068 0.00917297 0.00346021)
(0.07 0.00917297 0.00346021)
(0.072 0.00917297 0.00346021)
(0.074 0.00917297 0.00346021)
(0.076 0.00917297 0.00346021)
(0.078 0.00917297 0.00346021)
(0.08 0.00917297 0.00346021)
(0.082 0.00917297 0.00346021)
(0.084 0.00917297 0.00346021)
(0.086 0.00917297 0.00346021)
(0.062 0.0122296 0.00546067)
(0.064 0.0122296 0.00546067)
(0.066 0.0122296 0.00546067)
(0.068 0.0122296 0.00546067)
(0.07 0.0122296 0.00546067)
(0.072 0.0122296 0.00546067)
(0.074 0.0122296 0.00546067)
(0.076 0.0122296 0.00546067)
(0.078 0.0122296 0.00546067)
(0.08 0.0122296 0.00546067)
(0.082 0.0122296 0.00546067)
(0.084 0.0122296 0.00546067)
(0.086 0.0122296 0.00546067)
(0.062 0.015103 0.00738684)
(0.064 0.015103 0.00738684)
(0.066 0.015103 0.00738684)
(0.068 0.015103 0.00738684)
(0.07 0.015103 0.00738684)
(0.072 0.015103 0.00738684)
(0.074 0.015103 0.00738684)
(0.076 0.015103 0.00738684)
(0.078 0.015103 0.00738684)
(0.08 0.015103 0.00738684)
(0.082 0.015103 0.00738684)
(0.084 0.015103 0.00738684)
(0.086 0.015103 0.00738684)
(0.062 0.0177528 0.00921074)
(0.064 0.0177528 0.00921074)
(0.066 0.0177528 0.00921074)
(0.068 0.0177528 0.00921074)
(0.07 0.0177528 0.00921074)
(0.072 0.0177528 0.00921074)
(0.074 0.0177528 0.00921074)
(0.076 0.0177528 0.00921074)
(0.078 0.0177528 0.00921074)
(0.08 0.0177528 0.00921074)
(0.082 0.0177528 0.00921074)
(0.084 0.0177528 0.00921074)
(0.086 0.0177528 0.00921074)
(0.064 0.000644728 0.0026881)
(0.066 0.000644728 0.0026881)
(0.068 0.000644728 0.0026881)
(0.07 0.000644728 0.0026881)
(0.072 0.000644728 0.0026881)
(0.074 0.000644728 0.0026881)
(0.076 0.000644728 0.0026881)
(0.078 0.000644728 0.0026881)
(0.08 0.000644728 0.0026881)
(0.082 0.000644728 0.0026881)
(0.084 0.000644728 0.0026881)
(0.086 0.000644728 0.0026881)
(0.064 0.0039721 0.00468483)
(0.066 0.0039721 0.00468483)
(0.068 0.0039721 0.00468483)
(0.07 0.0039721 0.00468483)
(0.072 0.0039721 0.00468483)
(0.074 0.0039721 0.00468483)
(0.076 0.0039721 0.00468483)
(0.078 0.0039721 0.00468483)
(0.08 0.0039721 0.00468483)
(0.082 0.0039721 0.00468483)
(0.084 0.0039721 0.00468483)
(0.086 0.0039721 0.00468483)
(0.062 0.00724459 0.00660548)
(0.064 0.00724459 0.00660548)
(0.066 0.00724459 0.00660548)
(0.068 0.00724459 0.00660548)
(0.07 0.00724459 0.00660548)
(0.072 0.00724459 0.00660548)
(0.074 0.00724459 0.00660548)
(0.076 0.00724459 0.00660548)
(0.078 0.00724459 0.00660548)
(0.08 0.00724459 0.00660548)
(0.082 0.00724459 0.00660548)
(0.084 0.00724459 0.00660548)
(0.086 0.00724459 0.00660548)
(0.062 0.0104139 0.0084222)
(0.064 0.0104139 0.0084222)
(0.066 0.0104139 0.0084222)
(0.068 0.0104139 0.0084222)
(0.07 0.0104139 0.0084222)
(0.072 0.0104139 0.0084222)
(0.074 0.0104139 0.0084222)
(0.076 0.0104139 0.0084222)
(0.078 0.0104139 0.0084222)
(0.08 0.0104139 0.0084222)
(0.082 0.0104139 0.0084222)
(0.084 0.0104139 0.0084222)
(0.086 0.0104139 0.0084222)
(0.062 0.0134339 0.0101092)
(0.064 0.0134339 0.0101092)
(0.066 0.0134339 0.0101092)
(0.068 0.0134339 0.0101092)
(0.07 0.0134339 0.0101092)
(0.072 0.0134339 0.0101092)
(0.074 0.0134339 0.0101092)
(0.076 0.0134339 0.0101092)
(0.078 0.0134339 0.0101092)
(0.08 0.0134339 0.0101092)
(0.082 0.0134339 0.0101092)
(0.084 0.0134339 0.0101092)
(0.086 0.0134339 0.0101092)
(0.062 0.0162613 0.0116435)
(0.064 0.0162613 0.0116435)
(0.066 0.0162613 0.0116435)
(0.068 0.0162613 0.0116435)
(0.07 0.0162613 0.0116435)
(0.072 0.0162613 0.0116435)
(0.074 0.0162613 0.0116435)
(0.076 0.0162613 0.0116435)
(0.078 0.0162613 0.0116435)
(0.08 0.0162613 0.0116435)
(0.082 0.0162613 0.0116435)
(0.084 0.0162613 0.0116435)
(0.086 0.0162613 0.0116435)
(0.064 -0.00141494 0.00597688)
(0.066 -0.00141494 0.00597688)
(0.068 -0.00141494 0.00597688)
(0.07 -0.00141494 0.00597688)
(0.072 -0.00141494 0.00597688)
(0.074 -0.00141494 0.00597688)
(0.076 -0.00141494 0.00597688)
(0.078 -0.00141494 0.00597688)
(0.08 -0.00141494 0.00597688)
(0.082 -0.00141494 0.00597688)
(0.084 -0.00141494 0.00597688)
(0.086 -0.00141494 0.00597688)
(0.064 0.00188807 0.00787206)
(0.066 0.00188807 0.00787206)
(0.068 0.00188807 0.00787206)
(0.07 0.00188807 0.00787206)
(0.072 0.00188807 0.00787206)
(0.074 0.00188807 0.00787206)
(0.076 0.00188807 0.00787206)
(0.078 0.00188807 0.00787206)
(0.08 0.00188807 0.00787206)
(0.082 0.00188807 0.00787206)
(0.084 0.00188807 0.00787206)
(0.086 0.00188807 0.00787206)
(0.062 0.00517402 0.0096295)
(0.064 0.00517402 0.0096295)
(0.066 0.00517402 0.0096295)
(0.068 0.00517402 0.0096295)
(0.07 0.00517402 0.0096295)
(0.072 0.00517402 0.0096295)
(0.074 0.00517402 0.0096295)
(0.076 0.00517402 0.0096295)
(0.078 0.00517402 0.0096295)
(0.08 0.00517402 0.0096295)
(0.082 0.00517402 0.0096295)
(0.084 0.00517402 0.0096295)
(0.086 0.00517402 0.0096295)
(0.062 0.00839304 0.0112239)
(0.064 0.00839304 0.0112239)
(0.066 0.00839304 0.0112239)
(0.068 0.00839304 0.0112239)
(0.07 0.00839304 0.0112239)
(0.072 0.00839304 0.0112239)
(0.074 0.00839304 0.0112239)
(0.076 0.00839304 0.0112239)
(0.078 0.00839304 0.0112239)
(0.08 0.00839304 0.0112239)
(0.082 0.00839304 0.0112239)
(0.084 0.00839304 0.0112239)
(0.086 0.00839304 0.0112239)
(0.062 0.0114967 0.0126332)
(0.064 0.0114967 0.0126332)
(0.066 0.0114967 0.0126332)
(0.068 0.0114967 0.0126332)
(0.07 0.0114967 0.0126332)
(0.072 0.0114967 0.0126332)
(0.074 0.0114967 0.0126332)
(0.076 0.0114967 0.0126332)
(0.078 0.0114967 0.0126332)
(0.08 0.0114967 0.0126332)
(0.082 0.0114967 0.0126332)
(0.084 0.0114967 0.0126332)
(0.086 0.0114967 0.0126332)
(0.062 0.0144387 0.0138392)
(0.064 0.0144387 0.0138392)
(0.066 0.0144387 0.0138392)
(0.068 0.0144387 0.0138392)
(0.07 0.0144387 0.0138392)
(0.072 0.0144387 0.0138392)
(0.074 0.0144387 0.0138392)
(0.076 0.0144387 0.0138392)
(0.078 0.0144387 0.0138392)
(0.08 0.0144387 0.0138392)
(0.082 0.0144387 0.0138392)
(0.084 0.0144387 0.0138392)
(0.086 0.0144387 0.0138392)
(0.064 -0.00346021 0.00917297)
(0.066 -0.00346021 0.00917297)
(0.068 -0.00346021 0.00917297)
(0.07 -0.00346021 0.00917297)
(0.072 -0.00346021 0.00917297)
(0.074 -0.00346021 0.00917297)
(0.076 -0.00346021 0.00917297)
(0.078 -0.00346021 0.00917297)
(0.08 -0.00346021 0.00917297)
(0.082 -0.00346021 0.00917297)
(0.084 -0.00346021 0.00917297)
(0.086 -0.00346021 0.00917297)
(0.064 -0.000243216 0.0109288)
(0.066 -0.000243216 0.0109288)
(0.068 -0.000243216 0.0109288)
(0.07 -0.000243216 0.0109288)
(0.072 -0.000243216 0.0109288)
(0.074 -0.000243216 0.0109288)
(0.076 -0.000243216 0.0109288)
(0.078 -0.000243216 0.0109288)
(0.08 -0.000243216 0.0109288)
(0.082 -0.000243216 0.0109288)
(0.084 -0.000243216 0.0109288)
(0.086 -0.000243216 0.0109288)
(0.062 0.00299452 0.0124852)
(0.064 0.00299452 0.0124852)
(0.066 0.00299452 0.0124852)
(0.068 0.00299452 0.0124852)
(0.07 0.00299452 0.0124852)
(0.072 0.00299452 0.0124852)
(0.074 0.00299452 0.0124852)
(0.076 0.00299452 0.0124852)
(0.078 0.00299452 0.0124852)
(0.08 0.00299452 0.0124852)
(0.082 0.00299452 0.0124852)
(0.084 0.00299452 0.0124852)
(0.086 0.00299452 0.0124852)
(0.062 0.00620158 0.0138195)
(0.064 0.00620158 0.0138195)
(0.066 0.00620158 0.0138195)
(0.068 0.00620158 0.0138195)
(0.07 0.00620158 0.0138195)
(0.072 0.00620158 0.0138195)
(0.074 0.00620158 0.0138195)
(0.076 0.00620158 0.0138195)
(0.078 0.00620158 0.0138195)
(0.08 0.00620158 0.0138195)
(0.082 0.00620158 0.0138195)
(0.084 0.00620158 0.0138195)
(0.086 0.00620158 0.0138195)
(0.062 0.0093272 0.0149132)
(0.064 0.0093272 0.0149132)
(0.066 0.0093272 0.0149132)
(0.068 0.0093272 0.0149132)
(0.07 0.0093272 0.0149132)
(0.072 0.0093272 0.0149132)
(0.074 0.0093272 0.0149132)
(0.076 0.0093272 0.0149132)
(0.078 0.0093272 0.0149132)
(0.08 0.0093272 0.0149132)
(0.082 0.0093272 0.0149132)
(0.084 0.0093272 0.0149132)
(0.086 0.0093272 0.0149132)
(0.062 0.0123222 0.0157532)
(0.064 0.0123222 0.0157532)
(0.066 0.0123222 0.0157532)
(0.068 0.0123222 0.0157532)
(0.07 0.0123222 0.0157532)
(0.072 0.0123222 0.0157532)
(0.074 0.0123222 0.0157532)
(0.076 0.0123222 0.0157532)
(0.078 0.0123222 0.0157532)
(0.08 0.0123222 0.0157532)
(0.082 0.0123222 0.0157532)
(0.084 0.0123222 0.0157532)
(0.086 0.0123222 0.0157532)
(0.064 -0.00546067 0.0122296)
(0.066 -0.00546067 0.0122296)
(0.068 -0.00546067 0.0122296)
(0.07 -0.00546067 0.0122296)
(0.072 -0.00546067 0.0122296)
(0.074 -0.00546067 0.0122296)
(0.076 -0.00546067 0.0122296)
(0.078 -0.00546067 0.0122296)
(0.08 -0.00546067 0.0122296)
(0.082 -0.00546067 0.0122296)
(0.084 -0.00546067 0.0122296)
(0.086 -0.00546067 0.0122296)
(0.064 -0.00238883 0.0138099)
(0.066 -0.00238883 0.0138099)
(0.068 -0.00238883 0.0138099)
(0.07 -0.00238883 0.0138099)
(0.072 -0.00238883 0.0138099)
(0.074 -0.00238883 0.0138099)
(0.076 -0.00238883 0.0138099)
(0.078 -0.00238883 0.0138099)
(0.08 -0.00238883 0.0138099)
(0.082 -0.00238883 0.0138099)
(0.084 -0.00238883 0.0138099)
(0.086 -0.00238883 0.0138099)
(0.062 0.000741558 0.015129)
(0.064 0.000741558 0.015129)
(0.066 0.000741558 0.015129)
(0.068 0.000741558 0.015129)
(0.07 0.000741558 0.015129)
(0.072 0.000741558 0.015129)
(0.074 0.000741558 0.015129)
(0.076 0.000741558 0.015129)
(0.078 0.000741558 0.015129)
(0.08 0.000741558 0.015129)
(0.082 0.000741558 0.015129)
(0.084 0.000741558 0.015129)
(0.086 0.000741558 0.015129)
(0.062 0.00387753 0.0161668)
(0.064 0.00387753 0.0161668)
(0.066 0.00387753 0.0161668)
(0.068 0.00387753 0.0161668)
(0.07 0.00387753 0.0161668)
(0.072 0.00387753 0.0161668)
(0.074 0.00387753 0.0161668)
(0.076 0.00387753 0.0161668)
(0.078 0.00387753 0.0161668)
(0.08 0.00387753 0.0161668)
(0.082 0.00387753 0.0161668)
(0.084 0.00387753 0.0161668)
(0.086 0.00387753 0.0161668)
(0.062 0.00696602 0.0169088)
(0.064 0.00696602 0.0169088)
(0.066 0.00696602 0.0169088)
(0.068 0.00696602 0.0169088)
(0.07 0.00696602 0.0169088)
(0.072 0.00696602 0.0169088)
(0.074 0.00696602 0.0169088)
(0.076 0.00696602 0.0169088)
(0.078 0.00696602 0.0169088)
(0.08 0.00696602 0.0169088)
(0.082 0.00696602 0.0169088)
(0.084 0.00696602 0.0169088)
(0.086 0.00696602 0.0169088)
(0.062 0.00995491 0.0173465)
(0.064 0.00995491 0.0173465)
(0.066 0.00995491 0.0173465)
(0.068 0.00995491 0.0173465)
(0.07 0.00995491 0.0173465)
(0.072 0.00995491 0.0173465)
(0.074 0.00995491 0.0173465)
(0.076 0.00995491 0.0173465)
(0.078 0.00995491 0.0173465)
(0.08 0.00995491 0.0173465)
(0.082 0.00995491 0.0173465)
(0.084 0.00995491 0.0173465)
(0.086 0.00995491 0.0173465)
(0.064 -0.00738684 0.015103)
(0.066 -0.00738684 0.015103)
(0.068 -0.00738684 0.015103)
(0.07 -0.00738684 0.015103)
(0.072 -0.00738684 0.015103)
(0.074 -0.00738684 0.015103)
(0.076 -0.00738684 0.015103)
(0.078 -0.00738684 0.015103)
(0.08 -0.00738684 0.015103)
(0.082 -0.00738684 0.015103)
(0.084 -0.00738684 0.015103)
(0.086 -0.00738684 0.015103)
(0.064 -0.00451554 0.0164736)
(0.066 -0.00451554 0.0164736)
(0.068 -0.00451554 0.0164736)
(0.07 -0.00451554 0.0164736)
(0.072 -0.00451554 0.0164736)
(0.074 -0.00451554 0.0164736)
(0.076 -0.00451554 0.0164736)
(0.078 -0.00451554 0.0164736)
(0.08 -0.00451554 0.0164736)
(0.082 -0.00451554 0.0164736)
(0.084 -0.00451554 0.0164736)
(0.086 -0.00451554 0.0164736)
(0.062 -0.00154788 0.0175216)
(0.064 -0.00154788 0.0175216)
(0.066 -0.00154788 0.0175216)
(0.068 -0.00154788 0.0175216)
(0.07 -0.00154788 0.0175216)
(0.072 -0.00154788 0.0175216)
(0.074 -0.00154788 0.0175216)
(0.076 -0.00154788 0.0175216)
(0.078 -0.00154788 0.0175216)
(0.08 -0.00154788 0.0175216)
(0.082 -0.00154788 0.0175216)
(0.084 -0.00154788 0.0175216)
(0.086 -0.00154788 0.0175216)
(0.062 0.00146161 0.018229)
(0.064 0.00146161 0.018229)
(0.066 0.00146161 0.018229)
(0.068 0.00146161 0.018229)
(0.07 0.00146161 0.018229)
(0.072 0.00146161 0.018229)
(0.074 0.00146161 0.018229)
(0.076 0.00146161 0.018229)
(0.078 0.00146161 0.018229)
(0.08 0.00146161 0.018229)
(0.082 0.00146161 0.018229)
(0.084 0.00146161 0.018229)
(0.086 0.00146161 0.018229)
(0.062 0.00445758 0.0185853)
(0.064 0.00445758 0.0185853)
(0.066 0.00445758 0.0185853)
(0.068 0.00445758 0.0185853)
(0.07 0.00445758 0.0185853)
(0.072 0.00445758 0.0185853)
(0.074 0.00445758 0.0185853)
(0.076 0.00445758 0.0185853)
(0.078 0.00445758 0.0185853)
(0.08 0.00445758 0.0185853)
(0.082 0.00445758 0.0185853)
(0.084 0.00445758 0.0185853)
(0.086 0.00445758 0.0185853)
(0.062 0.00738492 0.0185866)
(0.064 0.00738492 0.0185866)
(0.066 0.00738492 0.0185866)
(0.068 0.00738492 0.0185866)
(0.07 0.00738492 0.0185866)
(0.072 0.00738492 0.0185866)
(0.074 0.00738492 0.0185866)
(0.076 0.00738492 0.0185866)
(0.078 0.00738492 0.0185866)
(0.08 0.00738492 0.0185866)
(0.082 0.00738492 0.0185866)
(0.084 0.00738492 0.0185866)
(0.086 0.00738492 0.0185866)
(0.064 -0.00921074 0.0177528)
(0.066 -0.00921074 0.0177528)
(0.068 -0.00921074 0.0177528)
(0.07 -0.00921074 0.0177528)
(0.072 -0.00921074 0.0177528)
(0.074 -0.00921074 0.0177528)
(0.076 -0.00921074 0.0177528)
(0.078 -0.00921074 0.0177528)
(0.08 -0.00921074 0.0177528)
(0.082 -0.00921074 0.0177528)
(0.084 -0.00921074 0.0177528)
(0.086 -0.00921074 0.0177528)
(0.064 -0.0065905 0.0188829)
(0.066 -0.0065905 0.0188829)
(0.068 -0.0065905 0.0188829)
(0.07 -0.0065905 0.0188829)
(0.072 -0.0065905 0.0188829)
(0.074 -0.0065905 0.0188829)
(0.076 -0.0065905 0.0188829)
(0.078 -0.0065905 0.0188829)
(0.08 -0.0065905 0.0188829)
(0.082 -0.0065905 0.0188829)
(0.084 -0.0065905 0.0188829)
(0.086 -0.0065905 0.0188829)
(0.062 -0.0038361 0.0196287)
(0.064 -0.0038361 0.0196287)
(0.066 -0.0038361 0.0196287)
(0.068 -0.0038361 0.0196287)
(0.07 -0.0038361 0.0196287)
(0.072 -0.0038361 0.0196287)
(0.074 -0.0038361 0.0196287)
(0.076 -0.0038361 0.0196287)
(0.078 -0.0038361 0.0196287)
(0.08 -0.0038361 0.0196287)
(0.082 -0.0038361 0.0196287)
(0.084 -0.0038361 0.0196287)
(0.086 -0.0038361 0.0196287)
(0.062 -0.0010036 0.0199748)
(0.064 -0.0010036 0.0199748)
(0.066 -0.0010036 0.0199748)
(0.068 -0.0010036 0.0199748)
(0.07 -0.0010036 0.0199748)
(0.072 -0.0010036 0.0199748)
(0.074 -0.0010036 0.0199748)
(0.076 -0.0010036 0.0199748)
(0.078 -0.0010036 0.0199748)
(0.08 -0.0010036 0.0199748)
(0.082 -0.0010036 0.0199748)
(0.084 -0.0010036 0.0199748)
(0.086 -0.0010036 0.0199748)
(0.062 0.00184932 0.0199143)
(0.064 0.00184932 0.0199143)
(0.066 0.00184932 0.0199143)
(0.068 0.00184932 0.0199143)
(0.07 0.00184932 0.0199143)
(0.072 0.00184932 0.0199143)
(0.074 0.00184932 0.0199143)
(0.076 0.00184932 0.0199143)
(0.078 0.00184932 0.0199143)
(0.08 0.00184932 0.0199143)
(0.082 0.00184932 0.0199143)
(0.084 0.00184932 0.0199143)
(0.086 0.00184932 0.0199143)
(0.062 0.0046646 0.0194484)
(0.064 0.0046646 0.0194484)
(0.066 0.0046646 0.0194484)
(0.068 0.0046646 0.0194484)
(0.07 0.0046646 0.0194484)
(0.072 0.0046646 0.0194484)
(0.074 0.0046646 0.0194484)
(0.076 0.0046646 0.0194484)
(0.078 0.0046646 0.0194484)
(0.08 0.0046646 0.0194484)
(0.082 0.0046646 0.0194484)
(0.084 0.0046646 0.0194484)
(0.086 0.0046646 0.0194484)
)


// ************************************************************************* //
