/*--------------------------------*- C++ -*----------------------------------*\
| =========                 |                                                 |
| \\      /  F ield         | OpenFOAM: The Open Source CFD Toolbox           |
|  \\    /   O peration     | Version:  2212                                  |
|   \\  /    A nd           | Website:  www.openfoam.com                      |
|    \\/     M anipulation  |                                                 |
\*---------------------------------------------------------------------------*/
FoamFile
{
    version     2.0;
    format      ascii;
    arch        "LSB;label=32;scalar=64";
    class       surfaceScalarField;
    location    "0.9";
    object      meshPhi;
}
// * * * * * * * * * * * * * * * * * * * * * * * * * * * * * * * * * * * * * //

dimensions      [0 3 -1 0 0 0 0];

oriented        oriented;

internalField   nonuniform List<scalar> 
1826
(
4.67492e-22
3.4714e-08
-3.4714e-08
-2.64486e-37
3.4714e-08
-3.4714e-08
-4.67492e-22
3.4714e-08
-3.4714e-08
-2.64486e-37
3.4714e-08
-3.4714e-08
-4.67492e-22
3.4714e-08
-3.4714e-08
3.4714e-08
-3.4714e-08
9.01348e-22
6.5559e-08
-3.0845e-08
1.8027e-21
6.5559e-08
-3.0845e-08
9.01348e-22
6.5559e-08
-3.0845e-08
-1.73385e-36
6.5559e-08
-3.0845e-08
-1.73385e-36
6.5559e-08
-3.0845e-08
6.5559e-08
-3.0845e-08
1.2729e-21
9.05895e-08
-2.50304e-08
-1.2729e-21
9.05895e-08
-2.50304e-08
1.2729e-21
9.05895e-08
-2.50304e-08
1.76324e-37
9.05895e-08
-2.50304e-08
1.76324e-37
9.05895e-08
-2.50304e-08
9.05895e-08
-2.50304e-08
-1.55751e-21
1.08218e-07
-1.76285e-08
-3.11502e-21
1.08218e-07
-1.76285e-08
-1.55751e-21
1.08218e-07
-1.76285e-08
-3.11502e-21
1.08218e-07
-1.76285e-08
-1.55751e-21
1.08218e-07
-1.76285e-08
1.08218e-07
-1.76285e-08
1.73624e-21
1.17323e-07
-9.10464e-09
-1.73624e-21
1.17323e-07
-9.10464e-09
7.05297e-37
1.17323e-07
-9.10464e-09
1.73624e-21
1.17323e-07
-9.10464e-09
7.05297e-37
1.17323e-07
-9.10464e-09
1.17323e-07
-9.10464e-09
-6.46522e-37
1.17323e-07
-2.86411e-22
-6.46522e-37
1.17323e-07
-2.86411e-22
1.79717e-21
1.17323e-07
-2.86411e-22
-1.79717e-21
1.17323e-07
-2.86411e-22
-1.79717e-21
1.17323e-07
-2.86411e-22
1.17323e-07
-2.86411e-22
-1.73624e-21
1.08218e-07
9.10464e-09
1.73624e-21
1.08218e-07
9.10464e-09
0
1.08218e-07
9.10464e-09
0
1.08218e-07
9.10464e-09
0
1.08218e-07
9.10464e-09
1.08218e-07
9.10464e-09
-1.29304e-36
9.05895e-08
1.76285e-08
-1.29304e-36
9.05895e-08
1.76285e-08
-1.55751e-21
9.05895e-08
1.76285e-08
-1.55751e-21
9.05895e-08
1.76285e-08
-1.55751e-21
9.05895e-08
1.76285e-08
9.05895e-08
1.76285e-08
-1.2729e-21
6.5559e-08
2.50304e-08
-2.54581e-21
6.5559e-08
2.50304e-08
-2.54581e-21
6.5559e-08
2.50304e-08
-2.54581e-21
6.5559e-08
2.50304e-08
-2.54581e-21
6.5559e-08
2.50304e-08
6.5559e-08
2.50304e-08
-9.01348e-22
3.4714e-08
3.0845e-08
-9.01348e-22
3.4714e-08
3.0845e-08
0
3.4714e-08
3.0845e-08
0
3.4714e-08
3.0845e-08
0
3.4714e-08
3.0845e-08
3.4714e-08
3.0845e-08
4.67492e-22
3.4714e-08
-2.64486e-37
3.4714e-08
4.67492e-22
3.4714e-08
0
3.4714e-08
4.67492e-22
3.4714e-08
3.4714e-08
0
3.0845e-08
-6.5559e-08
9.01348e-22
3.0845e-08
-6.5559e-08
0
3.0845e-08
-6.5559e-08
0
3.0845e-08
-6.5559e-08
0
3.0845e-08
-6.5559e-08
3.0845e-08
-6.5559e-08
-7.1999e-37
5.80257e-08
-5.80257e-08
-7.1999e-37
5.80257e-08
-5.80257e-08
-7.1999e-37
5.80257e-08
-5.80257e-08
-1.30245e-21
5.80257e-08
-5.80257e-08
-7.1999e-37
5.80257e-08
-5.80257e-08
5.80257e-08
-5.80257e-08
-3.29262e-21
7.99557e-08
-4.69604e-08
1.11672e-36
7.99557e-08
-4.69604e-08
0
7.99557e-08
-4.69604e-08
-1.64631e-21
7.99557e-08
-4.69604e-08
1.11672e-36
7.99557e-08
-4.69604e-08
7.99557e-08
-4.69604e-08
-1.90991e-21
9.53421e-08
-3.30149e-08
0
9.53421e-08
-3.30149e-08
0
9.53421e-08
-3.30149e-08
0
9.53421e-08
-3.30149e-08
1.90991e-21
9.53421e-08
-3.30149e-08
9.53421e-08
-3.30149e-08
1.11672e-36
1.03272e-07
-1.70341e-08
2.07554e-21
1.03272e-07
-1.70341e-08
1.11672e-36
1.03272e-07
-1.70341e-08
1.11672e-36
1.03272e-07
-1.70341e-08
1.11672e-36
1.03272e-07
-1.70341e-08
1.03272e-07
-1.70341e-08
0
1.03272e-07
-2.1783e-22
0
1.03272e-07
-2.1783e-22
0
1.03272e-07
-2.1783e-22
0
1.03272e-07
-2.1783e-22
2.13202e-21
1.03272e-07
-2.18783e-22
1.03272e-07
-2.1783e-22
0
9.53421e-08
1.70341e-08
4.15107e-21
9.53421e-08
1.70341e-08
0
9.53421e-08
1.70341e-08
2.07554e-21
9.53421e-08
1.70341e-08
2.07554e-21
9.53421e-08
1.70341e-08
9.53421e-08
1.70341e-08
-3.81982e-21
7.99557e-08
3.30149e-08
-1.90991e-21
7.99557e-08
3.30149e-08
-3.81982e-21
7.99557e-08
3.30149e-08
-1.90991e-21
7.99557e-08
3.30149e-08
-1.17549e-37
7.99557e-08
3.30149e-08
7.99557e-08
3.30149e-08
-1.64631e-21
5.80257e-08
4.69604e-08
3.52648e-37
5.80257e-08
4.69604e-08
-1.64631e-21
5.80257e-08
4.69604e-08
-1.64631e-21
5.80257e-08
4.69604e-08
-1.64631e-21
5.80257e-08
4.69604e-08
5.80257e-08
4.69604e-08
-7.05297e-37
3.0845e-08
5.80257e-08
1.30245e-21
3.0845e-08
5.80257e-08
-2.60491e-21
3.0845e-08
5.80257e-08
-1.30245e-21
3.0845e-08
5.80257e-08
-7.05297e-37
3.0845e-08
5.80257e-08
3.0845e-08
5.80257e-08
-1.74855e-36
6.5559e-08
-9.01348e-22
6.5559e-08
-1.74855e-36
6.5559e-08
-9.01348e-22
6.5559e-08
-1.74855e-36
6.5559e-08
6.5559e-08
1.2729e-21
2.50304e-08
-9.05895e-08
3.94893e-37
2.50304e-08
-9.05895e-08
-1.2729e-21
2.50304e-08
-9.05895e-08
-1.2729e-21
2.50304e-08
-9.05895e-08
-1.2729e-21
2.50304e-08
-9.05895e-08
2.50304e-08
-9.05895e-08
-1.64631e-21
4.69604e-08
-7.99557e-08
3.37955e-37
4.69604e-08
-7.99557e-08
3.37955e-37
4.69604e-08
-7.99557e-08
-4.93893e-21
4.69604e-08
-7.99557e-08
3.37955e-37
4.69604e-08
-7.99557e-08
4.69604e-08
-7.99557e-08
1.49876e-36
6.45823e-08
-6.45823e-08
1.96677e-21
6.45823e-08
-6.45823e-08
1.96677e-21
6.45823e-08
-6.45823e-08
1.96677e-21
6.45823e-08
-6.45823e-08
3.93354e-21
6.45823e-08
-6.45823e-08
6.45823e-08
-6.45823e-08
-2.21265e-21
7.69129e-08
-4.53455e-08
-4.42529e-21
7.69129e-08
-4.53455e-08
-2.21265e-21
7.69129e-08
-4.53455e-08
-4.42529e-21
7.69129e-08
-4.53455e-08
-2.21265e-21
7.69129e-08
-4.53455e-08
7.69129e-08
-4.53455e-08
4.73445e-21
8.32578e-08
-2.33789e-08
2.36722e-21
8.32578e-08
-2.33789e-08
4.73445e-21
8.32578e-08
-2.33789e-08
2.36722e-21
8.32578e-08
-2.33789e-08
4.73445e-21
8.32578e-08
-2.33789e-08
8.32578e-08
-2.33789e-08
-2.93874e-37
8.32578e-08
-4.04285e-22
-2.93874e-37
8.32578e-08
-4.03428e-22
2.41995e-21
8.32578e-08
-4.03945e-22
2.41995e-21
8.32578e-08
-4.03945e-22
2.41995e-21
8.32578e-08
-4.04285e-22
8.32578e-08
-4.03945e-22
2.36722e-21
7.69129e-08
2.33789e-08
4.73445e-21
7.69129e-08
2.33789e-08
4.73445e-21
7.69129e-08
2.33789e-08
5.28972e-37
7.69129e-08
2.33789e-08
2.36722e-21
7.69129e-08
2.33789e-08
7.69129e-08
2.33789e-08
0
6.45823e-08
4.53455e-08
0
6.45823e-08
4.53455e-08
0
6.45823e-08
4.53455e-08
-2.21265e-21
6.45823e-08
4.53455e-08
2.21265e-21
6.45823e-08
4.53455e-08
6.45823e-08
4.53455e-08
-1.96677e-21
4.69604e-08
6.45823e-08
-1.96677e-21
4.69604e-08
6.45823e-08
1.96677e-21
4.69604e-08
6.45823e-08
-1.96677e-21
4.69604e-08
6.45823e-08
-1.96677e-21
4.69604e-08
6.45823e-08
4.69604e-08
6.45823e-08
-3.29262e-21
2.50304e-08
7.99557e-08
1.14611e-36
2.50304e-08
7.99557e-08
-1.64631e-21
2.50304e-08
7.99557e-08
0
2.50304e-08
7.99557e-08
1.14611e-36
2.50304e-08
7.99557e-08
2.50304e-08
7.99557e-08
1.32243e-37
9.05895e-08
1.32243e-37
9.05895e-08
1.2729e-21
9.05895e-08
1.32243e-37
9.05895e-08
1.32243e-37
9.05895e-08
9.05895e-08
-1.21682e-36
1.76285e-08
-1.08218e-07
-1.21682e-36
1.76285e-08
-1.08218e-07
-1.21682e-36
1.76285e-08
-1.08218e-07
1.55751e-21
1.76285e-08
-1.08218e-07
1.55751e-21
1.76285e-08
-1.08218e-07
1.76285e-08
-1.08218e-07
1.90991e-21
3.30149e-08
-9.53421e-08
0
3.30149e-08
-9.53421e-08
0
3.30149e-08
-9.53421e-08
0
3.30149e-08
-9.53421e-08
0
3.30149e-08
-9.53421e-08
3.30149e-08
-9.53421e-08
4.42529e-21
4.53455e-08
-7.69129e-08
2.21265e-21
4.53455e-08
-7.69129e-08
-2.35099e-37
4.53455e-08
-7.69129e-08
2.21265e-21
4.53455e-08
-7.69129e-08
-2.21265e-21
4.53455e-08
-7.69129e-08
4.53455e-08
-7.69129e-08
-2.4451e-21
5.3958e-08
-5.3958e-08
-2.4451e-21
5.3958e-08
-5.3958e-08
-4.8902e-21
5.3958e-08
-5.3958e-08
-2.4451e-21
5.3958e-08
-5.3958e-08
-2.4451e-21
5.3958e-08
-5.3958e-08
5.3958e-08
-5.3958e-08
-2.59131e-21
5.83852e-08
-2.78061e-08
0
5.83852e-08
-2.78061e-08
-2.59131e-21
5.83852e-08
-2.78061e-08
5.18262e-21
5.83852e-08
-2.78061e-08
2.59131e-21
5.83852e-08
-2.78061e-08
5.83852e-08
-2.78061e-08
0
5.83852e-08
8.22819e-23
-3.23261e-37
5.83852e-08
8.20234e-23
0
5.83852e-08
8.20234e-23
5.2824e-21
5.83852e-08
8.20234e-23
0
5.83852e-08
8.20234e-23
5.83852e-08
8.15952e-23
4.4081e-37
5.3958e-08
2.78061e-08
-2.59131e-21
5.3958e-08
2.78061e-08
-2.59131e-21
5.3958e-08
2.78061e-08
2.59131e-21
5.3958e-08
2.78061e-08
0
5.3958e-08
2.78061e-08
5.3958e-08
2.78061e-08
2.93874e-38
4.53455e-08
5.3958e-08
2.93874e-38
4.53455e-08
5.3958e-08
2.93874e-38
4.53455e-08
5.3958e-08
2.93874e-38
4.53455e-08
5.3958e-08
2.4451e-21
4.53455e-08
5.3958e-08
4.53455e-08
5.3958e-08
2.93874e-38
3.30149e-08
7.69129e-08
2.93874e-38
3.30149e-08
7.69129e-08
2.21265e-21
3.30149e-08
7.69129e-08
2.93874e-38
3.30149e-08
7.69129e-08
2.21265e-21
3.30149e-08
7.69129e-08
3.30149e-08
7.69129e-08
-1.90991e-21
1.76285e-08
9.53421e-08
0
1.76285e-08
9.53421e-08
0
1.76285e-08
9.53421e-08
1.90991e-21
1.76285e-08
9.53421e-08
0
1.76285e-08
9.53421e-08
1.76285e-08
9.53421e-08
-1.631e-36
1.08218e-07
0
1.08218e-07
-1.55751e-21
1.08218e-07
-1.55751e-21
1.08218e-07
-1.55751e-21
1.08218e-07
1.08218e-07
0
9.10464e-09
-1.17323e-07
3.47248e-21
9.10464e-09
-1.17323e-07
1.73624e-21
9.10464e-09
-1.17323e-07
0
9.10464e-09
-1.17323e-07
0
9.10464e-09
-1.17323e-07
9.10464e-09
-1.17323e-07
4.15107e-21
1.70341e-08
-1.03272e-07
-2.07554e-21
1.70341e-08
-1.03272e-07
4.15107e-21
1.70341e-08
-1.03272e-07
2.07554e-21
1.70341e-08
-1.03272e-07
4.15107e-21
1.70341e-08
-1.03272e-07
1.70341e-08
-1.03272e-07
-5.28972e-37
2.33789e-08
-8.32578e-08
0
2.33789e-08
-8.32578e-08
2.36722e-21
2.33789e-08
-8.32578e-08
0
2.33789e-08
-8.32578e-08
2.36722e-21
2.33789e-08
-8.32578e-08
2.33789e-08
-8.32578e-08
0
2.78061e-08
-5.83852e-08
0
2.78061e-08
-5.83852e-08
0
2.78061e-08
-5.83852e-08
5.18262e-21
2.78061e-08
-5.83852e-08
2.59131e-21
2.78061e-08
-5.83852e-08
2.78061e-08
-5.83852e-08
5.87747e-38
3.00804e-08
-3.00804e-08
2.73232e-21
3.00804e-08
-3.00804e-08
1.17549e-37
3.00804e-08
-3.00804e-08
8.19695e-21
3.00804e-08
-3.00804e-08
5.87747e-38
3.00804e-08
-3.00804e-08
3.00804e-08
-3.00804e-08
-5.56087e-21
3.00804e-08
-7.44463e-23
-5.56087e-21
3.00804e-08
-7.40161e-23
-2.78043e-21
3.00804e-08
-7.41029e-23
-5.56087e-21
3.00804e-08
-7.41029e-23
-2.78043e-21
3.00804e-08
-7.44463e-23
3.00804e-08
-7.44463e-23
2.73232e-21
2.78061e-08
3.00804e-08
7.34684e-38
2.78061e-08
3.00804e-08
0
2.78061e-08
3.00804e-08
1.46937e-37
2.78061e-08
3.00804e-08
7.34684e-38
2.78061e-08
3.00804e-08
2.78061e-08
3.00804e-08
-2.59131e-21
2.33789e-08
5.83852e-08
-5.18262e-21
2.33789e-08
5.83852e-08
-5.18262e-21
2.33789e-08
5.83852e-08
1.42529e-36
2.33789e-08
5.83852e-08
1.42529e-36
2.33789e-08
5.83852e-08
2.33789e-08
5.83852e-08
-1.91018e-37
1.70341e-08
8.32578e-08
-1.91018e-37
1.70341e-08
8.32578e-08
-1.91018e-37
1.70341e-08
8.32578e-08
-1.91018e-37
1.70341e-08
8.32578e-08
-1.91018e-37
1.70341e-08
8.32578e-08
1.70341e-08
8.32578e-08
4.15107e-21
9.10464e-09
1.03272e-07
2.07554e-21
9.10464e-09
1.03272e-07
4.15107e-21
9.10464e-09
1.03272e-07
2.07554e-21
9.10464e-09
1.03272e-07
2.07554e-21
9.10464e-09
1.03272e-07
9.10464e-09
1.03272e-07
0
1.17323e-07
-1.73624e-21
1.17323e-07
-1.73624e-21
1.17323e-07
-3.47248e-21
1.17323e-07
1.73624e-21
1.17323e-07
1.17323e-07
-1.79717e-21
-2.8667e-22
-1.17323e-07
1.79717e-21
-2.86411e-22
-1.17323e-07
-7.05297e-37
-2.8667e-22
-1.17323e-07
-3.59434e-21
-2.86411e-22
-1.17323e-07
-7.05297e-37
-2.8667e-22
-1.17323e-07
-2.86411e-22
2.13202e-21
-9.02144e-23
-1.03272e-07
2.13202e-21
-9.02144e-23
-1.03272e-07
0
-9.02144e-23
-1.03272e-07
0
-9.02144e-23
-1.03272e-07
2.13202e-21
-9.02144e-23
-1.03272e-07
-9.02144e-23
-3.28082e-37
-4.04285e-22
-8.32578e-08
-2.41995e-21
-4.03509e-22
-8.32578e-08
-3.28082e-37
-4.04026e-22
-8.32578e-08
2.41995e-21
-4.04285e-22
-8.32578e-08
2.41995e-21
-4.04285e-22
-8.32578e-08
-4.04026e-22
-2.6412e-21
8.22011e-23
-5.83852e-08
-7.9236e-21
8.22011e-23
-5.83852e-08
-2.6412e-21
8.22011e-23
-5.83852e-08
2.6412e-21
8.22011e-23
-5.83852e-08
3.4048e-37
8.22011e-23
-5.83852e-08
8.22011e-23
-2.78043e-21
-5.68687e-23
-3.00804e-08
2.78043e-21
-5.68687e-23
-3.00804e-08
0
-5.68687e-23
-3.00804e-08
-2.78043e-21
-5.68687e-23
-3.00804e-08
-2.78043e-21
-5.68687e-23
-3.00804e-08
-5.68687e-23
-2.82795e-21
7.44463e-23
7.44463e-23
-2.82795e-21
7.39293e-23
7.41878e-23
-2.82795e-21
7.39293e-23
7.41029e-23
6.71011e-37
7.39293e-23
7.41029e-23
6.71011e-37
7.44463e-23
7.44463e-23
7.44463e-23
7.44463e-23
2.28957e-37
1.10635e-22
3.00804e-08
4.57915e-37
1.11152e-22
3.00804e-08
2.78043e-21
1.11152e-22
3.00804e-08
2.28957e-37
1.10635e-22
3.00804e-08
2.78043e-21
1.10635e-22
3.00804e-08
1.11152e-22
3.00804e-08
0
2.18169e-22
5.83852e-08
-3.71015e-37
2.19203e-22
5.83852e-08
7.9236e-21
2.18169e-22
5.83852e-08
5.2824e-21
2.18169e-22
5.83852e-08
0
2.18169e-22
5.83852e-08
2.18169e-22
5.83852e-08
4.8399e-21
2.21012e-22
8.32578e-08
2.41995e-21
2.18427e-22
8.32578e-08
2.41995e-21
2.18686e-22
8.32578e-08
4.8399e-21
2.18686e-22
8.32578e-08
2.41995e-21
2.18686e-22
8.32578e-08
2.18427e-22
8.32578e-08
2.13202e-21
3.83605e-22
1.03272e-07
0
3.83605e-22
1.03272e-07
4.26403e-21
3.83605e-22
1.03272e-07
2.13202e-21
3.83605e-22
1.03272e-07
6.39605e-21
3.83088e-22
1.03272e-07
3.83605e-22
1.03272e-07
-1.79717e-21
1.17323e-07
-1.79717e-21
1.17323e-07
-1.79717e-21
1.17323e-07
-3.59434e-21
1.17323e-07
-1.79717e-21
1.17323e-07
1.17323e-07
0
-9.10464e-09
0
-9.10464e-09
-1.08218e-07
1.73624e-21
-9.10464e-09
-1.08218e-07
1.73624e-21
-9.10464e-09
-1.08218e-07
-9.10464e-09
-1.08218e-07
2.07554e-21
-1.70341e-08
2.07554e-21
-1.70341e-08
-9.53421e-08
2.07554e-21
-1.70341e-08
-9.53421e-08
1.1057e-36
-1.70341e-08
-9.53421e-08
-1.70341e-08
-9.53421e-08
-2.36722e-21
-2.33789e-08
-7.69129e-08
-2.36722e-21
-2.33789e-08
-7.69129e-08
-1.6163e-37
-2.33789e-08
-7.69129e-08
-1.6163e-37
-2.33789e-08
-7.69129e-08
-2.33789e-08
-7.69129e-08
-7.77394e-21
-2.78061e-08
-5.3958e-08
-5.18262e-21
-2.78061e-08
-5.3958e-08
2.59131e-21
-2.78061e-08
-5.3958e-08
-5.18262e-21
-2.78061e-08
-5.3958e-08
-2.78061e-08
-5.3958e-08
1.17549e-37
-3.00804e-08
-2.78061e-08
2.73232e-21
-3.00804e-08
-2.78061e-08
5.46463e-21
-3.00804e-08
-2.78061e-08
2.35099e-37
-3.00804e-08
-2.78061e-08
-3.00804e-08
-2.78061e-08
2.35099e-37
-3.00804e-08
-8.18537e-23
-2.78043e-21
-3.00804e-08
-8.21122e-23
-2.78043e-21
-3.00804e-08
-8.21122e-23
-2.78043e-21
-3.00804e-08
-8.21122e-23
-2.78043e-21
-3.00804e-08
-8.21122e-23
-3.00804e-08
-8.18537e-23
2.73232e-21
-2.78061e-08
2.78061e-08
1.17549e-37
-2.78061e-08
2.78061e-08
2.35099e-37
-2.78061e-08
2.78061e-08
-5.46463e-21
-2.78061e-08
2.78061e-08
1.17549e-37
-2.78061e-08
2.78061e-08
-2.78061e-08
2.78061e-08
-5.18262e-21
-2.33789e-08
5.3958e-08
-5.18262e-21
-2.33789e-08
5.3958e-08
-2.59131e-21
-2.33789e-08
5.3958e-08
-5.18262e-21
-2.33789e-08
5.3958e-08
-7.77394e-21
-2.33789e-08
5.3958e-08
-2.33789e-08
5.3958e-08
2.36722e-21
-1.70341e-08
7.69129e-08
2.36722e-21
-1.70341e-08
7.69129e-08
0
-1.70341e-08
7.69129e-08
2.36722e-21
-1.70341e-08
7.69129e-08
4.73445e-21
-1.70341e-08
7.69129e-08
-1.70341e-08
7.69129e-08
6.22661e-21
-9.10464e-09
9.53421e-08
2.07554e-21
-9.10464e-09
9.53421e-08
4.15107e-21
-9.10464e-09
9.53421e-08
2.07554e-21
-9.10464e-09
9.53421e-08
4.15107e-21
-9.10464e-09
9.53421e-08
-9.10464e-09
9.53421e-08
-1.73624e-21
1.08218e-07
0
1.08218e-07
7.34684e-38
1.08218e-07
7.34684e-38
1.08218e-07
1.73624e-21
1.08218e-07
1.08218e-07
0
-1.76285e-08
-9.05895e-08
1.55751e-21
-1.76285e-08
-9.05895e-08
-1.55751e-21
-1.76285e-08
-9.05895e-08
-1.76285e-08
-9.05895e-08
1.68243e-36
-3.30149e-08
-7.99557e-08
-1.90991e-21
-3.30149e-08
-7.99557e-08
0
-3.30149e-08
-7.99557e-08
-3.30149e-08
-7.99557e-08
0
-4.53455e-08
-6.45823e-08
-4.4081e-38
-4.53455e-08
-6.45823e-08
-4.4081e-38
-4.53455e-08
-6.45823e-08
0
-4.53455e-08
-6.45823e-08
-4.53455e-08
-6.45823e-08
2.93874e-38
-5.3958e-08
-4.53455e-08
2.4451e-21
-5.3958e-08
-4.53455e-08
2.4451e-21
-5.3958e-08
-4.53455e-08
2.4451e-21
-5.3958e-08
-4.53455e-08
-5.3958e-08
-4.53455e-08
-2.59131e-21
-5.83852e-08
-2.33789e-08
4.11423e-37
-5.83852e-08
-2.33789e-08
0
-5.83852e-08
-2.33789e-08
4.11423e-37
-5.83852e-08
-2.33789e-08
-5.83852e-08
-2.33789e-08
-2.6412e-21
-5.83852e-08
2.83406e-22
-5.2824e-21
-5.83852e-08
2.83665e-22
5.2824e-21
-5.83852e-08
2.82712e-22
2.6412e-21
-5.83852e-08
2.83406e-22
0
-5.83852e-08
2.83406e-22
-5.83852e-08
2.82712e-22
-5.18262e-21
-5.3958e-08
2.33789e-08
-2.59131e-21
-5.3958e-08
2.33789e-08
-5.18262e-21
-5.3958e-08
2.33789e-08
-1.41059e-36
-5.3958e-08
2.33789e-08
0
-5.3958e-08
2.33789e-08
-5.3958e-08
2.33789e-08
2.93874e-38
-4.53455e-08
4.53455e-08
2.93874e-38
-4.53455e-08
4.53455e-08
2.4451e-21
-4.53455e-08
4.53455e-08
2.4451e-21
-4.53455e-08
4.53455e-08
2.93874e-38
-4.53455e-08
4.53455e-08
-4.53455e-08
4.53455e-08
0
-3.30149e-08
6.45823e-08
0
-3.30149e-08
6.45823e-08
-2.21265e-21
-3.30149e-08
6.45823e-08
0
-3.30149e-08
6.45823e-08
-2.21265e-21
-3.30149e-08
6.45823e-08
-3.30149e-08
6.45823e-08
0
-1.76285e-08
7.99557e-08
0
-1.76285e-08
7.99557e-08
0
-1.76285e-08
7.99557e-08
0
-1.76285e-08
7.99557e-08
0
-1.76285e-08
7.99557e-08
-1.76285e-08
7.99557e-08
-1.23427e-36
9.05895e-08
-1.23427e-36
9.05895e-08
-1.23427e-36
9.05895e-08
1.55751e-21
9.05895e-08
1.55751e-21
9.05895e-08
9.05895e-08
-1.2729e-21
-2.50304e-08
-6.5559e-08
-1.2729e-21
-2.50304e-08
-6.5559e-08
-2.54581e-21
-2.50304e-08
-6.5559e-08
-2.50304e-08
-6.5559e-08
1.13141e-36
-4.69604e-08
-5.80257e-08
0
-4.69604e-08
-5.80257e-08
1.13141e-36
-4.69604e-08
-5.80257e-08
-4.69604e-08
-5.80257e-08
-1.96677e-21
-6.45823e-08
-4.69604e-08
1.96677e-21
-6.45823e-08
-4.69604e-08
0
-6.45823e-08
-4.69604e-08
0
-6.45823e-08
-4.69604e-08
-6.45823e-08
-4.69604e-08
2.21265e-21
-7.69129e-08
-3.30149e-08
0
-7.69129e-08
-3.30149e-08
-2.64486e-37
-7.69129e-08
-3.30149e-08
2.21265e-21
-7.69129e-08
-3.30149e-08
-7.69129e-08
-3.30149e-08
2.36722e-21
-8.32578e-08
-1.70341e-08
4.70198e-37
-8.32578e-08
-1.70341e-08
2.36722e-21
-8.32578e-08
-1.70341e-08
2.36722e-21
-8.32578e-08
-1.70341e-08
-8.32578e-08
-1.70341e-08
4.8399e-21
-8.32578e-08
9.08283e-23
2.41995e-21
-8.32578e-08
9.3494e-23
2.41995e-21
-8.32578e-08
9.08283e-23
7.25985e-21
-8.32578e-08
9.08283e-23
4.8399e-21
-8.32578e-08
9.37525e-23
-8.32578e-08
9.08283e-23
0
-7.69129e-08
1.70341e-08
2.36722e-21
-7.69129e-08
1.70341e-08
2.36722e-21
-7.69129e-08
1.70341e-08
2.36722e-21
-7.69129e-08
1.70341e-08
2.36722e-21
-7.69129e-08
1.70341e-08
-7.69129e-08
1.70341e-08
2.21265e-21
-6.45823e-08
3.30149e-08
0
-6.45823e-08
3.30149e-08
2.21265e-21
-6.45823e-08
3.30149e-08
0
-6.45823e-08
3.30149e-08
0
-6.45823e-08
3.30149e-08
-6.45823e-08
3.30149e-08
-1.96677e-21
-4.69604e-08
4.69604e-08
1.96677e-21
-4.69604e-08
4.69604e-08
0
-4.69604e-08
4.69604e-08
0
-4.69604e-08
4.69604e-08
0
-4.69604e-08
4.69604e-08
-4.69604e-08
4.69604e-08
-3.29262e-21
-2.50304e-08
5.80257e-08
4.11423e-37
-2.50304e-08
5.80257e-08
0
-2.50304e-08
5.80257e-08
-1.64631e-21
-2.50304e-08
5.80257e-08
-1.64631e-21
-2.50304e-08
5.80257e-08
-2.50304e-08
5.80257e-08
0
6.5559e-08
0
6.5559e-08
0
6.5559e-08
-1.2729e-21
6.5559e-08
-1.2729e-21
6.5559e-08
6.5559e-08
9.01348e-22
-3.0845e-08
-3.4714e-08
9.01348e-22
-3.0845e-08
-3.4714e-08
9.01348e-22
-3.0845e-08
-3.4714e-08
-3.0845e-08
-3.4714e-08
-1.30245e-21
-5.80257e-08
-3.0845e-08
-1.30245e-21
-5.80257e-08
-3.0845e-08
-2.60491e-21
-5.80257e-08
-3.0845e-08
-5.80257e-08
-3.0845e-08
-3.29262e-21
-7.99557e-08
-2.50304e-08
-1.64631e-21
-7.99557e-08
-2.50304e-08
-1.64631e-21
-7.99557e-08
-2.50304e-08
-1.64631e-21
-7.99557e-08
-2.50304e-08
-7.99557e-08
-2.50304e-08
0
-9.53421e-08
-1.76285e-08
0
-9.53421e-08
-1.76285e-08
-1.90991e-21
-9.53421e-08
-1.76285e-08
0
-9.53421e-08
-1.76285e-08
-9.53421e-08
-1.76285e-08
-2.07554e-21
-1.03272e-07
-9.10464e-09
-2.07554e-21
-1.03272e-07
-9.10464e-09
2.07554e-21
-1.03272e-07
-9.10464e-09
2.07554e-21
-1.03272e-07
-9.10464e-09
-1.03272e-07
-9.10464e-09
-2.13202e-21
-1.03272e-07
2.87187e-22
1.17549e-37
-1.03272e-07
2.87187e-22
-4.26403e-21
-1.03272e-07
2.87187e-22
1.17549e-37
-1.03272e-07
2.87187e-22
-4.26403e-21
-1.03272e-07
2.86847e-22
-1.03272e-07
2.87187e-22
-2.07554e-21
-9.53421e-08
9.10464e-09
-2.07554e-21
-9.53421e-08
9.10464e-09
0
-9.53421e-08
9.10464e-09
2.07554e-21
-9.53421e-08
9.10464e-09
0
-9.53421e-08
9.10464e-09
-9.53421e-08
9.10464e-09
0
-7.99557e-08
1.76285e-08
-1.90991e-21
-7.99557e-08
1.76285e-08
-1.90991e-21
-7.99557e-08
1.76285e-08
1.70447e-36
-7.99557e-08
1.76285e-08
0
-7.99557e-08
1.76285e-08
-7.99557e-08
1.76285e-08
3.29262e-21
-5.80257e-08
2.50304e-08
1.11672e-36
-5.80257e-08
2.50304e-08
0
-5.80257e-08
2.50304e-08
-3.29262e-21
-5.80257e-08
2.50304e-08
1.11672e-36
-5.80257e-08
2.50304e-08
-5.80257e-08
2.50304e-08
-7.05297e-37
-3.0845e-08
3.0845e-08
-7.05297e-37
-3.0845e-08
3.0845e-08
-7.05297e-37
-3.0845e-08
3.0845e-08
-1.30245e-21
-3.0845e-08
3.0845e-08
-7.05297e-37
-3.0845e-08
3.0845e-08
-3.0845e-08
3.0845e-08
0
3.4714e-08
0
3.4714e-08
9.01348e-22
3.4714e-08
1.21958e-36
3.4714e-08
0
3.4714e-08
3.4714e-08
-4.67492e-22
-3.4714e-08
-9.34984e-22
-3.4714e-08
-2.78262e-37
-3.4714e-08
-3.4714e-08
-1.8027e-21
-6.5559e-08
0
-6.5559e-08
1.23427e-36
-6.5559e-08
-6.5559e-08
3.82036e-37
-9.05895e-08
3.82036e-37
-9.05895e-08
-1.2729e-21
-9.05895e-08
-2.54581e-21
-9.05895e-08
-9.05895e-08
-1.29304e-36
-1.08218e-07
-1.29304e-36
-1.08218e-07
-1.29304e-36
-1.08218e-07
1.55751e-21
-1.08218e-07
-1.08218e-07
0
-1.17323e-07
0
-1.17323e-07
-1.73624e-21
-1.17323e-07
-1.73624e-21
-1.17323e-07
-1.17323e-07
1.79717e-21
-1.17323e-07
1.79717e-21
-1.17323e-07
1.79717e-21
-1.17323e-07
-1.79717e-21
-1.17323e-07
0
-1.17323e-07
-1.17323e-07
-1.73624e-21
-1.08218e-07
-1.73624e-21
-1.08218e-07
6.46522e-37
-1.08218e-07
1.73624e-21
-1.08218e-07
1.73624e-21
-1.08218e-07
-1.08218e-07
-4.67253e-21
-9.05895e-08
1.55751e-21
-9.05895e-08
-3.11502e-21
-9.05895e-08
-1.55751e-21
-9.05895e-08
-3.11502e-21
-9.05895e-08
-9.05895e-08
1.2729e-21
-6.5559e-08
1.2729e-21
-6.5559e-08
-2.54581e-21
-6.5559e-08
1.2729e-21
-6.5559e-08
0
-6.5559e-08
-6.5559e-08
-1.73385e-36
-3.4714e-08
9.01348e-22
-3.4714e-08
-9.01348e-22
-3.4714e-08
0
-3.4714e-08
-9.01348e-22
-3.4714e-08
-3.4714e-08
9.34984e-22
-2.93874e-37
4.67492e-22
4.67492e-22
4.67492e-22
)
;

boundaryField
{
    inlet
    {
        type            calculated;
        value           nonuniform List<scalar> 0();
    }
    ami1
    {
        type            cyclicAMI;
        value           nonuniform List<scalar> 0();
    }
    walls
    {
        type            calculated;
        value           nonuniform List<scalar> 
248
(
-2.90979e-14
-2.43942e-14
-1.84387e-14
-1.28555e-14
-6.40674e-15
2.83568e-22
6.40674e-15
1.28555e-14
1.84387e-14
2.43942e-14
2.90979e-14
-2.90979e-14
-2.43942e-14
-1.84387e-14
-1.28555e-14
-6.40674e-15
2.83568e-22
6.40674e-15
1.28555e-14
1.84387e-14
2.43942e-14
2.90979e-14
-2.90979e-14
-2.43942e-14
-1.84387e-14
-1.28555e-14
-6.40674e-15
2.83568e-22
6.40674e-15
1.28555e-14
1.84387e-14
2.43942e-14
2.90979e-14
-2.90979e-14
-2.43942e-14
-1.84387e-14
-1.28555e-14
-6.40674e-15
2.83568e-22
6.40674e-15
1.28555e-14
1.84387e-14
2.43942e-14
2.90979e-14
-2.90979e-14
-2.43942e-14
-1.84387e-14
-1.28555e-14
-6.40674e-15
2.83568e-22
6.40674e-15
1.28555e-14
1.84387e-14
2.43942e-14
2.90979e-14
-2.90979e-14
-2.43942e-14
-1.84387e-14
-1.28555e-14
-6.40674e-15
2.83568e-22
6.40674e-15
1.28555e-14
1.84387e-14
2.43942e-14
2.90979e-14
-2.90979e-14
-2.43942e-14
-1.84387e-14
-1.28555e-14
-6.40674e-15
2.83568e-22
6.40674e-15
1.28555e-14
1.84387e-14
2.43942e-14
2.90979e-14
-2.90979e-14
-2.43942e-14
-1.84387e-14
-1.28555e-14
-6.40674e-15
2.83568e-22
6.40674e-15
1.28555e-14
1.84387e-14
2.43942e-14
2.90979e-14
-2.90979e-14
-2.43942e-14
-1.84387e-14
-1.28555e-14
-6.40674e-15
2.83568e-22
6.40674e-15
1.28555e-14
1.84387e-14
2.43942e-14
2.90979e-14
-2.90979e-14
-2.43942e-14
-1.84387e-14
-1.28555e-14
-6.40674e-15
2.83568e-22
6.40674e-15
1.28555e-14
1.84387e-14
2.43942e-14
2.90979e-14
-2.90979e-14
-2.43942e-14
-1.84387e-14
-1.28555e-14
-6.40674e-15
2.83568e-22
6.40674e-15
1.28555e-14
1.84387e-14
2.43942e-14
2.90979e-14
-2.90979e-14
-2.43942e-14
-1.84387e-14
-1.28555e-14
-6.40674e-15
2.83568e-22
6.40674e-15
1.28555e-14
1.84387e-14
2.43942e-14
2.90979e-14
1.84387e-14
1.28555e-14
6.40674e-15
-5.94536e-24
-6.40674e-15
-1.28555e-14
-1.84387e-14
-2.43942e-14
-2.90979e-14
2.90979e-14
2.43942e-14
1.84387e-14
1.28555e-14
6.40674e-15
-5.94536e-24
-6.40674e-15
-1.28555e-14
-1.84387e-14
-2.43942e-14
-2.90979e-14
2.90979e-14
2.43942e-14
1.84387e-14
1.28555e-14
6.40674e-15
-5.94536e-24
-6.40674e-15
-1.28555e-14
-1.84387e-14
-2.43942e-14
-2.90979e-14
2.90979e-14
2.43942e-14
1.84387e-14
1.28555e-14
6.40674e-15
-5.94536e-24
-6.40674e-15
-1.28555e-14
-1.84387e-14
-2.43942e-14
-2.90979e-14
2.90979e-14
2.43942e-14
1.84387e-14
1.28555e-14
6.40674e-15
-5.94536e-24
-6.40674e-15
-1.28555e-14
-1.84387e-14
-2.43942e-14
-2.90979e-14
-5.94536e-24
-6.40674e-15
-1.28555e-14
-1.84387e-14
-2.43942e-14
-2.90979e-14
2.90979e-14
2.43942e-14
1.84387e-14
1.28555e-14
6.40674e-15
-5.94536e-24
-6.40674e-15
2.90979e-14
2.43942e-14
1.84387e-14
1.28555e-14
6.40674e-15
-5.94536e-24
-6.40674e-15
-1.28555e-14
-1.84387e-14
-2.43942e-14
-2.90979e-14
2.90979e-14
2.43942e-14
1.84387e-14
1.28555e-14
6.40674e-15
-5.94536e-24
-6.40674e-15
-1.28555e-14
-1.84387e-14
-2.43942e-14
-2.90979e-14
2.90979e-14
2.43942e-14
1.84387e-14
1.28555e-14
6.40674e-15
-5.94536e-24
-6.40674e-15
-1.28555e-14
-1.84387e-14
-2.43942e-14
-2.90979e-14
2.90979e-14
2.43942e-14
1.84387e-14
1.28555e-14
6.40674e-15
-5.94536e-24
-6.40674e-15
-1.28555e-14
-1.84387e-14
-2.43942e-14
-2.90979e-14
2.90979e-14
2.43942e-14
1.84387e-14
1.28555e-14
6.40674e-15
-5.94536e-24
)
;
    }
    ami2
    {
        type            cyclicAMI;
        value           nonuniform List<scalar> 0();
    }
    outlet
    {
        type            calculated;
        value           nonuniform List<scalar> 0();
    }
    procBoundary7to5
    {
        type            processor;
        value           nonuniform List<scalar> 
131
(
-9.34984e-22
9.01348e-22
1.76324e-37
-1.55751e-21
1.73624e-21
-1.79717e-21
-1.73624e-21
-3.11502e-21
-3.81871e-21
1.26366e-36
0
9.01348e-22
-1.30245e-21
1.11672e-36
0
2.07554e-21
-2.13202e-21
6.22661e-21
-1.90991e-21
-1.64631e-21
0
-9.01348e-22
-1.2729e-21
-4.93893e-21
1.96677e-21
-4.42529e-21
2.36722e-21
-5.87747e-37
4.73445e-21
0
-3.93354e-21
1.14611e-36
1.32243e-37
1.55751e-21
-1.46937e-38
4.42529e-21
-2.4451e-21
1.38121e-36
3.23261e-37
-5.18262e-21
4.8902e-21
2.21265e-21
-1.90991e-21
-1.631e-36
0
6.22661e-21
0
-2.59131e-21
2.73232e-21
-2.78043e-21
2.73232e-21
1.42529e-36
-2.36722e-21
4.15107e-21
-1.73624e-21
-1.41059e-36
-1.17323e-07
-2.13202e-21
-1.03272e-07
-4.8399e-21
-8.32578e-08
2.6412e-21
-5.83852e-08
-2.78043e-21
-3.00804e-08
6.71011e-37
2.28957e-37
3.71015e-37
7.25985e-21
4.26403e-21
-1.79717e-21
3.47248e-21
2.07554e-21
-1.6163e-37
-2.59131e-21
2.73232e-21
3.00804e-08
2.35099e-37
1.17549e-37
-5.18262e-21
2.36722e-21
4.15107e-21
1.73624e-21
-3.11502e-21
1.90991e-21
0
2.4451e-21
4.11423e-37
5.83852e-08
2.6412e-21
0
5.87747e-38
-2.21265e-21
1.90991e-21
1.55751e-21
-5.09161e-21
1.13141e-36
0
-2.64486e-37
4.70198e-37
8.32578e-08
7.25985e-21
0
0
-1.96677e-21
-1.64631e-21
-1.2729e-21
-1.71457e-36
-1.30245e-21
-1.64631e-21
0
1.64569e-36
1.03272e-07
-2.13202e-21
2.07554e-21
1.90991e-21
1.11672e-36
-1.30245e-21
9.01348e-22
-9.34984e-22
-1.8027e-21
-1.2729e-21
-1.55751e-21
1.73624e-21
1.17323e-07
-1.79717e-21
-1.73624e-21
-3.11502e-21
0
-1.73385e-36
-4.67492e-22
)
;
    }
    procBoundary7to8
    {
        type            processor;
        value           nonuniform List<scalar> 
68
(
4.67492e-22
-9.01348e-22
-1.2729e-21
1.78804e-36
-7.24812e-37
0
2.60491e-21
1.64631e-21
1.90991e-21
-2.07554e-21
1.2729e-21
-1.64631e-21
3.93354e-21
-2.21265e-21
-2.36722e-21
1.17549e-36
-1.90991e-21
4.42529e-21
2.4451e-21
0
-1.73624e-21
2.07554e-21
-2.36722e-21
2.59131e-21
-8.81621e-38
2.78043e-21
1.79717e-21
-5.87747e-38
-2.41995e-21
2.6412e-21
-2.78043e-21
2.82795e-21
-7.05297e-37
-1.08218e-07
2.07554e-21
-9.53421e-08
-2.36722e-21
2.59131e-21
0
5.56087e-21
1.55751e-21
0
3.30149e-08
4.42529e-21
-2.4451e-21
5.18262e-21
-2.6412e-21
-1.76324e-37
1.64631e-21
4.69604e-08
3.93354e-21
4.42529e-21
-2.36722e-21
3.45301e-37
1.73385e-36
7.05297e-37
5.80257e-08
1.64631e-21
-1.90991e-21
2.07554e-21
-2.13202e-21
-4.67492e-22
0
6.5559e-08
0
1.2857e-36
0
7.64071e-37
)
;
    }
    procBoundary7to9
    {
        type            processor;
        value           nonuniform List<scalar> 
59
(
6.46522e-37
-3.47248e-21
1.18009e-36
1.2729e-21
-2.5567e-36
4.67492e-22
2.13202e-21
0
0
1.64631e-21
1.43998e-36
-9.01348e-22
-2.41995e-21
2.36722e-21
0
-1.55753e-36
0
-1.46937e-37
0
0
2.4451e-21
5.87747e-38
1.90991e-21
1.76324e-36
-1.46937e-37
0
1.17549e-37
-2.07554e-21
-5.87747e-37
2.78043e-21
-2.6412e-21
3.52648e-37
-5.87747e-38
6.46522e-37
2.73232e-21
-4.11423e-37
-2.36722e-21
2.07554e-21
-1.73624e-21
0
0
0
2.35099e-37
1.23427e-36
-2.36722e-21
-4.42529e-21
-1.55753e-36
1.64631e-21
2.54581e-21
-2.07554e-21
1.90991e-21
-1.11672e-36
1.30245e-21
0
-7.05297e-37
1.76324e-36
0
-9.01348e-22
4.67492e-22
)
;
    }
}


// ************************************************************************* //
