/*--------------------------------*- C++ -*----------------------------------*\
| =========                 |                                                 |
| \\      /  F ield         | OpenFOAM: The Open Source CFD Toolbox           |
|  \\    /   O peration     | Version:  2212                                  |
|   \\  /    A nd           | Website:  www.openfoam.com                      |
|    \\/     M anipulation  |                                                 |
\*---------------------------------------------------------------------------*/
FoamFile
{
    version     2.0;
    format      ascii;
    arch        "LSB;label=32;scalar=64";
    class       vectorField;
    location    "2.95/polyMesh";
    object      points;
}
// * * * * * * * * * * * * * * * * * * * * * * * * * * * * * * * * * * * * * //


982
(
(0.108 0.0165763 0.0111904)
(0.11 0.0165763 0.0111904)
(0.112 0.0165763 0.0111904)
(0.114 0.0165763 0.0111904)
(0.116 0.0165763 0.0111904)
(0.118 0.0165763 0.0111904)
(0.12 0.0165763 0.0111904)
(0.108 0.0148151 0.0134355)
(0.11 0.0148151 0.0134355)
(0.112 0.0148151 0.0134355)
(0.114 0.0148151 0.0134355)
(0.116 0.0148151 0.0134355)
(0.118 0.0148151 0.0134355)
(0.12 0.0148151 0.0134355)
(0.108 0.0127522 0.0154072)
(0.11 0.0127522 0.0154072)
(0.112 0.0127522 0.0154072)
(0.114 0.0127522 0.0154072)
(0.116 0.0127522 0.0154072)
(0.118 0.0127522 0.0154072)
(0.12 0.0127522 0.0154072)
(0.108 0.0104297 0.0170652)
(0.11 0.0104297 0.0170652)
(0.112 0.0104297 0.0170652)
(0.114 0.0104297 0.0170652)
(0.116 0.0104297 0.0170652)
(0.118 0.0104297 0.0170652)
(0.12 0.0104297 0.0170652)
(0.11 0.00789493 0.0183758)
(0.112 0.00789493 0.0183758)
(0.114 0.00789493 0.0183758)
(0.116 0.00789493 0.0183758)
(0.118 0.00789493 0.0183758)
(0.12 0.00789493 0.0183758)
(0.11 0.00519943 0.0193123)
(0.112 0.00519943 0.0193123)
(0.114 0.00519943 0.0193123)
(0.116 0.00519943 0.0193123)
(0.118 0.00519943 0.0193123)
(0.12 0.00519943 0.0193123)
(0.112 0.00239807 0.0198557)
(0.114 0.00239807 0.0198557)
(0.116 0.00239807 0.0198557)
(0.118 0.00239807 0.0198557)
(0.12 0.00239807 0.0198557)
(0.112 -0.000452098 0.0199949)
(0.114 -0.000452098 0.0199949)
(0.116 -0.000452098 0.0199949)
(0.118 -0.000452098 0.0199949)
(0.12 -0.000452098 0.0199949)
(0.112 -0.00329307 0.019727)
(0.114 -0.00329307 0.019727)
(0.116 -0.00329307 0.019727)
(0.118 -0.00329307 0.019727)
(0.12 -0.00329307 0.019727)
(0.11 -0.006067 0.0190576)
(0.112 -0.006067 0.0190576)
(0.114 -0.006067 0.0190576)
(0.116 -0.006067 0.0190576)
(0.118 -0.006067 0.0190576)
(0.12 -0.006067 0.0190576)
(0.11 -0.00871742 0.0180002)
(0.112 -0.00871742 0.0180002)
(0.114 -0.00871742 0.0180002)
(0.116 -0.00871742 0.0180002)
(0.118 -0.00871742 0.0180002)
(0.12 -0.00871742 0.0180002)
(0.11 -0.0111904 0.0165763)
(0.112 -0.0111904 0.0165763)
(0.114 -0.0111904 0.0165763)
(0.116 -0.0111904 0.0165763)
(0.118 -0.0111904 0.0165763)
(0.12 -0.0111904 0.0165763)
(0.108 0.0180002 0.00871742)
(0.11 0.0180002 0.00871742)
(0.112 0.0180002 0.00871742)
(0.114 0.0180002 0.00871742)
(0.116 0.0180002 0.00871742)
(0.118 0.0180002 0.00871742)
(0.12 0.0180002 0.00871742)
(0.108 0.0158407 0.0106937)
(0.11 0.0158407 0.0106937)
(0.112 0.0158407 0.0106937)
(0.114 0.0158407 0.0106937)
(0.116 0.0158407 0.0106937)
(0.118 0.0158407 0.0106937)
(0.12 0.0158407 0.0106937)
(0.108 0.0133908 0.0124547)
(0.11 0.0133908 0.0124547)
(0.112 0.0133908 0.0124547)
(0.114 0.0133908 0.0124547)
(0.116 0.0133908 0.0124547)
(0.118 0.0133908 0.0124547)
(0.12 0.0133908 0.0124547)
(0.108 0.0106938 0.0139658)
(0.11 0.0106938 0.0139658)
(0.112 0.0106938 0.0139658)
(0.114 0.0106938 0.0139658)
(0.116 0.0106938 0.0139658)
(0.118 0.0106938 0.0139658)
(0.12 0.0106938 0.0139658)
(0.11 0.0077976 0.0151976)
(0.112 0.0077976 0.0151976)
(0.114 0.0077976 0.0151976)
(0.116 0.0077976 0.0151976)
(0.118 0.0077976 0.0151976)
(0.12 0.0077976 0.0151976)
(0.11 0.00475449 0.0161264)
(0.112 0.00475449 0.0161264)
(0.114 0.00475449 0.0161264)
(0.116 0.00475449 0.0161264)
(0.118 0.00475449 0.0161264)
(0.12 0.00475449 0.0161264)
(0.11 0.00161959 0.0167345)
(0.112 0.00161959 0.0167345)
(0.114 0.00161959 0.0167345)
(0.116 0.00161959 0.0167345)
(0.118 0.00161959 0.0167345)
(0.12 0.00161959 0.0167345)
(0.11 -0.00155007 0.0170108)
(0.112 -0.00155007 0.0170108)
(0.114 -0.00155007 0.0170108)
(0.116 -0.00155007 0.0170108)
(0.118 -0.00155007 0.0170108)
(0.12 -0.00155007 0.0170108)
(0.112 -0.00469674 0.0169512)
(0.114 -0.00469674 0.0169512)
(0.116 -0.00469674 0.0169512)
(0.118 -0.00469674 0.0169512)
(0.12 -0.00469674 0.0169512)
(0.11 -0.00776318 0.016558)
(0.112 -0.00776318 0.016558)
(0.114 -0.00776318 0.016558)
(0.116 -0.00776318 0.016558)
(0.118 -0.00776318 0.016558)
(0.12 -0.00776318 0.016558)
(0.11 -0.0106937 0.0158407)
(0.112 -0.0106937 0.0158407)
(0.114 -0.0106937 0.0158407)
(0.116 -0.0106937 0.0158407)
(0.118 -0.0106937 0.0158407)
(0.12 -0.0106937 0.0158407)
(0.11 -0.0134355 0.0148151)
(0.112 -0.0134355 0.0148151)
(0.114 -0.0134355 0.0148151)
(0.116 -0.0134355 0.0148151)
(0.118 -0.0134355 0.0148151)
(0.12 -0.0134355 0.0148151)
(0.11 0.0190576 0.006067)
(0.112 0.0190576 0.006067)
(0.114 0.0190576 0.006067)
(0.116 0.0190576 0.006067)
(0.118 0.0190576 0.006067)
(0.12 0.0190576 0.006067)
(0.108 0.016558 0.00776318)
(0.11 0.016558 0.00776318)
(0.112 0.016558 0.00776318)
(0.114 0.016558 0.00776318)
(0.116 0.016558 0.00776318)
(0.118 0.016558 0.00776318)
(0.12 0.016558 0.00776318)
(0.108 0.0137794 0.0093022)
(0.11 0.0137794 0.0093022)
(0.112 0.0137794 0.0093022)
(0.114 0.0137794 0.0093022)
(0.116 0.0137794 0.0093022)
(0.118 0.0137794 0.0093022)
(0.12 0.0137794 0.0093022)
(0.11 0.0107659 0.0106551)
(0.112 0.0107659 0.0106551)
(0.114 0.0107659 0.0106551)
(0.116 0.0107659 0.0106551)
(0.118 0.0107659 0.0106551)
(0.12 0.0107659 0.0106551)
(0.11 0.00756654 0.0117969)
(0.112 0.00756654 0.0117969)
(0.114 0.00756654 0.0117969)
(0.116 0.00756654 0.0117969)
(0.118 0.00756654 0.0117969)
(0.12 0.00756654 0.0117969)
(0.11 0.004234 0.0127065)
(0.112 0.004234 0.0127065)
(0.114 0.004234 0.0127065)
(0.116 0.004234 0.0127065)
(0.118 0.004234 0.0127065)
(0.12 0.004234 0.0127065)
(0.11 0.000823734 0.013368)
(0.112 0.000823734 0.013368)
(0.114 0.000823734 0.013368)
(0.116 0.000823734 0.013368)
(0.118 0.000823734 0.013368)
(0.12 0.000823734 0.013368)
(0.11 -0.00260723 0.0137703)
(0.112 -0.00260723 0.0137703)
(0.114 -0.00260723 0.0137703)
(0.116 -0.00260723 0.0137703)
(0.118 -0.00260723 0.0137703)
(0.12 -0.00260723 0.0137703)
(0.11 -0.00600144 0.0139075)
(0.112 -0.00600144 0.0139075)
(0.114 -0.00600144 0.0139075)
(0.116 -0.00600144 0.0139075)
(0.118 -0.00600144 0.0139075)
(0.12 -0.00600144 0.0139075)
(0.11 -0.0093022 0.0137794)
(0.112 -0.0093022 0.0137794)
(0.114 -0.0093022 0.0137794)
(0.116 -0.0093022 0.0137794)
(0.118 -0.0093022 0.0137794)
(0.12 -0.0093022 0.0137794)
(0.11 -0.0124547 0.0133908)
(0.112 -0.0124547 0.0133908)
(0.114 -0.0124547 0.0133908)
(0.116 -0.0124547 0.0133908)
(0.118 -0.0124547 0.0133908)
(0.12 -0.0124547 0.0133908)
(0.11 -0.0154072 0.0127522)
(0.112 -0.0154072 0.0127522)
(0.114 -0.0154072 0.0127522)
(0.116 -0.0154072 0.0127522)
(0.118 -0.0154072 0.0127522)
(0.12 -0.0154072 0.0127522)
(0.112 0.019727 0.00329307)
(0.114 0.019727 0.00329307)
(0.116 0.019727 0.00329307)
(0.118 0.019727 0.00329307)
(0.12 0.019727 0.00329307)
(0.11 0.0169512 0.00469674)
(0.112 0.0169512 0.00469674)
(0.114 0.0169512 0.00469674)
(0.116 0.0169512 0.00469674)
(0.118 0.0169512 0.00469674)
(0.12 0.0169512 0.00469674)
(0.11 0.0139075 0.00600144)
(0.112 0.0139075 0.00600144)
(0.114 0.0139075 0.00600144)
(0.116 0.0139075 0.00600144)
(0.118 0.0139075 0.00600144)
(0.12 0.0139075 0.00600144)
(0.11 0.0106414 0.00718384)
(0.112 0.0106414 0.00718384)
(0.114 0.0106414 0.00718384)
(0.116 0.0106414 0.00718384)
(0.118 0.0106414 0.00718384)
(0.12 0.0106414 0.00718384)
(0.11 0.00720265 0.00822311)
(0.112 0.00720265 0.00822311)
(0.114 0.00720265 0.00822311)
(0.116 0.00720265 0.00822311)
(0.118 0.00720265 0.00822311)
(0.12 0.00720265 0.00822311)
(0.11 0.00364447 0.00910133)
(0.112 0.00364447 0.00910133)
(0.114 0.00364447 0.00910133)
(0.116 0.00364447 0.00910133)
(0.118 0.00364447 0.00910133)
(0.12 0.00364447 0.00910133)
(0.108 2.26127e-05 0.00980387)
(0.11 2.26127e-05 0.00980387)
(0.112 2.26127e-05 0.00980387)
(0.114 2.26127e-05 0.00980387)
(0.116 2.26127e-05 0.00980387)
(0.118 2.26127e-05 0.00980387)
(0.12 2.26127e-05 0.00980387)
(0.108 -0.00360588 0.0103197)
(0.11 -0.00360588 0.0103197)
(0.112 -0.00360588 0.0103197)
(0.114 -0.00360588 0.0103197)
(0.116 -0.00360588 0.0103197)
(0.118 -0.00360588 0.0103197)
(0.12 -0.00360588 0.0103197)
(0.11 -0.00718384 0.0106414)
(0.112 -0.00718384 0.0106414)
(0.114 -0.00718384 0.0106414)
(0.116 -0.00718384 0.0106414)
(0.118 -0.00718384 0.0106414)
(0.12 -0.00718384 0.0106414)
(0.11 -0.0106551 0.0107659)
(0.112 -0.0106551 0.0107659)
(0.114 -0.0106551 0.0107659)
(0.116 -0.0106551 0.0107659)
(0.118 -0.0106551 0.0107659)
(0.12 -0.0106551 0.0107659)
(0.11 -0.0139658 0.0106938)
(0.112 -0.0139658 0.0106938)
(0.114 -0.0139658 0.0106938)
(0.116 -0.0139658 0.0106938)
(0.118 -0.0139658 0.0106938)
(0.12 -0.0139658 0.0106938)
(0.11 -0.0170652 0.0104297)
(0.112 -0.0170652 0.0104297)
(0.114 -0.0170652 0.0104297)
(0.116 -0.0170652 0.0104297)
(0.118 -0.0170652 0.0104297)
(0.12 -0.0170652 0.0104297)
(0.11 0.0199949 0.000452098)
(0.112 0.0199949 0.000452098)
(0.114 0.0199949 0.000452098)
(0.116 0.0199949 0.000452098)
(0.118 0.0199949 0.000452098)
(0.12 0.0199949 0.000452098)
(0.11 0.0170108 0.00155007)
(0.112 0.0170108 0.00155007)
(0.114 0.0170108 0.00155007)
(0.116 0.0170108 0.00155007)
(0.118 0.0170108 0.00155007)
(0.12 0.0170108 0.00155007)
(0.108 0.0137703 0.00260723)
(0.11 0.0137703 0.00260723)
(0.112 0.0137703 0.00260723)
(0.114 0.0137703 0.00260723)
(0.116 0.0137703 0.00260723)
(0.118 0.0137703 0.00260723)
(0.12 0.0137703 0.00260723)
(0.108 0.0103197 0.00360588)
(0.11 0.0103197 0.00360588)
(0.112 0.0103197 0.00360588)
(0.114 0.0103197 0.00360588)
(0.116 0.0103197 0.00360588)
(0.118 0.0103197 0.00360588)
(0.12 0.0103197 0.00360588)
(0.108 0.00670954 0.00452948)
(0.11 0.00670954 0.00452948)
(0.112 0.00670954 0.00452948)
(0.114 0.00670954 0.00452948)
(0.116 0.00670954 0.00452948)
(0.118 0.00670954 0.00452948)
(0.12 0.00670954 0.00452948)
(0.108 0.00299379 0.00536305)
(0.11 0.00299379 0.00536305)
(0.112 0.00299379 0.00536305)
(0.114 0.00299379 0.00536305)
(0.116 0.00299379 0.00536305)
(0.118 0.00299379 0.00536305)
(0.12 0.00299379 0.00536305)
(0.108 -0.000771557 0.00609343)
(0.11 -0.000771557 0.00609343)
(0.112 -0.000771557 0.00609343)
(0.114 -0.000771557 0.00609343)
(0.116 -0.000771557 0.00609343)
(0.118 -0.000771557 0.00609343)
(0.12 -0.000771557 0.00609343)
(0.108 -0.00452948 0.00670954)
(0.11 -0.00452948 0.00670954)
(0.112 -0.00452948 0.00670954)
(0.114 -0.00452948 0.00670954)
(0.116 -0.00452948 0.00670954)
(0.118 -0.00452948 0.00670954)
(0.12 -0.00452948 0.00670954)
(0.108 -0.00822311 0.00720265)
(0.11 -0.00822311 0.00720265)
(0.112 -0.00822311 0.00720265)
(0.114 -0.00822311 0.00720265)
(0.116 -0.00822311 0.00720265)
(0.118 -0.00822311 0.00720265)
(0.12 -0.00822311 0.00720265)
(0.108 -0.0117969 0.00756654)
(0.11 -0.0117969 0.00756654)
(0.112 -0.0117969 0.00756654)
(0.114 -0.0117969 0.00756654)
(0.116 -0.0117969 0.00756654)
(0.118 -0.0117969 0.00756654)
(0.12 -0.0117969 0.00756654)
(0.108 -0.0151976 0.0077976)
(0.11 -0.0151976 0.0077976)
(0.112 -0.0151976 0.0077976)
(0.114 -0.0151976 0.0077976)
(0.116 -0.0151976 0.0077976)
(0.118 -0.0151976 0.0077976)
(0.12 -0.0151976 0.0077976)
(0.11 -0.0183758 0.00789493)
(0.112 -0.0183758 0.00789493)
(0.114 -0.0183758 0.00789493)
(0.116 -0.0183758 0.00789493)
(0.118 -0.0183758 0.00789493)
(0.12 -0.0183758 0.00789493)
(0.11 0.0198557 -0.00239807)
(0.112 0.0198557 -0.00239807)
(0.114 0.0198557 -0.00239807)
(0.116 0.0198557 -0.00239807)
(0.118 0.0198557 -0.00239807)
(0.12 0.0198557 -0.00239807)
(0.11 0.0167345 -0.00161959)
(0.112 0.0167345 -0.00161959)
(0.114 0.0167345 -0.00161959)
(0.116 0.0167345 -0.00161959)
(0.118 0.0167345 -0.00161959)
(0.12 0.0167345 -0.00161959)
(0.106 0.013368 -0.000823734)
(0.108 0.013368 -0.000823734)
(0.11 0.013368 -0.000823734)
(0.112 0.013368 -0.000823734)
(0.114 0.013368 -0.000823734)
(0.116 0.013368 -0.000823734)
(0.118 0.013368 -0.000823734)
(0.12 0.013368 -0.000823734)
(0.106 0.00980387 -2.26127e-05)
(0.108 0.00980387 -2.26127e-05)
(0.11 0.00980387 -2.26127e-05)
(0.112 0.00980387 -2.26127e-05)
(0.114 0.00980387 -2.26127e-05)
(0.116 0.00980387 -2.26127e-05)
(0.118 0.00980387 -2.26127e-05)
(0.12 0.00980387 -2.26127e-05)
(0.106 0.00609343 0.000771557)
(0.108 0.00609343 0.000771557)
(0.11 0.00609343 0.000771557)
(0.112 0.00609343 0.000771557)
(0.114 0.00609343 0.000771557)
(0.116 0.00609343 0.000771557)
(0.118 0.00609343 0.000771557)
(0.12 0.00609343 0.000771557)
(0.106 0.00229113 0.0015467)
(0.108 0.00229113 0.0015467)
(0.11 0.00229113 0.0015467)
(0.112 0.00229113 0.0015467)
(0.114 0.00229113 0.0015467)
(0.116 0.00229113 0.0015467)
(0.118 0.00229113 0.0015467)
(0.12 0.00229113 0.0015467)
(0.108 -0.0015467 0.00229113)
(0.11 -0.0015467 0.00229113)
(0.112 -0.0015467 0.00229113)
(0.114 -0.0015467 0.00229113)
(0.116 -0.0015467 0.00229113)
(0.118 -0.0015467 0.00229113)
(0.12 -0.0015467 0.00229113)
(0.108 -0.00536305 0.00299379)
(0.11 -0.00536305 0.00299379)
(0.112 -0.00536305 0.00299379)
(0.114 -0.00536305 0.00299379)
(0.116 -0.00536305 0.00299379)
(0.118 -0.00536305 0.00299379)
(0.12 -0.00536305 0.00299379)
(0.108 -0.00910133 0.00364447)
(0.11 -0.00910133 0.00364447)
(0.112 -0.00910133 0.00364447)
(0.114 -0.00910133 0.00364447)
(0.116 -0.00910133 0.00364447)
(0.118 -0.00910133 0.00364447)
(0.12 -0.00910133 0.00364447)
(0.108 -0.0127065 0.004234)
(0.11 -0.0127065 0.004234)
(0.112 -0.0127065 0.004234)
(0.114 -0.0127065 0.004234)
(0.116 -0.0127065 0.004234)
(0.118 -0.0127065 0.004234)
(0.12 -0.0127065 0.004234)
(0.108 -0.0161264 0.00475449)
(0.11 -0.0161264 0.00475449)
(0.112 -0.0161264 0.00475449)
(0.114 -0.0161264 0.00475449)
(0.116 -0.0161264 0.00475449)
(0.118 -0.0161264 0.00475449)
(0.12 -0.0161264 0.00475449)
(0.108 -0.0193123 0.00519943)
(0.11 -0.0193123 0.00519943)
(0.112 -0.0193123 0.00519943)
(0.114 -0.0193123 0.00519943)
(0.116 -0.0193123 0.00519943)
(0.118 -0.0193123 0.00519943)
(0.12 -0.0193123 0.00519943)
(0.108 0.0193123 -0.00519943)
(0.11 0.0193123 -0.00519943)
(0.112 0.0193123 -0.00519943)
(0.114 0.0193123 -0.00519943)
(0.116 0.0193123 -0.00519943)
(0.118 0.0193123 -0.00519943)
(0.12 0.0193123 -0.00519943)
(0.108 0.0161264 -0.00475449)
(0.11 0.0161264 -0.00475449)
(0.112 0.0161264 -0.00475449)
(0.114 0.0161264 -0.00475449)
(0.116 0.0161264 -0.00475449)
(0.118 0.0161264 -0.00475449)
(0.12 0.0161264 -0.00475449)
(0.106 0.0127065 -0.004234)
(0.108 0.0127065 -0.004234)
(0.11 0.0127065 -0.004234)
(0.112 0.0127065 -0.004234)
(0.114 0.0127065 -0.004234)
(0.116 0.0127065 -0.004234)
(0.118 0.0127065 -0.004234)
(0.12 0.0127065 -0.004234)
(0.106 0.00910133 -0.00364447)
(0.108 0.00910133 -0.00364447)
(0.11 0.00910133 -0.00364447)
(0.112 0.00910133 -0.00364447)
(0.114 0.00910133 -0.00364447)
(0.116 0.00910133 -0.00364447)
(0.118 0.00910133 -0.00364447)
(0.12 0.00910133 -0.00364447)
(0.106 0.00536305 -0.00299379)
(0.108 0.00536305 -0.00299379)
(0.11 0.00536305 -0.00299379)
(0.112 0.00536305 -0.00299379)
(0.114 0.00536305 -0.00299379)
(0.116 0.00536305 -0.00299379)
(0.118 0.00536305 -0.00299379)
(0.12 0.00536305 -0.00299379)
(0.106 0.0015467 -0.00229113)
(0.108 0.0015467 -0.00229113)
(0.11 0.0015467 -0.00229113)
(0.112 0.0015467 -0.00229113)
(0.114 0.0015467 -0.00229113)
(0.116 0.0015467 -0.00229113)
(0.118 0.0015467 -0.00229113)
(0.12 0.0015467 -0.00229113)
(0.108 -0.00229113 -0.0015467)
(0.11 -0.00229113 -0.0015467)
(0.112 -0.00229113 -0.0015467)
(0.114 -0.00229113 -0.0015467)
(0.116 -0.00229113 -0.0015467)
(0.118 -0.00229113 -0.0015467)
(0.12 -0.00229113 -0.0015467)
(0.108 -0.00609343 -0.000771557)
(0.11 -0.00609343 -0.000771557)
(0.112 -0.00609343 -0.000771557)
(0.114 -0.00609343 -0.000771557)
(0.116 -0.00609343 -0.000771557)
(0.118 -0.00609343 -0.000771557)
(0.12 -0.00609343 -0.000771557)
(0.108 -0.00980387 2.26127e-05)
(0.11 -0.00980387 2.26127e-05)
(0.112 -0.00980387 2.26127e-05)
(0.114 -0.00980387 2.26127e-05)
(0.116 -0.00980387 2.26127e-05)
(0.118 -0.00980387 2.26127e-05)
(0.12 -0.00980387 2.26127e-05)
(0.108 -0.013368 0.000823734)
(0.11 -0.013368 0.000823734)
(0.112 -0.013368 0.000823734)
(0.114 -0.013368 0.000823734)
(0.116 -0.013368 0.000823734)
(0.118 -0.013368 0.000823734)
(0.12 -0.013368 0.000823734)
(0.108 -0.0167345 0.00161959)
(0.11 -0.0167345 0.00161959)
(0.112 -0.0167345 0.00161959)
(0.114 -0.0167345 0.00161959)
(0.116 -0.0167345 0.00161959)
(0.118 -0.0167345 0.00161959)
(0.12 -0.0167345 0.00161959)
(0.108 -0.0198557 0.00239807)
(0.11 -0.0198557 0.00239807)
(0.112 -0.0198557 0.00239807)
(0.114 -0.0198557 0.00239807)
(0.116 -0.0198557 0.00239807)
(0.118 -0.0198557 0.00239807)
(0.12 -0.0198557 0.00239807)
(0.108 0.0183758 -0.00789493)
(0.11 0.0183758 -0.00789493)
(0.112 0.0183758 -0.00789493)
(0.114 0.0183758 -0.00789493)
(0.116 0.0183758 -0.00789493)
(0.118 0.0183758 -0.00789493)
(0.12 0.0183758 -0.00789493)
(0.108 0.0151976 -0.0077976)
(0.11 0.0151976 -0.0077976)
(0.112 0.0151976 -0.0077976)
(0.114 0.0151976 -0.0077976)
(0.116 0.0151976 -0.0077976)
(0.118 0.0151976 -0.0077976)
(0.12 0.0151976 -0.0077976)
(0.108 0.0117969 -0.00756654)
(0.11 0.0117969 -0.00756654)
(0.112 0.0117969 -0.00756654)
(0.114 0.0117969 -0.00756654)
(0.116 0.0117969 -0.00756654)
(0.118 0.0117969 -0.00756654)
(0.12 0.0117969 -0.00756654)
(0.108 0.00822311 -0.00720265)
(0.11 0.00822311 -0.00720265)
(0.112 0.00822311 -0.00720265)
(0.114 0.00822311 -0.00720265)
(0.116 0.00822311 -0.00720265)
(0.118 0.00822311 -0.00720265)
(0.12 0.00822311 -0.00720265)
(0.108 0.00452948 -0.00670954)
(0.11 0.00452948 -0.00670954)
(0.112 0.00452948 -0.00670954)
(0.114 0.00452948 -0.00670954)
(0.116 0.00452948 -0.00670954)
(0.118 0.00452948 -0.00670954)
(0.12 0.00452948 -0.00670954)
(0.108 0.000771557 -0.00609343)
(0.11 0.000771557 -0.00609343)
(0.112 0.000771557 -0.00609343)
(0.114 0.000771557 -0.00609343)
(0.116 0.000771557 -0.00609343)
(0.118 0.000771557 -0.00609343)
(0.12 0.000771557 -0.00609343)
(0.108 -0.00299379 -0.00536305)
(0.11 -0.00299379 -0.00536305)
(0.112 -0.00299379 -0.00536305)
(0.114 -0.00299379 -0.00536305)
(0.116 -0.00299379 -0.00536305)
(0.118 -0.00299379 -0.00536305)
(0.12 -0.00299379 -0.00536305)
(0.108 -0.00670954 -0.00452948)
(0.11 -0.00670954 -0.00452948)
(0.112 -0.00670954 -0.00452948)
(0.114 -0.00670954 -0.00452948)
(0.116 -0.00670954 -0.00452948)
(0.118 -0.00670954 -0.00452948)
(0.12 -0.00670954 -0.00452948)
(0.108 -0.0103197 -0.00360588)
(0.11 -0.0103197 -0.00360588)
(0.112 -0.0103197 -0.00360588)
(0.114 -0.0103197 -0.00360588)
(0.116 -0.0103197 -0.00360588)
(0.118 -0.0103197 -0.00360588)
(0.12 -0.0103197 -0.00360588)
(0.108 -0.0137703 -0.00260723)
(0.11 -0.0137703 -0.00260723)
(0.112 -0.0137703 -0.00260723)
(0.114 -0.0137703 -0.00260723)
(0.116 -0.0137703 -0.00260723)
(0.118 -0.0137703 -0.00260723)
(0.12 -0.0137703 -0.00260723)
(0.108 -0.0170108 -0.00155007)
(0.11 -0.0170108 -0.00155007)
(0.112 -0.0170108 -0.00155007)
(0.114 -0.0170108 -0.00155007)
(0.116 -0.0170108 -0.00155007)
(0.118 -0.0170108 -0.00155007)
(0.12 -0.0170108 -0.00155007)
(0.108 -0.0199949 -0.000452098)
(0.11 -0.0199949 -0.000452098)
(0.112 -0.0199949 -0.000452098)
(0.114 -0.0199949 -0.000452098)
(0.116 -0.0199949 -0.000452098)
(0.118 -0.0199949 -0.000452098)
(0.12 -0.0199949 -0.000452098)
(0.108 0.0170652 -0.0104297)
(0.11 0.0170652 -0.0104297)
(0.112 0.0170652 -0.0104297)
(0.114 0.0170652 -0.0104297)
(0.116 0.0170652 -0.0104297)
(0.118 0.0170652 -0.0104297)
(0.12 0.0170652 -0.0104297)
(0.108 0.0139658 -0.0106938)
(0.11 0.0139658 -0.0106938)
(0.112 0.0139658 -0.0106938)
(0.114 0.0139658 -0.0106938)
(0.116 0.0139658 -0.0106938)
(0.118 0.0139658 -0.0106938)
(0.12 0.0139658 -0.0106938)
(0.108 0.0106551 -0.0107659)
(0.11 0.0106551 -0.0107659)
(0.112 0.0106551 -0.0107659)
(0.114 0.0106551 -0.0107659)
(0.116 0.0106551 -0.0107659)
(0.118 0.0106551 -0.0107659)
(0.12 0.0106551 -0.0107659)
(0.108 0.00718384 -0.0106414)
(0.11 0.00718384 -0.0106414)
(0.112 0.00718384 -0.0106414)
(0.114 0.00718384 -0.0106414)
(0.116 0.00718384 -0.0106414)
(0.118 0.00718384 -0.0106414)
(0.12 0.00718384 -0.0106414)
(0.108 0.00360588 -0.0103197)
(0.11 0.00360588 -0.0103197)
(0.112 0.00360588 -0.0103197)
(0.114 0.00360588 -0.0103197)
(0.116 0.00360588 -0.0103197)
(0.118 0.00360588 -0.0103197)
(0.12 0.00360588 -0.0103197)
(0.108 -2.26127e-05 -0.00980387)
(0.11 -2.26127e-05 -0.00980387)
(0.112 -2.26127e-05 -0.00980387)
(0.114 -2.26127e-05 -0.00980387)
(0.116 -2.26127e-05 -0.00980387)
(0.118 -2.26127e-05 -0.00980387)
(0.12 -2.26127e-05 -0.00980387)
(0.108 -0.00364447 -0.00910133)
(0.11 -0.00364447 -0.00910133)
(0.112 -0.00364447 -0.00910133)
(0.114 -0.00364447 -0.00910133)
(0.116 -0.00364447 -0.00910133)
(0.118 -0.00364447 -0.00910133)
(0.12 -0.00364447 -0.00910133)
(0.108 -0.00720265 -0.00822311)
(0.11 -0.00720265 -0.00822311)
(0.112 -0.00720265 -0.00822311)
(0.114 -0.00720265 -0.00822311)
(0.116 -0.00720265 -0.00822311)
(0.118 -0.00720265 -0.00822311)
(0.12 -0.00720265 -0.00822311)
(0.108 -0.0106414 -0.00718384)
(0.11 -0.0106414 -0.00718384)
(0.112 -0.0106414 -0.00718384)
(0.114 -0.0106414 -0.00718384)
(0.116 -0.0106414 -0.00718384)
(0.118 -0.0106414 -0.00718384)
(0.12 -0.0106414 -0.00718384)
(0.108 -0.0139075 -0.00600144)
(0.11 -0.0139075 -0.00600144)
(0.112 -0.0139075 -0.00600144)
(0.114 -0.0139075 -0.00600144)
(0.116 -0.0139075 -0.00600144)
(0.118 -0.0139075 -0.00600144)
(0.12 -0.0139075 -0.00600144)
(0.108 -0.0169512 -0.00469674)
(0.11 -0.0169512 -0.00469674)
(0.112 -0.0169512 -0.00469674)
(0.114 -0.0169512 -0.00469674)
(0.116 -0.0169512 -0.00469674)
(0.118 -0.0169512 -0.00469674)
(0.12 -0.0169512 -0.00469674)
(0.108 -0.019727 -0.00329307)
(0.11 -0.019727 -0.00329307)
(0.112 -0.019727 -0.00329307)
(0.114 -0.019727 -0.00329307)
(0.116 -0.019727 -0.00329307)
(0.118 -0.019727 -0.00329307)
(0.12 -0.019727 -0.00329307)
(0.108 0.0154072 -0.0127522)
(0.11 0.0154072 -0.0127522)
(0.112 0.0154072 -0.0127522)
(0.114 0.0154072 -0.0127522)
(0.116 0.0154072 -0.0127522)
(0.118 0.0154072 -0.0127522)
(0.12 0.0154072 -0.0127522)
(0.108 0.0124547 -0.0133908)
(0.11 0.0124547 -0.0133908)
(0.112 0.0124547 -0.0133908)
(0.114 0.0124547 -0.0133908)
(0.116 0.0124547 -0.0133908)
(0.118 0.0124547 -0.0133908)
(0.12 0.0124547 -0.0133908)
(0.108 0.0093022 -0.0137794)
(0.11 0.0093022 -0.0137794)
(0.112 0.0093022 -0.0137794)
(0.114 0.0093022 -0.0137794)
(0.116 0.0093022 -0.0137794)
(0.118 0.0093022 -0.0137794)
(0.12 0.0093022 -0.0137794)
(0.108 0.00600144 -0.0139075)
(0.11 0.00600144 -0.0139075)
(0.112 0.00600144 -0.0139075)
(0.114 0.00600144 -0.0139075)
(0.116 0.00600144 -0.0139075)
(0.118 0.00600144 -0.0139075)
(0.12 0.00600144 -0.0139075)
(0.108 0.00260723 -0.0137703)
(0.11 0.00260723 -0.0137703)
(0.112 0.00260723 -0.0137703)
(0.114 0.00260723 -0.0137703)
(0.116 0.00260723 -0.0137703)
(0.118 0.00260723 -0.0137703)
(0.12 0.00260723 -0.0137703)
(0.108 -0.000823734 -0.013368)
(0.11 -0.000823734 -0.013368)
(0.112 -0.000823734 -0.013368)
(0.114 -0.000823734 -0.013368)
(0.116 -0.000823734 -0.013368)
(0.118 -0.000823734 -0.013368)
(0.12 -0.000823734 -0.013368)
(0.108 -0.004234 -0.0127065)
(0.11 -0.004234 -0.0127065)
(0.112 -0.004234 -0.0127065)
(0.114 -0.004234 -0.0127065)
(0.116 -0.004234 -0.0127065)
(0.118 -0.004234 -0.0127065)
(0.12 -0.004234 -0.0127065)
(0.108 -0.00756654 -0.0117969)
(0.11 -0.00756654 -0.0117969)
(0.112 -0.00756654 -0.0117969)
(0.114 -0.00756654 -0.0117969)
(0.116 -0.00756654 -0.0117969)
(0.118 -0.00756654 -0.0117969)
(0.12 -0.00756654 -0.0117969)
(0.108 -0.0107659 -0.0106551)
(0.11 -0.0107659 -0.0106551)
(0.112 -0.0107659 -0.0106551)
(0.114 -0.0107659 -0.0106551)
(0.116 -0.0107659 -0.0106551)
(0.118 -0.0107659 -0.0106551)
(0.12 -0.0107659 -0.0106551)
(0.108 -0.0137794 -0.0093022)
(0.11 -0.0137794 -0.0093022)
(0.112 -0.0137794 -0.0093022)
(0.114 -0.0137794 -0.0093022)
(0.116 -0.0137794 -0.0093022)
(0.118 -0.0137794 -0.0093022)
(0.12 -0.0137794 -0.0093022)
(0.108 -0.016558 -0.00776318)
(0.11 -0.016558 -0.00776318)
(0.112 -0.016558 -0.00776318)
(0.114 -0.016558 -0.00776318)
(0.116 -0.016558 -0.00776318)
(0.118 -0.016558 -0.00776318)
(0.12 -0.016558 -0.00776318)
(0.108 -0.0190576 -0.006067)
(0.11 -0.0190576 -0.006067)
(0.112 -0.0190576 -0.006067)
(0.114 -0.0190576 -0.006067)
(0.116 -0.0190576 -0.006067)
(0.118 -0.0190576 -0.006067)
(0.12 -0.0190576 -0.006067)
(0.108 0.0134355 -0.0148151)
(0.11 0.0134355 -0.0148151)
(0.112 0.0134355 -0.0148151)
(0.114 0.0134355 -0.0148151)
(0.116 0.0134355 -0.0148151)
(0.118 0.0134355 -0.0148151)
(0.12 0.0134355 -0.0148151)
(0.108 0.0106937 -0.0158407)
(0.11 0.0106937 -0.0158407)
(0.112 0.0106937 -0.0158407)
(0.114 0.0106937 -0.0158407)
(0.116 0.0106937 -0.0158407)
(0.118 0.0106937 -0.0158407)
(0.12 0.0106937 -0.0158407)
(0.104 0.00776318 -0.016558)
(0.106 0.00776318 -0.016558)
(0.108 0.00776318 -0.016558)
(0.11 0.00776318 -0.016558)
(0.112 0.00776318 -0.016558)
(0.114 0.00776318 -0.016558)
(0.116 0.00776318 -0.016558)
(0.118 0.00776318 -0.016558)
(0.12 0.00776318 -0.016558)
(0.104 0.00469674 -0.0169512)
(0.106 0.00469674 -0.0169512)
(0.108 0.00469674 -0.0169512)
(0.11 0.00469674 -0.0169512)
(0.112 0.00469674 -0.0169512)
(0.114 0.00469674 -0.0169512)
(0.116 0.00469674 -0.0169512)
(0.118 0.00469674 -0.0169512)
(0.12 0.00469674 -0.0169512)
(0.106 0.00155007 -0.0170108)
(0.108 0.00155007 -0.0170108)
(0.11 0.00155007 -0.0170108)
(0.112 0.00155007 -0.0170108)
(0.114 0.00155007 -0.0170108)
(0.116 0.00155007 -0.0170108)
(0.118 0.00155007 -0.0170108)
(0.12 0.00155007 -0.0170108)
(0.106 -0.00161959 -0.0167345)
(0.108 -0.00161959 -0.0167345)
(0.11 -0.00161959 -0.0167345)
(0.112 -0.00161959 -0.0167345)
(0.114 -0.00161959 -0.0167345)
(0.116 -0.00161959 -0.0167345)
(0.118 -0.00161959 -0.0167345)
(0.12 -0.00161959 -0.0167345)
(0.108 -0.00475449 -0.0161264)
(0.11 -0.00475449 -0.0161264)
(0.112 -0.00475449 -0.0161264)
(0.114 -0.00475449 -0.0161264)
(0.116 -0.00475449 -0.0161264)
(0.118 -0.00475449 -0.0161264)
(0.12 -0.00475449 -0.0161264)
(0.108 -0.0077976 -0.0151976)
(0.11 -0.0077976 -0.0151976)
(0.112 -0.0077976 -0.0151976)
(0.114 -0.0077976 -0.0151976)
(0.116 -0.0077976 -0.0151976)
(0.118 -0.0077976 -0.0151976)
(0.12 -0.0077976 -0.0151976)
(0.108 -0.0106938 -0.0139658)
(0.11 -0.0106938 -0.0139658)
(0.112 -0.0106938 -0.0139658)
(0.114 -0.0106938 -0.0139658)
(0.116 -0.0106938 -0.0139658)
(0.118 -0.0106938 -0.0139658)
(0.12 -0.0106938 -0.0139658)
(0.108 -0.0133908 -0.0124547)
(0.11 -0.0133908 -0.0124547)
(0.112 -0.0133908 -0.0124547)
(0.114 -0.0133908 -0.0124547)
(0.116 -0.0133908 -0.0124547)
(0.118 -0.0133908 -0.0124547)
(0.12 -0.0133908 -0.0124547)
(0.108 -0.0158407 -0.0106937)
(0.11 -0.0158407 -0.0106937)
(0.112 -0.0158407 -0.0106937)
(0.114 -0.0158407 -0.0106937)
(0.116 -0.0158407 -0.0106937)
(0.118 -0.0158407 -0.0106937)
(0.12 -0.0158407 -0.0106937)
(0.108 -0.0180002 -0.00871742)
(0.11 -0.0180002 -0.00871742)
(0.112 -0.0180002 -0.00871742)
(0.114 -0.0180002 -0.00871742)
(0.116 -0.0180002 -0.00871742)
(0.118 -0.0180002 -0.00871742)
(0.12 -0.0180002 -0.00871742)
(0.108 0.0111904 -0.0165763)
(0.11 0.0111904 -0.0165763)
(0.112 0.0111904 -0.0165763)
(0.114 0.0111904 -0.0165763)
(0.116 0.0111904 -0.0165763)
(0.118 0.0111904 -0.0165763)
(0.12 0.0111904 -0.0165763)
(0.108 0.00871742 -0.0180002)
(0.11 0.00871742 -0.0180002)
(0.112 0.00871742 -0.0180002)
(0.114 0.00871742 -0.0180002)
(0.116 0.00871742 -0.0180002)
(0.118 0.00871742 -0.0180002)
(0.12 0.00871742 -0.0180002)
(0.104 0.006067 -0.0190576)
(0.106 0.006067 -0.0190576)
(0.108 0.006067 -0.0190576)
(0.11 0.006067 -0.0190576)
(0.112 0.006067 -0.0190576)
(0.114 0.006067 -0.0190576)
(0.116 0.006067 -0.0190576)
(0.118 0.006067 -0.0190576)
(0.12 0.006067 -0.0190576)
(0.104 0.00329307 -0.019727)
(0.106 0.00329307 -0.019727)
(0.108 0.00329307 -0.019727)
(0.11 0.00329307 -0.019727)
(0.112 0.00329307 -0.019727)
(0.114 0.00329307 -0.019727)
(0.116 0.00329307 -0.019727)
(0.118 0.00329307 -0.019727)
(0.12 0.00329307 -0.019727)
(0.106 0.000452098 -0.0199949)
(0.108 0.000452098 -0.0199949)
(0.11 0.000452098 -0.0199949)
(0.112 0.000452098 -0.0199949)
(0.114 0.000452098 -0.0199949)
(0.116 0.000452098 -0.0199949)
(0.118 0.000452098 -0.0199949)
(0.12 0.000452098 -0.0199949)
(0.106 -0.00239807 -0.0198557)
(0.108 -0.00239807 -0.0198557)
(0.11 -0.00239807 -0.0198557)
(0.112 -0.00239807 -0.0198557)
(0.114 -0.00239807 -0.0198557)
(0.116 -0.00239807 -0.0198557)
(0.118 -0.00239807 -0.0198557)
(0.12 -0.00239807 -0.0198557)
(0.108 -0.00519943 -0.0193123)
(0.11 -0.00519943 -0.0193123)
(0.112 -0.00519943 -0.0193123)
(0.114 -0.00519943 -0.0193123)
(0.116 -0.00519943 -0.0193123)
(0.118 -0.00519943 -0.0193123)
(0.12 -0.00519943 -0.0193123)
(0.108 -0.00789493 -0.0183758)
(0.11 -0.00789493 -0.0183758)
(0.112 -0.00789493 -0.0183758)
(0.114 -0.00789493 -0.0183758)
(0.116 -0.00789493 -0.0183758)
(0.118 -0.00789493 -0.0183758)
(0.12 -0.00789493 -0.0183758)
(0.108 -0.0104297 -0.0170652)
(0.11 -0.0104297 -0.0170652)
(0.112 -0.0104297 -0.0170652)
(0.114 -0.0104297 -0.0170652)
(0.116 -0.0104297 -0.0170652)
(0.118 -0.0104297 -0.0170652)
(0.12 -0.0104297 -0.0170652)
(0.108 -0.0127522 -0.0154072)
(0.11 -0.0127522 -0.0154072)
(0.112 -0.0127522 -0.0154072)
(0.114 -0.0127522 -0.0154072)
(0.116 -0.0127522 -0.0154072)
(0.118 -0.0127522 -0.0154072)
(0.12 -0.0127522 -0.0154072)
(0.108 -0.0148151 -0.0134355)
(0.11 -0.0148151 -0.0134355)
(0.112 -0.0148151 -0.0134355)
(0.114 -0.0148151 -0.0134355)
(0.116 -0.0148151 -0.0134355)
(0.118 -0.0148151 -0.0134355)
(0.12 -0.0148151 -0.0134355)
(0.108 -0.0165763 -0.0111904)
(0.11 -0.0165763 -0.0111904)
(0.112 -0.0165763 -0.0111904)
(0.114 -0.0165763 -0.0111904)
(0.116 -0.0165763 -0.0111904)
(0.118 -0.0165763 -0.0111904)
(0.12 -0.0165763 -0.0111904)
)


// ************************************************************************* //
