/*--------------------------------*- C++ -*----------------------------------*\
| =========                 |                                                 |
| \\      /  F ield         | OpenFOAM: The Open Source CFD Toolbox           |
|  \\    /   O peration     | Version:  2212                                  |
|   \\  /    A nd           | Website:  www.openfoam.com                      |
|    \\/     M anipulation  |                                                 |
\*---------------------------------------------------------------------------*/
FoamFile
{
    version     2.0;
    format      ascii;
    arch        "LSB;label=32;scalar=64";
    note        "nPoints:954  nCells:680  nFaces:2285  nInternalFaces:1795";
    class       labelList;
    location    "constant/polyMesh";
    object      neighbour;
}
// * * * * * * * * * * * * * * * * * * * * * * * * * * * * * * * * * * * * * //


1795
(
1
7
66
2
8
67
3
9
68
4
10
69
5
11
70
6
12
71
13
72
8
14
73
9
15
74
10
16
75
11
17
76
12
18
77
13
19
78
20
79
15
21
80
16
22
81
17
23
82
18
24
83
19
25
84
20
26
85
27
86
22
28
87
23
29
88
24
30
89
25
31
90
26
32
91
27
33
92
34
93
29
35
94
30
36
95
31
37
96
32
38
97
33
39
98
34
40
99
41
100
36
42
101
37
43
102
38
44
103
39
45
104
40
46
105
41
47
106
107
43
48
108
44
49
109
45
50
110
46
51
111
47
52
112
53
113
49
54
114
50
55
115
51
56
116
52
57
117
53
58
118
59
119
55
60
120
56
61
121
57
62
122
58
63
123
59
64
124
65
125
61
126
62
127
63
128
64
129
65
130
131
67
73
132
68
74
133
69
75
134
70
76
135
71
77
136
72
78
137
79
138
74
80
139
75
81
140
76
82
141
77
83
142
78
84
143
79
85
144
86
145
81
87
146
82
88
147
83
89
148
84
90
149
85
91
150
86
92
151
93
152
88
94
153
89
95
154
90
96
155
91
97
156
92
98
157
93
99
158
100
159
95
101
160
96
102
161
97
103
162
98
104
163
99
105
164
100
106
165
107
166
102
108
167
103
109
168
104
110
169
105
111
170
106
112
171
107
113
172
173
109
114
174
110
115
175
111
116
176
112
117
177
113
118
178
119
179
115
120
180
116
121
181
117
122
182
118
123
183
119
124
184
125
185
121
126
186
122
127
187
123
128
188
124
129
189
125
130
190
131
191
127
192
128
193
129
194
130
195
131
196
197
133
139
198
134
140
199
135
141
200
136
142
201
137
143
202
138
144
203
145
204
140
146
205
141
147
206
142
148
207
143
149
208
144
150
209
145
151
210
152
211
147
153
212
148
154
213
149
155
214
150
156
215
151
157
216
152
158
217
159
218
154
160
219
155
161
220
156
162
221
157
163
222
158
164
223
159
165
224
166
225
161
167
226
162
168
227
163
169
228
164
170
229
165
171
230
166
172
231
173
232
168
174
233
169
175
234
170
176
235
171
177
236
172
178
237
173
179
238
239
175
180
240
176
181
241
177
182
242
178
183
243
179
184
244
185
245
181
186
246
182
187
247
183
188
248
184
189
249
185
190
250
191
251
187
192
252
188
193
253
189
194
254
190
195
255
191
196
256
197
257
193
258
194
259
195
260
196
261
197
262
263
199
205
264
200
206
265
201
207
266
202
208
267
203
209
268
204
210
269
211
270
206
212
271
207
213
272
208
214
273
209
215
274
210
216
275
211
217
276
218
277
213
219
278
214
220
279
215
221
280
216
222
281
217
223
282
218
224
283
225
284
220
226
285
221
227
286
222
228
287
223
229
288
224
230
289
225
231
290
232
291
227
233
292
228
234
293
229
235
294
230
236
295
231
237
296
232
238
297
239
298
234
240
299
235
241
300
236
242
301
237
243
302
238
244
303
239
245
304
305
241
246
306
242
247
307
243
248
308
244
249
309
245
250
310
251
311
247
252
312
248
253
313
249
254
314
250
255
315
251
256
316
257
317
253
258
318
254
259
319
255
260
320
256
261
321
257
262
322
263
323
259
324
260
325
261
326
262
327
263
328
329
265
271
330
266
272
331
267
273
332
268
274
333
269
275
334
270
276
335
277
336
272
278
337
273
279
338
274
280
339
275
281
340
276
282
341
277
283
342
284
343
279
285
344
280
286
345
281
287
346
282
288
347
283
289
348
284
290
349
291
350
286
292
351
287
293
352
288
294
353
289
295
354
290
296
355
291
297
356
298
357
293
299
358
294
300
359
295
301
360
296
302
361
297
303
362
298
304
363
305
364
300
306
365
301
307
366
302
308
367
303
309
368
304
310
369
305
311
370
371
307
312
372
308
313
373
309
314
374
310
315
375
311
316
376
317
377
313
318
378
314
319
379
315
320
380
316
321
381
317
322
382
323
383
319
324
384
320
325
385
321
326
386
322
327
387
323
328
388
329
389
325
390
326
391
327
392
328
393
329
394
395
331
337
396
332
338
397
333
339
398
334
340
399
335
341
400
336
342
401
343
402
338
344
403
339
345
404
340
346
405
341
347
406
342
348
407
343
349
408
350
409
345
351
410
346
352
411
347
353
412
348
354
413
349
355
414
350
356
415
357
416
352
358
417
353
359
418
354
360
419
355
361
420
356
362
421
357
363
422
364
423
359
365
424
360
366
425
361
367
426
362
368
427
363
369
428
364
370
429
371
430
366
372
432
367
373
433
368
374
434
369
375
435
370
376
436
371
377
437
438
373
378
440
374
379
441
375
380
442
376
381
443
377
382
444
383
445
379
384
447
380
385
448
381
386
449
382
387
450
383
388
451
389
452
385
390
454
386
391
455
387
392
456
388
393
457
389
394
458
395
459
391
461
392
462
393
463
394
464
395
465
466
397
403
467
398
404
468
399
405
469
400
406
470
401
407
471
402
408
472
409
473
404
410
474
405
411
475
406
412
476
407
413
477
408
414
478
409
415
479
416
480
411
417
481
412
418
482
413
419
483
414
420
484
415
421
485
416
422
486
423
487
418
424
488
419
425
489
420
426
490
421
427
491
422
428
492
423
429
493
430
494
425
432
495
426
433
496
427
434
497
428
435
498
429
436
499
430
437
500
438
501
432
439
502
433
440
503
434
441
504
435
442
505
436
443
506
437
444
507
438
445
508
509
440
446
510
441
447
511
442
448
512
443
449
513
444
450
514
445
451
515
452
516
447
453
517
448
454
518
449
455
519
450
456
520
451
457
521
452
458
522
459
523
454
460
524
455
461
525
456
462
526
457
463
527
458
464
528
459
465
529
466
530
461
531
462
532
463
533
464
534
465
535
466
536
537
468
474
538
469
475
539
470
476
540
471
477
541
472
478
542
473
479
543
480
544
475
481
545
476
482
546
477
483
547
478
484
548
479
485
549
480
486
550
487
551
482
488
552
483
489
553
484
490
554
485
491
555
486
492
556
487
493
557
494
558
489
495
559
490
496
560
491
497
561
492
498
562
493
499
563
494
500
564
501
565
496
503
566
497
504
567
498
505
568
499
506
569
500
507
570
501
508
571
509
572
503
510
573
504
511
574
505
512
575
506
513
576
507
514
577
508
515
578
509
516
579
580
511
517
581
512
518
582
513
519
583
514
520
584
515
521
585
516
522
586
523
587
518
524
588
519
525
589
520
526
590
521
527
591
522
528
592
523
529
593
530
594
525
531
595
526
532
596
527
533
597
528
534
598
529
535
599
530
536
600
537
601
532
602
533
603
534
604
535
605
536
606
537
607
608
539
545
609
540
546
610
541
547
611
542
548
612
543
549
613
544
550
614
551
615
546
552
616
547
553
617
548
554
618
549
555
619
550
556
620
551
557
621
558
622
553
559
623
554
560
624
555
561
625
556
562
626
557
563
627
558
564
628
565
629
560
566
630
561
567
631
562
568
632
563
569
633
564
570
634
565
571
635
572
636
567
574
637
568
575
638
569
576
639
570
577
640
571
578
641
572
579
642
580
643
574
581
644
575
582
645
576
583
646
577
584
647
578
585
648
579
586
649
580
587
650
651
582
588
652
583
589
653
584
590
654
585
591
655
586
592
656
587
593
657
594
658
589
595
659
590
596
660
591
597
661
592
598
662
593
599
663
594
600
664
601
665
596
602
666
597
603
667
598
604
668
599
605
669
600
606
670
601
607
671
608
672
603
673
604
674
605
675
606
676
607
677
608
678
679
610
616
611
617
612
618
613
619
614
620
615
621
622
617
623
618
624
619
625
620
626
621
627
622
628
629
624
630
625
631
626
632
627
633
628
634
629
635
636
631
637
632
638
633
639
634
640
635
641
636
642
643
638
645
639
646
640
647
641
648
642
649
643
650
651
645
652
646
653
647
654
648
655
649
656
650
657
651
658
653
659
654
660
655
661
656
662
657
663
658
664
665
660
666
661
667
662
668
663
669
664
670
665
671
672
667
673
668
674
669
675
670
676
671
677
672
678
679
674
675
676
677
678
679
)


// ************************************************************************* //
