/*--------------------------------*- C++ -*----------------------------------*\
| =========                 |                                                 |
| \\      /  F ield         | OpenFOAM: The Open Source CFD Toolbox           |
|  \\    /   O peration     | Version:  2212                                  |
|   \\  /    A nd           | Website:  www.openfoam.com                      |
|    \\/     M anipulation  |                                                 |
\*---------------------------------------------------------------------------*/
FoamFile
{
    version     2.0;
    format      ascii;
    arch        "LSB;label=32;scalar=64";
    class       surfaceScalarField;
    location    "1.3";
    object      meshPhi;
}
// * * * * * * * * * * * * * * * * * * * * * * * * * * * * * * * * * * * * * //

dimensions      [0 3 -1 0 0 0 0];

oriented        oriented;

internalField   nonuniform List<scalar> 
1812
(
4.67492e-22
3.4714e-08
-3.4714e-08
0
3.4714e-08
-3.4714e-08
4.67492e-22
3.4714e-08
-3.4714e-08
2.33746e-22
3.4714e-08
-3.4714e-08
4.67492e-22
3.4714e-08
-3.4714e-08
4.67492e-22
3.4714e-08
-3.4714e-08
4.67492e-22
3.4714e-08
-3.4714e-08
3.4714e-08
-3.4714e-08
0
6.5559e-08
-3.0845e-08
-4.50674e-22
6.5559e-08
-3.0845e-08
4.50674e-22
6.5559e-08
-3.0845e-08
0
6.5559e-08
-3.0845e-08
0
6.5559e-08
-3.0845e-08
0
6.5559e-08
-3.0845e-08
-4.50674e-22
6.5559e-08
-3.0845e-08
6.5559e-08
-3.0845e-08
-6.36452e-22
9.05895e-08
-2.50304e-08
0
9.05895e-08
-2.50304e-08
-6.36452e-22
9.05895e-08
-2.50304e-08
0
9.05895e-08
-2.50304e-08
-1.2729e-21
9.05895e-08
-2.50304e-08
0
9.05895e-08
-2.50304e-08
-6.36452e-22
9.05895e-08
-2.50304e-08
-7.1999e-37
9.05895e-08
-2.50304e-08
9.05895e-08
-2.50304e-08
0
1.08218e-07
-1.76285e-08
-7.78756e-22
1.08218e-07
-1.76285e-08
-7.78756e-22
1.08218e-07
-1.76285e-08
-1.55751e-21
1.08218e-07
-1.76285e-08
-7.78756e-22
1.08218e-07
-1.76285e-08
-7.78756e-22
1.08218e-07
-1.76285e-08
-7.78756e-22
1.08218e-07
-1.76285e-08
-7.78756e-22
1.08218e-07
-1.76285e-08
-7.78756e-22
1.08218e-07
-1.76285e-08
-2.33627e-21
1.08218e-07
-1.76285e-08
-1.55751e-21
1.08218e-07
-1.76285e-08
1.08218e-07
-1.76285e-08
-8.68119e-22
1.17323e-07
-9.10464e-09
3.82036e-37
1.17323e-07
-9.10464e-09
-8.68119e-22
1.17323e-07
-9.10464e-09
-8.68119e-22
1.17323e-07
-9.10464e-09
-1.73624e-21
1.17323e-07
-9.10464e-09
0
1.17323e-07
-9.10464e-09
-8.68119e-22
1.17323e-07
-9.10464e-09
-1.73624e-21
1.17323e-07
-9.10464e-09
-8.68119e-22
1.17323e-07
-9.10464e-09
3.82036e-37
1.17323e-07
-9.10464e-09
-8.68119e-22
1.17323e-07
-9.10464e-09
1.17323e-07
-9.10464e-09
-1.79717e-21
1.17323e-07
-8.11025e-24
-4.70198e-37
1.17323e-07
-6.46235e-24
-1.79717e-21
1.17323e-07
-8.01331e-24
-8.98584e-22
1.17323e-07
-7.93253e-24
-8.98584e-22
1.17323e-07
-7.93253e-24
-3.59434e-21
1.17323e-07
-6.38157e-24
-8.98584e-22
1.17323e-07
-8.19103e-24
-1.79717e-21
1.17323e-07
-8.01331e-24
-1.79717e-21
1.17323e-07
-8.01331e-24
-1.79717e-21
1.17323e-07
-2.70643e-22
-2.69575e-21
1.17323e-07
-7.93253e-24
1.17323e-07
-7.93253e-24
-8.68119e-22
1.08218e-07
9.10464e-09
-8.68119e-22
1.08218e-07
9.10464e-09
-8.68119e-22
1.08218e-07
9.10464e-09
-8.68119e-22
1.08218e-07
9.10464e-09
-1.73624e-21
1.08218e-07
9.10464e-09
0
1.08218e-07
9.10464e-09
-8.68119e-22
1.08218e-07
9.10464e-09
-1.17549e-37
1.08218e-07
9.10464e-09
-8.68119e-22
1.08218e-07
9.10464e-09
0
1.08218e-07
9.10464e-09
-8.68119e-22
1.08218e-07
9.10464e-09
1.08218e-07
9.10464e-09
0
9.05895e-08
1.76285e-08
-7.78756e-22
9.05895e-08
1.76285e-08
-7.78756e-22
9.05895e-08
1.76285e-08
-7.78756e-22
9.05895e-08
1.76285e-08
-7.78756e-22
9.05895e-08
1.76285e-08
6.46522e-37
9.05895e-08
1.76285e-08
7.78756e-22
9.05895e-08
1.76285e-08
-7.78756e-22
9.05895e-08
1.76285e-08
0
9.05895e-08
1.76285e-08
0
9.05895e-08
1.76285e-08
0
9.05895e-08
1.76285e-08
1.76285e-08
-6.36452e-22
6.5559e-08
2.50304e-08
-5.5836e-37
6.5559e-08
2.50304e-08
6.36452e-22
6.5559e-08
2.50304e-08
6.36452e-22
6.5559e-08
2.50304e-08
-6.36452e-22
6.5559e-08
2.50304e-08
0
6.5559e-08
2.50304e-08
0
6.5559e-08
2.50304e-08
6.36452e-22
6.5559e-08
2.50304e-08
-5.5836e-37
6.5559e-08
2.50304e-08
6.36452e-22
6.5559e-08
2.50304e-08
6.5559e-08
2.50304e-08
0
3.4714e-08
3.0845e-08
5.28972e-37
3.4714e-08
3.0845e-08
4.50674e-22
3.4714e-08
3.0845e-08
4.50674e-22
3.4714e-08
3.0845e-08
4.50674e-22
3.4714e-08
3.0845e-08
4.50674e-22
3.4714e-08
3.0845e-08
-4.50674e-22
3.4714e-08
3.0845e-08
-4.50674e-22
3.4714e-08
3.0845e-08
9.01348e-22
3.4714e-08
3.0845e-08
-5.28972e-37
3.4714e-08
3.0845e-08
3.4714e-08
3.0845e-08
0
3.4714e-08
4.67492e-22
3.4714e-08
-1.17549e-37
3.4714e-08
4.67492e-22
3.4714e-08
4.67492e-22
3.4714e-08
0
3.4714e-08
2.33746e-22
3.4714e-08
2.33746e-22
3.4714e-08
2.33746e-22
3.4714e-08
2.33746e-22
3.4714e-08
3.4714e-08
9.01348e-22
3.0845e-08
-6.5559e-08
9.01348e-22
3.0845e-08
-6.5559e-08
9.01348e-22
3.0845e-08
-6.5559e-08
9.01348e-22
3.0845e-08
-6.5559e-08
9.01348e-22
3.0845e-08
-6.5559e-08
4.50674e-22
3.0845e-08
-6.5559e-08
9.01348e-22
3.0845e-08
-6.5559e-08
3.0845e-08
-6.5559e-08
-6.51227e-22
5.80257e-08
-5.80257e-08
-1.30245e-21
5.80257e-08
-5.80257e-08
-1.30245e-21
5.80257e-08
-5.80257e-08
-1.30245e-21
5.80257e-08
-5.80257e-08
-1.30245e-21
5.80257e-08
-5.80257e-08
-6.51227e-22
5.80257e-08
-5.80257e-08
0
5.80257e-08
-5.80257e-08
5.80257e-08
-5.80257e-08
-1.64631e-21
7.99557e-08
-4.69604e-08
-1.32243e-37
7.99557e-08
-4.69604e-08
-1.32243e-37
7.99557e-08
-4.69604e-08
-8.23155e-22
7.99557e-08
-4.69604e-08
-1.32243e-37
7.99557e-08
-4.69604e-08
8.23155e-22
7.99557e-08
-4.69604e-08
-2.46947e-21
7.99557e-08
-4.69604e-08
-8.23155e-22
7.99557e-08
-4.69604e-08
7.99557e-08
-4.69604e-08
0
9.53421e-08
-3.30149e-08
-1.90991e-21
9.53421e-08
-3.30149e-08
-9.54956e-22
9.53421e-08
-3.30149e-08
-1.90991e-21
9.53421e-08
-3.30149e-08
-9.54956e-22
9.53421e-08
-3.30149e-08
-9.54956e-22
9.53421e-08
-3.30149e-08
-1.90991e-21
9.53421e-08
-3.30149e-08
-2.86487e-21
9.53421e-08
-3.30149e-08
-1.90991e-21
9.53421e-08
-3.30149e-08
-1.90991e-21
9.53421e-08
-3.30149e-08
0
9.53421e-08
-3.30149e-08
9.53421e-08
-3.30149e-08
-2.07554e-21
1.03272e-07
-1.70341e-08
-1.03777e-21
1.03272e-07
-1.70341e-08
-2.07554e-21
1.03272e-07
-1.70341e-08
-1.03777e-21
1.03272e-07
-1.70341e-08
-3.11331e-21
1.03272e-07
-1.70341e-08
-2.07554e-21
1.03272e-07
-1.70341e-08
-2.07554e-21
1.03272e-07
-1.70341e-08
-2.07554e-21
1.03272e-07
-1.70341e-08
-3.11331e-21
1.03272e-07
-1.70341e-08
-2.07554e-21
1.03272e-07
-1.70341e-08
-4.15107e-21
1.03272e-07
-1.70341e-08
1.03272e-07
-1.70341e-08
0
1.03272e-07
8.41721e-23
-8.81621e-38
1.03272e-07
4.04543e-22
1.06601e-21
1.03272e-07
8.27181e-23
1.06601e-21
1.03272e-07
8.27181e-23
1.06601e-21
1.03272e-07
8.27181e-23
1.06601e-21
1.03272e-07
4.03929e-22
0
1.03272e-07
8.27181e-23
-1.06601e-21
1.03272e-07
8.27181e-23
-2.13202e-21
1.03272e-07
8.27181e-23
-1.06601e-21
1.03272e-07
-2.45311e-22
0
1.03272e-07
8.27181e-23
1.03272e-07
8.41721e-23
-2.07554e-21
9.53421e-08
1.70341e-08
-1.03777e-21
9.53421e-08
1.70341e-08
0
9.53421e-08
1.70341e-08
-2.07554e-21
9.53421e-08
1.70341e-08
-2.07554e-21
9.53421e-08
1.70341e-08
-1.03777e-21
9.53421e-08
1.70341e-08
0
9.53421e-08
1.70341e-08
-1.03777e-21
9.53421e-08
1.70341e-08
-1.03777e-21
9.53421e-08
1.70341e-08
-2.07554e-21
9.53421e-08
1.70341e-08
-2.07554e-21
9.53421e-08
1.70341e-08
9.53421e-08
1.70341e-08
0
7.99557e-08
3.30149e-08
1.90991e-21
7.99557e-08
3.30149e-08
1.90991e-21
7.99557e-08
3.30149e-08
9.54956e-22
7.99557e-08
3.30149e-08
1.90991e-21
7.99557e-08
3.30149e-08
9.54956e-22
7.99557e-08
3.30149e-08
1.90991e-21
7.99557e-08
3.30149e-08
1.90991e-21
7.99557e-08
3.30149e-08
1.90991e-21
7.99557e-08
3.30149e-08
0
7.99557e-08
3.30149e-08
1.90991e-21
7.99557e-08
3.30149e-08
3.30149e-08
7.34684e-37
5.80257e-08
4.69604e-08
-1.64631e-21
5.80257e-08
4.69604e-08
0
5.80257e-08
4.69604e-08
-1.64631e-21
5.80257e-08
4.69604e-08
0
5.80257e-08
4.69604e-08
8.23155e-22
5.80257e-08
4.69604e-08
-1.64631e-21
5.80257e-08
4.69604e-08
0
5.80257e-08
4.69604e-08
0
5.80257e-08
4.69604e-08
-1.64631e-21
5.80257e-08
4.69604e-08
5.80257e-08
4.69604e-08
-6.51227e-22
3.0845e-08
5.80257e-08
-6.51227e-22
3.0845e-08
5.80257e-08
-1.73385e-36
3.0845e-08
5.80257e-08
-1.30245e-21
3.0845e-08
5.80257e-08
-6.51227e-22
3.0845e-08
5.80257e-08
-6.51227e-22
3.0845e-08
5.80257e-08
-1.30245e-21
3.0845e-08
5.80257e-08
-6.51227e-22
3.0845e-08
5.80257e-08
-8.66927e-37
3.0845e-08
5.80257e-08
-6.51227e-22
3.0845e-08
5.80257e-08
3.0845e-08
5.80257e-08
0
6.5559e-08
-1.46937e-37
6.5559e-08
0
6.5559e-08
4.50674e-22
6.5559e-08
-4.50674e-22
6.5559e-08
-9.01348e-22
6.5559e-08
-4.50674e-22
6.5559e-08
0
6.5559e-08
-4.50674e-22
6.5559e-08
4.50674e-22
6.5559e-08
6.5559e-08
-6.36452e-22
2.50304e-08
-9.05895e-08
6.36452e-22
2.50304e-08
-9.05895e-08
1.2729e-21
2.50304e-08
-9.05895e-08
0
2.50304e-08
-9.05895e-08
6.36452e-22
2.50304e-08
-9.05895e-08
6.36452e-22
2.50304e-08
-9.05895e-08
6.36452e-22
2.50304e-08
-9.05895e-08
5.53768e-37
2.50304e-08
-9.05895e-08
2.50304e-08
-9.05895e-08
-8.23155e-22
4.69604e-08
-7.99557e-08
0
4.69604e-08
-7.99557e-08
0
4.69604e-08
-7.99557e-08
-1.64631e-21
4.69604e-08
-7.99557e-08
0
4.69604e-08
-7.99557e-08
-1.64631e-21
4.69604e-08
-7.99557e-08
-8.23155e-22
4.69604e-08
-7.99557e-08
-8.23155e-22
4.69604e-08
-7.99557e-08
4.69604e-08
-7.99557e-08
-9.83386e-22
6.45823e-08
-6.45823e-08
-9.83386e-22
6.45823e-08
-6.45823e-08
-9.83386e-22
6.45823e-08
-6.45823e-08
-9.83386e-22
6.45823e-08
-6.45823e-08
0
6.45823e-08
-6.45823e-08
0
6.45823e-08
-6.45823e-08
-6.46522e-37
6.45823e-08
-6.45823e-08
-9.83386e-22
6.45823e-08
-6.45823e-08
6.45823e-08
-6.45823e-08
0
7.69129e-08
-4.53455e-08
-1.32243e-37
7.69129e-08
-4.53455e-08
-1.10632e-21
7.69129e-08
-4.53455e-08
-1.10632e-21
7.69129e-08
-4.53455e-08
-1.32243e-37
7.69129e-08
-4.53455e-08
-2.21265e-21
7.69129e-08
-4.53455e-08
0
7.69129e-08
-4.53455e-08
2.21265e-21
7.69129e-08
-4.53455e-08
0
7.69129e-08
-4.53455e-08
-2.21265e-21
7.69129e-08
-4.53455e-08
1.32243e-37
7.69129e-08
-4.53455e-08
7.69129e-08
-4.53455e-08
-5.87747e-38
8.32578e-08
-2.33789e-08
-1.18361e-21
8.32578e-08
-2.33789e-08
0
8.32578e-08
-2.33789e-08
1.18361e-21
8.32578e-08
-2.33789e-08
5.87747e-38
8.32578e-08
-2.33789e-08
-5.87747e-38
8.32578e-08
-2.33789e-08
-1.18361e-21
8.32578e-08
-2.33789e-08
-1.17549e-37
8.32578e-08
-2.33789e-08
-1.18361e-21
8.32578e-08
-2.33789e-08
-1.17549e-37
8.32578e-08
-2.33789e-08
-5.87747e-38
8.32578e-08
-2.33789e-08
8.32578e-08
-2.33789e-08
1.20998e-21
8.32578e-08
1.06403e-22
1.20998e-21
8.32578e-08
1.04173e-22
1.20998e-21
8.32578e-08
1.06322e-22
1.20998e-21
8.32578e-08
1.06403e-22
0
8.32578e-08
1.065e-22
0
8.32578e-08
1.04593e-22
5.87747e-38
8.32578e-08
1.06403e-22
0
8.32578e-08
1.06322e-22
1.20998e-21
8.32578e-08
1.0658e-22
1.20998e-21
8.32578e-08
2.79949e-22
1.20998e-21
8.32578e-08
1.06322e-22
8.32578e-08
1.0658e-22
0
7.69129e-08
2.33789e-08
-1.18361e-21
7.69129e-08
2.33789e-08
5.87747e-38
7.69129e-08
2.33789e-08
-2.36722e-21
7.69129e-08
2.33789e-08
-1.18361e-21
7.69129e-08
2.33789e-08
2.36722e-21
7.69129e-08
2.33789e-08
-1.18361e-21
7.69129e-08
2.33789e-08
-1.18361e-21
7.69129e-08
2.33789e-08
5.87747e-38
7.69129e-08
2.33789e-08
-1.18361e-21
7.69129e-08
2.33789e-08
-1.18361e-21
7.69129e-08
2.33789e-08
7.69129e-08
2.33789e-08
1.10632e-21
6.45823e-08
4.53455e-08
1.32243e-37
6.45823e-08
4.53455e-08
0
6.45823e-08
4.53455e-08
0
6.45823e-08
4.53455e-08
-1.10632e-21
6.45823e-08
4.53455e-08
-1.32243e-37
6.45823e-08
4.53455e-08
-2.21265e-21
6.45823e-08
4.53455e-08
-1.32243e-37
6.45823e-08
4.53455e-08
-2.21265e-21
6.45823e-08
4.53455e-08
-2.64486e-37
6.45823e-08
4.53455e-08
1.10632e-21
6.45823e-08
4.53455e-08
4.53455e-08
0
4.69604e-08
6.45823e-08
-6.31828e-37
4.69604e-08
6.45823e-08
0
4.69604e-08
6.45823e-08
-9.83386e-22
4.69604e-08
6.45823e-08
0
4.69604e-08
6.45823e-08
9.83386e-22
4.69604e-08
6.45823e-08
0
4.69604e-08
6.45823e-08
0
4.69604e-08
6.45823e-08
0
4.69604e-08
6.45823e-08
-1.96677e-21
4.69604e-08
6.45823e-08
4.69604e-08
6.45823e-08
8.23155e-22
2.50304e-08
7.99557e-08
8.23155e-22
2.50304e-08
7.99557e-08
0
2.50304e-08
7.99557e-08
8.23155e-22
2.50304e-08
7.99557e-08
1.64631e-21
2.50304e-08
7.99557e-08
1.64631e-21
2.50304e-08
7.99557e-08
1.64631e-21
2.50304e-08
7.99557e-08
8.23155e-22
2.50304e-08
7.99557e-08
8.23155e-22
2.50304e-08
7.99557e-08
1.64631e-21
2.50304e-08
7.99557e-08
2.50304e-08
7.99557e-08
-6.9795e-37
9.05895e-08
-1.2729e-21
9.05895e-08
0
9.05895e-08
-6.36452e-22
9.05895e-08
0
9.05895e-08
-6.36452e-22
9.05895e-08
0
9.05895e-08
-1.2729e-21
9.05895e-08
-6.36452e-22
9.05895e-08
-6.9795e-37
9.05895e-08
9.05895e-08
7.78756e-22
1.76285e-08
-1.08218e-07
7.78756e-22
1.76285e-08
-1.08218e-07
1.55751e-21
1.76285e-08
-1.08218e-07
2.33627e-21
1.76285e-08
-1.08218e-07
1.55751e-21
1.76285e-08
-1.08218e-07
7.78756e-22
1.76285e-08
-1.08218e-07
7.78756e-22
1.76285e-08
-1.08218e-07
1.55751e-21
1.76285e-08
-1.08218e-07
1.76285e-08
-1.08218e-07
0
3.30149e-08
-9.53421e-08
-9.54956e-22
3.30149e-08
-9.53421e-08
-1.90991e-21
3.30149e-08
-9.53421e-08
-9.54956e-22
3.30149e-08
-9.53421e-08
-1.90991e-21
3.30149e-08
-9.53421e-08
0
3.30149e-08
-9.53421e-08
-9.54956e-22
3.30149e-08
-9.53421e-08
-1.90991e-21
3.30149e-08
-9.53421e-08
3.30149e-08
-9.53421e-08
0
4.53455e-08
-7.69129e-08
-1.10632e-21
4.53455e-08
-7.69129e-08
-1.10632e-21
4.53455e-08
-7.69129e-08
0
4.53455e-08
-7.69129e-08
2.21265e-21
4.53455e-08
-7.69129e-08
0
4.53455e-08
-7.69129e-08
2.21265e-21
4.53455e-08
-7.69129e-08
-1.46937e-37
4.53455e-08
-7.69129e-08
4.53455e-08
-7.69129e-08
2.4451e-21
5.3958e-08
-5.3958e-08
0
5.3958e-08
-5.3958e-08
0
5.3958e-08
-5.3958e-08
0
5.3958e-08
-5.3958e-08
2.4451e-21
5.3958e-08
-5.3958e-08
3.66765e-21
5.3958e-08
-5.3958e-08
2.4451e-21
5.3958e-08
-5.3958e-08
1.22255e-21
5.3958e-08
-5.3958e-08
0
5.3958e-08
-5.3958e-08
1.22255e-21
5.3958e-08
-5.3958e-08
2.4451e-21
5.3958e-08
-5.3958e-08
5.3958e-08
-5.3958e-08
-2.93874e-38
5.83852e-08
-2.78061e-08
2.93874e-38
5.83852e-08
-2.78061e-08
5.87747e-38
5.83852e-08
-2.78061e-08
2.59131e-21
5.83852e-08
-2.78061e-08
0
5.83852e-08
-2.78061e-08
0
5.83852e-08
-2.78061e-08
0
5.83852e-08
-2.78061e-08
2.93874e-38
5.83852e-08
-2.78061e-08
2.93874e-38
5.83852e-08
-2.78061e-08
0
5.83852e-08
-2.78061e-08
-2.59131e-21
5.83852e-08
-2.78061e-08
5.83852e-08
-2.78061e-08
-1.3206e-21
5.83852e-08
-2.2653e-22
0
5.83852e-08
-4.02305e-22
3.9618e-21
5.83852e-08
-2.27216e-22
-1.3206e-21
5.83852e-08
-2.26877e-22
0
5.83852e-08
-2.27216e-22
1.3206e-21
5.83852e-08
-4.02475e-22
-1.3206e-21
5.83852e-08
-2.27047e-22
1.3206e-21
5.83852e-08
-2.26877e-22
1.3206e-21
5.83852e-08
-2.27047e-22
-2.6412e-21
5.83852e-08
-2.13952e-22
0
5.83852e-08
-2.27047e-22
5.83852e-08
-2.26877e-22
2.59131e-21
5.3958e-08
2.78061e-08
2.59131e-21
5.3958e-08
2.78061e-08
1.29566e-21
5.3958e-08
2.78061e-08
2.59131e-21
5.3958e-08
2.78061e-08
2.59131e-21
5.3958e-08
2.78061e-08
1.29566e-21
5.3958e-08
2.78061e-08
1.29566e-21
5.3958e-08
2.78061e-08
2.59131e-21
5.3958e-08
2.78061e-08
3.88697e-21
5.3958e-08
2.78061e-08
1.29566e-21
5.3958e-08
2.78061e-08
2.59131e-21
5.3958e-08
2.78061e-08
5.3958e-08
2.78061e-08
1.22255e-21
4.53455e-08
5.3958e-08
0
4.53455e-08
5.3958e-08
1.22255e-21
4.53455e-08
5.3958e-08
1.22255e-21
4.53455e-08
5.3958e-08
1.22255e-21
4.53455e-08
5.3958e-08
3.66765e-21
4.53455e-08
5.3958e-08
2.4451e-21
4.53455e-08
5.3958e-08
1.22255e-21
4.53455e-08
5.3958e-08
1.22255e-21
4.53455e-08
5.3958e-08
-1.22255e-21
4.53455e-08
5.3958e-08
2.4451e-21
4.53455e-08
5.3958e-08
5.3958e-08
-1.10632e-21
3.30149e-08
7.69129e-08
-1.10632e-21
3.30149e-08
7.69129e-08
-1.17549e-37
3.30149e-08
7.69129e-08
-1.10632e-21
3.30149e-08
7.69129e-08
-1.10632e-21
3.30149e-08
7.69129e-08
-1.10632e-21
3.30149e-08
7.69129e-08
0
3.30149e-08
7.69129e-08
1.17549e-37
3.30149e-08
7.69129e-08
0
3.30149e-08
7.69129e-08
-2.21265e-21
3.30149e-08
7.69129e-08
3.30149e-08
7.69129e-08
-9.54956e-22
1.76285e-08
9.53421e-08
-1.90991e-21
1.76285e-08
9.53421e-08
-9.54956e-22
1.76285e-08
9.53421e-08
-1.90991e-21
1.76285e-08
9.53421e-08
-1.90991e-21
1.76285e-08
9.53421e-08
-9.54956e-22
1.76285e-08
9.53421e-08
-1.90991e-21
1.76285e-08
9.53421e-08
-1.90991e-21
1.76285e-08
9.53421e-08
-1.90991e-21
1.76285e-08
9.53421e-08
-1.90991e-21
1.76285e-08
9.53421e-08
1.76285e-08
9.53421e-08
-7.78756e-22
1.08218e-07
-6.9795e-37
1.08218e-07
-6.9795e-37
1.08218e-07
0
1.08218e-07
-6.9795e-37
1.08218e-07
-7.78756e-22
1.08218e-07
-6.9795e-37
1.08218e-07
-7.78756e-22
1.08218e-07
7.78756e-22
1.08218e-07
7.78756e-22
1.08218e-07
1.08218e-07
-8.68119e-22
9.10464e-09
-1.73624e-21
9.10464e-09
-8.68119e-22
9.10464e-09
-8.68119e-22
9.10464e-09
-8.68119e-22
9.10464e-09
-8.68119e-22
9.10464e-09
-8.68119e-22
9.10464e-09
-8.68119e-22
9.10464e-09
9.10464e-09
2.07554e-21
1.70341e-08
2.07554e-21
1.70341e-08
2.07554e-21
1.70341e-08
2.07554e-21
1.70341e-08
2.07554e-21
1.70341e-08
3.11331e-21
1.70341e-08
1.03777e-21
1.70341e-08
0
1.70341e-08
1.70341e-08
1.18361e-21
2.33789e-08
2.36722e-21
2.33789e-08
0
2.33789e-08
0
2.33789e-08
0
2.33789e-08
2.36722e-21
2.33789e-08
2.36722e-21
2.33789e-08
2.36722e-21
2.33789e-08
2.33789e-08
1.29566e-21
2.78061e-08
-5.83852e-08
1.29566e-21
2.78061e-08
-5.83852e-08
3.88697e-21
2.78061e-08
-5.83852e-08
0
2.78061e-08
-5.83852e-08
2.59131e-21
2.78061e-08
-5.83852e-08
1.29566e-21
2.78061e-08
-5.83852e-08
1.29566e-21
2.78061e-08
-5.83852e-08
3.88697e-21
2.78061e-08
-5.83852e-08
1.29566e-21
2.78061e-08
-5.83852e-08
1.6163e-37
2.78061e-08
-5.83852e-08
2.59131e-21
2.78061e-08
-5.83852e-08
2.78061e-08
-5.83852e-08
1.36616e-21
3.00804e-08
-3.00804e-08
0
3.00804e-08
-3.00804e-08
0
3.00804e-08
-3.00804e-08
-1.36616e-21
3.00804e-08
-3.00804e-08
-2.73232e-21
3.00804e-08
-3.00804e-08
1.36616e-21
3.00804e-08
-3.00804e-08
3.67342e-37
3.00804e-08
-3.00804e-08
1.36616e-21
3.00804e-08
-3.00804e-08
-1.36616e-21
3.00804e-08
-3.00804e-08
0
3.00804e-08
-3.00804e-08
-3.67342e-37
3.00804e-08
-3.00804e-08
3.00804e-08
-3.00804e-08
1.39022e-21
3.00804e-08
5.98838e-23
2.78043e-21
3.00804e-08
1.65436e-23
-1.39022e-21
3.00804e-08
5.99706e-23
1.39022e-21
3.00804e-08
5.97969e-23
1.39022e-21
3.00804e-08
6.05724e-23
1.39022e-21
3.00804e-08
1.59398e-23
2.78043e-21
3.00804e-08
6.05724e-23
0
3.00804e-08
5.97969e-23
0
3.00804e-08
5.99706e-23
1.39022e-21
3.00804e-08
3.87741e-23
-7.34684e-39
3.00804e-08
6.04007e-23
3.00804e-08
5.98838e-23
-3.67342e-37
2.78061e-08
3.00804e-08
0
2.78061e-08
3.00804e-08
0
2.78061e-08
3.00804e-08
-1.36616e-21
2.78061e-08
3.00804e-08
0
2.78061e-08
3.00804e-08
2.73232e-21
2.78061e-08
3.00804e-08
0
2.78061e-08
3.00804e-08
2.73232e-21
2.78061e-08
3.00804e-08
0
2.78061e-08
3.00804e-08
-3.67342e-37
2.78061e-08
3.00804e-08
-3.67342e-37
2.78061e-08
3.00804e-08
2.78061e-08
3.00804e-08
-2.93874e-38
2.33789e-08
5.83852e-08
1.29566e-21
2.33789e-08
5.83852e-08
0
2.33789e-08
5.83852e-08
0
2.33789e-08
5.83852e-08
2.59131e-21
2.33789e-08
5.83852e-08
0
2.33789e-08
5.83852e-08
0
2.33789e-08
5.83852e-08
2.93874e-38
2.33789e-08
5.83852e-08
2.93874e-38
2.33789e-08
5.83852e-08
0
2.33789e-08
5.83852e-08
-2.93874e-38
2.33789e-08
5.83852e-08
5.83852e-08
1.18361e-21
1.70341e-08
8.32578e-08
5.14279e-38
1.70341e-08
8.32578e-08
2.36722e-21
1.70341e-08
8.32578e-08
2.36722e-21
1.70341e-08
8.32578e-08
2.36722e-21
1.70341e-08
8.32578e-08
2.36722e-21
1.70341e-08
8.32578e-08
1.18361e-21
1.70341e-08
8.32578e-08
2.36722e-21
1.70341e-08
8.32578e-08
2.36722e-21
1.70341e-08
8.32578e-08
3.55083e-21
1.70341e-08
8.32578e-08
1.70341e-08
8.32578e-08
-1.03777e-21
9.10464e-09
1.03272e-07
-1.03777e-21
9.10464e-09
1.03272e-07
0
9.10464e-09
1.03272e-07
-1.03777e-21
9.10464e-09
1.03272e-07
-1.03777e-21
9.10464e-09
1.03272e-07
-1.03777e-21
9.10464e-09
1.03272e-07
0
9.10464e-09
1.03272e-07
-1.03777e-21
9.10464e-09
1.03272e-07
0
9.10464e-09
1.03272e-07
-1.03777e-21
9.10464e-09
1.03272e-07
9.10464e-09
1.03272e-07
8.68119e-22
1.17323e-07
8.68119e-22
1.17323e-07
2.60436e-21
1.17323e-07
2.60436e-21
1.17323e-07
3.47248e-21
1.17323e-07
1.73624e-21
1.17323e-07
1.73624e-21
1.17323e-07
2.60436e-21
1.17323e-07
1.73624e-21
1.17323e-07
1.73624e-21
1.17323e-07
1.17323e-07
-1.3206e-21
-3.12778e-22
-1.3206e-21
-4.02217e-22
-1.3206e-21
-3.13295e-22
-2.6412e-21
-3.12778e-22
-2.6412e-21
-3.13295e-22
1.3206e-21
-4.02217e-22
-2.6412e-21
-3.12778e-22
-2.6412e-21
-3.12778e-22
0
-3.12778e-22
-1.3206e-21
-4.017e-22
-1.3206e-21
-3.12778e-22
-3.12778e-22
1.39022e-21
5.99706e-23
0
3.56722e-23
-2.78043e-21
5.99706e-23
0
5.99706e-23
0
6.04876e-23
0
3.56722e-23
-3.67342e-39
6.04876e-23
-1.39022e-21
5.99706e-23
0
5.99706e-23
-3.67342e-39
3.56722e-23
-1.39022e-21
5.99706e-23
5.99706e-23
2.76731e-37
-1.03398e-22
0
-8.16841e-23
0
-1.03915e-22
1.41398e-21
-1.03398e-22
1.41398e-21
-1.03398e-22
0
-8.22011e-23
1.41398e-21
-1.03398e-22
1.41398e-21
-1.03398e-22
1.41398e-21
-1.03915e-22
2.82795e-21
-8.16841e-23
2.82795e-21
-1.03398e-22
-1.03398e-22
-1.39022e-21
1.17873e-22
1.39022e-21
3.18465e-22
-7.34684e-39
1.17873e-22
0
1.17873e-22
0
1.17873e-22
0
3.18465e-22
7.34684e-39
1.17873e-22
-4.17065e-21
1.17873e-22
-2.78043e-21
1.17873e-22
7.34684e-39
3.18982e-22
7.34684e-39
1.17873e-22
1.17356e-22
3.97361e-37
5.99706e-23
0
-1.17356e-22
1.3206e-21
5.94536e-23
-1.3206e-21
5.94536e-23
0
5.94536e-23
1.3206e-21
-1.17356e-22
-1.3206e-21
5.89366e-23
1.3206e-21
5.94536e-23
-1.3206e-21
5.99706e-23
-2.6412e-21
-1.17356e-22
0
5.89366e-23
1.20998e-21
2.34454e-22
5.87747e-38
2.23856e-22
0
2.36005e-22
0
2.36005e-22
2.41995e-21
2.36005e-22
0
2.23856e-22
5.87747e-38
2.36005e-22
1.20998e-21
2.36005e-22
-5.87747e-38
2.36005e-22
0
2.24373e-22
2.36005e-22
0
2.92615e-22
-1.06601e-21
-1.29247e-23
0
2.91581e-22
0
2.92098e-22
1.06601e-21
2.91581e-22
-1.09055e-37
-1.31832e-23
1.06601e-21
2.92615e-22
1.06601e-21
2.91581e-22
-1.09055e-37
2.91581e-22
-1.06601e-21
-1.31832e-23
2.9184e-22
4.26117e-37
-4.26117e-37
-8.98584e-22
8.98584e-22
0
0
1.79717e-21
8.98584e-22
0
4.26117e-37
)
;

boundaryField
{
    inlet
    {
        type            calculated;
        value           nonuniform List<scalar> 0();
    }
    ami1
    {
        type            cyclicAMI;
        value           nonuniform List<scalar> 0();
    }
    walls
    {
        type            calculated;
        value           nonuniform List<scalar> 
227
(
-1.28555e-14
-6.40674e-15
-5.19573e-23
6.40674e-15
1.28555e-14
1.84387e-14
2.43942e-14
2.90979e-14
-1.28555e-14
-6.40674e-15
-7.23783e-23
6.40674e-15
1.28555e-14
1.84387e-14
2.43942e-14
2.90979e-14
-1.28555e-14
-6.40674e-15
-5.19573e-23
6.40674e-15
1.28555e-14
1.84387e-14
2.43942e-14
2.90979e-14
-1.84387e-14
-1.28555e-14
-6.40674e-15
-5.19573e-23
6.40674e-15
1.28555e-14
1.84387e-14
2.43942e-14
2.90979e-14
-2.90979e-14
-2.43942e-14
-1.84387e-14
-1.28555e-14
-6.40674e-15
-5.19573e-23
6.40674e-15
1.28555e-14
1.84387e-14
2.43942e-14
2.90979e-14
-2.90979e-14
-2.43942e-14
-1.84387e-14
-1.28555e-14
-6.40674e-15
-7.18613e-23
6.40674e-15
1.28555e-14
1.84387e-14
2.43942e-14
2.90979e-14
-2.90979e-14
-2.43942e-14
-1.84387e-14
-1.28555e-14
-6.40674e-15
-5.19573e-23
6.40674e-15
1.28555e-14
1.84387e-14
2.43942e-14
2.90979e-14
-2.90979e-14
-2.43942e-14
-1.84387e-14
-1.28555e-14
-6.40674e-15
-5.19573e-23
6.40674e-15
1.28555e-14
1.84387e-14
2.43942e-14
2.90979e-14
-2.90979e-14
-2.43942e-14
-1.84387e-14
-1.28555e-14
-6.40674e-15
-5.19573e-23
6.40674e-15
1.28555e-14
1.84387e-14
2.43942e-14
2.90979e-14
-2.90979e-14
-2.43942e-14
-1.84387e-14
-1.28555e-14
-6.40674e-15
-7.16028e-23
6.40674e-15
1.28555e-14
1.84387e-14
2.43942e-14
2.90979e-14
-2.90979e-14
-2.43942e-14
-1.84387e-14
-1.28555e-14
-6.40674e-15
-5.19573e-23
6.40674e-15
1.28555e-14
1.84387e-14
2.43942e-14
2.90979e-14
-2.90979e-14
-2.43942e-14
-1.84387e-14
-1.28555e-14
-6.40674e-15
-5.19573e-23
6.40674e-15
1.28555e-14
-2.90979e-14
-2.43942e-14
-1.84387e-14
-1.28555e-14
-6.40674e-15
-5.19573e-23
-2.90979e-14
-2.43942e-14
-1.84387e-14
-1.28555e-14
-6.40674e-15
-7.23783e-23
-2.90979e-14
-2.43942e-14
-1.84387e-14
-1.28555e-14
-6.40674e-15
-5.19573e-23
-2.90979e-14
-2.43942e-14
-1.84387e-14
-1.28555e-14
-6.40674e-15
-5.19573e-23
-2.90979e-14
-2.43942e-14
-1.84387e-14
-1.28555e-14
-6.40674e-15
-5.19573e-23
-2.90979e-14
-2.43942e-14
-1.84387e-14
-1.28555e-14
-6.40674e-15
-7.18613e-23
-2.90979e-14
-2.43942e-14
-1.84387e-14
-1.28555e-14
-6.40674e-15
-5.19573e-23
-2.90979e-14
-2.43942e-14
-1.84387e-14
-1.28555e-14
-6.40674e-15
-5.19573e-23
-2.90979e-14
-2.43942e-14
-1.84387e-14
-1.28555e-14
-6.40674e-15
-5.19573e-23
-2.90979e-14
-2.43942e-14
-1.84387e-14
-1.28555e-14
-6.40674e-15
-7.16028e-23
-2.90979e-14
-2.43942e-14
-1.84387e-14
-1.28555e-14
-6.40674e-15
-5.19573e-23
1.84387e-14
1.28555e-14
6.40674e-15
2.90979e-14
2.43942e-14
1.84387e-14
1.28555e-14
6.40674e-15
2.90979e-14
2.43942e-14
1.84387e-14
1.28555e-14
6.40674e-15
2.90979e-14
2.43942e-14
1.84387e-14
1.28555e-14
6.40674e-15
2.90979e-14
2.43942e-14
1.84387e-14
1.28555e-14
6.40674e-15
2.90979e-14
2.43942e-14
1.84387e-14
1.28555e-14
6.40674e-15
2.90979e-14
2.43942e-14
1.84387e-14
1.28555e-14
6.40674e-15
2.90979e-14
2.43942e-14
1.84387e-14
1.28555e-14
6.40674e-15
2.90979e-14
2.43942e-14
1.84387e-14
1.28555e-14
6.40674e-15
)
;
    }
    ami2
    {
        type            cyclicAMI;
        value           nonuniform List<scalar> 
48
(
7.78756e-22
8.68119e-22
-8.98584e-22
8.68119e-22
1.55751e-21
-6.36452e-22
0
2.33746e-22
9.54956e-22
2.07554e-21
0
-4.92238e-37
1.90991e-21
-7.34684e-37
0
-1.46937e-37
0
-2.36722e-21
2.57139e-38
9.55089e-38
-1.10632e-21
0
0
7.05297e-37
-2.35099e-37
7.34684e-39
1.3206e-21
-2.93874e-37
-1.22255e-21
1.10632e-21
-9.54956e-22
7.78756e-22
-1.29566e-21
-2.73232e-21
1.04176e-38
0
0
-1.18361e-21
2.07554e-21
0
1.3206e-21
1.46937e-38
-1.41398e-21
-1.39022e-21
-1.3206e-21
2.93874e-38
0
0
)
;
    }
    outlet
    {
        type            calculated;
        value           nonuniform List<scalar> 0();
    }
    procBoundary0to1
    {
        type            processor;
        value           nonuniform List<scalar> 
138
(
-8.68119e-22
-1.17323e-07
-1.17323e-07
-1.17323e-07
-1.17323e-07
-1.17323e-07
-1.17323e-07
-1.17323e-07
-1.17323e-07
-1.17323e-07
-1.03777e-21
-1.03272e-07
-1.03272e-07
-1.03272e-07
-1.03272e-07
-1.03272e-07
-1.03272e-07
-1.03272e-07
-1.03272e-07
-1.03272e-07
-2.33789e-08
-2.33789e-08
0
-2.33789e-08
-8.32578e-08
-8.32578e-08
-8.32578e-08
-8.32578e-08
-8.32578e-08
-8.32578e-08
-8.32578e-08
-8.32578e-08
-8.32578e-08
-1.0658e-22
-1.17259e-22
-1.0658e-22
-1.06661e-22
-1.06661e-22
-1.17518e-22
-1.06661e-22
-1.0658e-22
-1.065e-22
-2.79513e-22
-1.0658e-22
-1.065e-22
-5.83852e-08
-5.83852e-08
-5.83852e-08
-5.83852e-08
-5.83852e-08
-5.83852e-08
-5.83852e-08
-5.83852e-08
-5.83852e-08
-5.83852e-08
-5.83852e-08
-5.83852e-08
-3.00804e-08
-3.00804e-08
-3.00804e-08
-3.00804e-08
-3.00804e-08
-3.00804e-08
-3.00804e-08
-3.00804e-08
-3.00804e-08
-3.00804e-08
-3.00804e-08
-3.00804e-08
-5.97969e-23
-1.58529e-23
-6.00554e-23
-5.98838e-23
-6.04876e-23
-1.64568e-23
-6.04876e-23
-5.98838e-23
-6.00554e-23
-7.93576e-23
-6.03139e-23
-5.97969e-23
3.00804e-08
3.00804e-08
3.00804e-08
3.00804e-08
3.00804e-08
3.00804e-08
3.00804e-08
3.00804e-08
3.00804e-08
3.00804e-08
3.00804e-08
3.00804e-08
5.83852e-08
5.83852e-08
5.83852e-08
5.83852e-08
5.83852e-08
5.83852e-08
5.83852e-08
5.83852e-08
5.83852e-08
5.83852e-08
5.83852e-08
5.83852e-08
8.32578e-08
8.32578e-08
8.32578e-08
8.32578e-08
8.32578e-08
8.32578e-08
8.32578e-08
8.32578e-08
8.32578e-08
8.32578e-08
8.32578e-08
1.03272e-07
1.03272e-07
1.03272e-07
1.03272e-07
1.03272e-07
1.03272e-07
1.03272e-07
1.03272e-07
1.03272e-07
1.03272e-07
1.03272e-07
1.17323e-07
1.17323e-07
1.17323e-07
1.17323e-07
1.17323e-07
1.17323e-07
1.17323e-07
1.17323e-07
1.17323e-07
1.17323e-07
1.17323e-07
)
;
    }
    procBoundary0to2
    {
        type            processor;
        value           nonuniform List<scalar> 
28
(
-2.33746e-22
-4.50674e-22
-6.5559e-08
-9.05895e-08
-9.05895e-08
0
-9.05895e-08
-9.01348e-22
6.5559e-08
6.51227e-22
-5.80257e-08
5.80257e-08
-7.99557e-08
-7.99557e-08
8.23155e-22
-7.99557e-08
5.43666e-37
-8.23155e-22
-6.45823e-08
-6.45823e-08
9.83386e-22
-6.45823e-08
7.78756e-22
-8.81621e-37
-4.53455e-08
-4.53455e-08
0
-4.53455e-08
)
;
    }
    procBoundary0to8
    {
        type            processor;
        value           nonuniform List<scalar> 
29
(
0
0
0
-1.55751e-21
7.64071e-37
0
-1.30245e-21
-2.64486e-37
0
-4.15107e-21
0
0
-1.96677e-21
-4.42529e-21
-2.36722e-21
1.55751e-21
-3.81982e-21
-2.93874e-37
2.4451e-21
0
-1.73624e-21
2.07554e-21
2.36722e-21
2.59131e-21
-2.73232e-21
0
0
-7.34684e-39
0
)
;
    }
    procBoundary0to9
    {
        type            processor;
        value           nonuniform List<scalar> 
40
(
-3.59434e-21
-1.73624e-21
-1.55751e-21
9.05895e-08
1.2729e-21
-9.01348e-22
0
2.13202e-21
0
1.90991e-21
7.99557e-08
-1.64631e-21
-1.95368e-21
9.01348e-22
0
-2.36722e-21
-2.64486e-37
6.45823e-08
9.83386e-22
8.23155e-22
-1.2729e-21
2.6412e-21
0
2.4451e-21
4.53455e-08
1.17549e-37
0
-7.78756e-22
-2.73232e-21
0
2.33789e-08
3.55083e-21
-2.07554e-21
1.73624e-21
0
2.6412e-21
5.99706e-23
-5.87747e-38
2.13202e-21
4.26117e-37
)
;
    }
}


// ************************************************************************* //
