/*--------------------------------*- C++ -*----------------------------------*\
| =========                 |                                                 |
| \\      /  F ield         | OpenFOAM: The Open Source CFD Toolbox           |
|  \\    /   O peration     | Version:  2212                                  |
|   \\  /    A nd           | Website:  www.openfoam.com                      |
|    \\/     M anipulation  |                                                 |
\*---------------------------------------------------------------------------*/
FoamFile
{
    version     2.0;
    format      ascii;
    arch        "LSB;label=32;scalar=64";
    class       surfaceScalarField;
    location    "2.25";
    object      meshPhi;
}
// * * * * * * * * * * * * * * * * * * * * * * * * * * * * * * * * * * * * * //

dimensions      [0 3 -1 0 0 0 0];

oriented        oriented;

internalField   nonuniform List<scalar> 
1826
(
-4.67492e-22
3.4714e-08
-3.4714e-08
4.67492e-22
3.4714e-08
-3.4714e-08
-3.93056e-37
3.4714e-08
-3.4714e-08
-4.67492e-22
3.4714e-08
-3.4714e-08
-4.67492e-22
3.4714e-08
-3.4714e-08
3.4714e-08
-3.4714e-08
7.49378e-37
6.5559e-08
-3.0845e-08
7.49378e-37
6.5559e-08
-3.0845e-08
9.01348e-22
6.5559e-08
-3.0845e-08
-9.01348e-22
6.5559e-08
-3.0845e-08
9.01348e-22
6.5559e-08
-3.0845e-08
6.5559e-08
-3.0845e-08
-1.76324e-37
9.05895e-08
-2.50304e-08
1.2729e-21
9.05895e-08
-2.50304e-08
-1.76324e-37
9.05895e-08
-2.50304e-08
-1.76324e-37
9.05895e-08
-2.50304e-08
-1.76324e-37
9.05895e-08
-2.50304e-08
9.05895e-08
-2.50304e-08
3.11502e-21
1.08218e-07
-1.76285e-08
-3.11502e-21
1.08218e-07
-1.76285e-08
0
1.08218e-07
-1.76285e-08
1.55751e-21
1.08218e-07
-1.76285e-08
0
1.08218e-07
-1.76285e-08
1.08218e-07
-1.76285e-08
1.73624e-21
1.17323e-07
-9.10464e-09
3.47248e-21
1.17323e-07
-9.10464e-09
3.47248e-21
1.17323e-07
-9.10464e-09
3.47248e-21
1.17323e-07
-9.10464e-09
1.73624e-21
1.17323e-07
-9.10464e-09
1.17323e-07
-9.10464e-09
1.88079e-36
1.17323e-07
-5.07521e-22
1.88079e-36
1.17323e-07
-5.06907e-22
-1.79717e-21
1.17323e-07
-5.07682e-22
-1.79717e-21
1.17323e-07
-5.06907e-22
-1.79717e-21
1.17323e-07
-5.07521e-22
1.17323e-07
-5.07521e-22
-1.73624e-21
1.08218e-07
9.10464e-09
3.47248e-21
1.08218e-07
9.10464e-09
-4.11423e-37
1.08218e-07
9.10464e-09
-1.73624e-21
1.08218e-07
9.10464e-09
0
1.08218e-07
9.10464e-09
1.08218e-07
9.10464e-09
-1.55751e-21
9.05895e-08
1.76285e-08
-1.55751e-21
9.05895e-08
1.76285e-08
-3.11502e-21
9.05895e-08
1.76285e-08
1.58692e-36
9.05895e-08
1.76285e-08
1.58692e-36
9.05895e-08
1.76285e-08
9.05895e-08
1.76285e-08
-1.2729e-21
6.5559e-08
2.50304e-08
-1.2729e-21
6.5559e-08
2.50304e-08
1.2729e-21
6.5559e-08
2.50304e-08
1.2729e-21
6.5559e-08
2.50304e-08
5.40727e-36
6.5559e-08
2.50304e-08
6.5559e-08
2.50304e-08
-9.01348e-22
3.4714e-08
3.0845e-08
-9.01348e-22
3.4714e-08
3.0845e-08
-9.01348e-22
3.4714e-08
3.0845e-08
-1.8027e-21
3.4714e-08
3.0845e-08
-9.01348e-22
3.4714e-08
3.0845e-08
3.4714e-08
3.0845e-08
-2.20405e-37
3.4714e-08
-4.4081e-37
3.4714e-08
-4.4081e-37
3.4714e-08
-2.20405e-37
3.4714e-08
-2.20405e-37
3.4714e-08
3.4714e-08
0
3.0845e-08
-6.5559e-08
-9.01348e-22
3.0845e-08
-6.5559e-08
0
3.0845e-08
-6.5559e-08
0
3.0845e-08
-6.5559e-08
0
3.0845e-08
-6.5559e-08
3.0845e-08
-6.5559e-08
0
5.80257e-08
-5.80257e-08
2.17466e-36
5.80257e-08
-5.80257e-08
-1.30245e-21
5.80257e-08
-5.80257e-08
0
5.80257e-08
-5.80257e-08
1.30245e-21
5.80257e-08
-5.80257e-08
5.80257e-08
-5.80257e-08
1.64631e-21
7.99557e-08
-4.69604e-08
-1.64631e-21
7.99557e-08
-4.69604e-08
0
7.99557e-08
-4.69604e-08
3.29262e-21
7.99557e-08
-4.69604e-08
1.64631e-21
7.99557e-08
-4.69604e-08
7.99557e-08
-4.69604e-08
-1.90991e-21
9.53421e-08
-3.30149e-08
-1.90991e-21
9.53421e-08
-3.30149e-08
1.90991e-21
9.53421e-08
-3.30149e-08
0
9.53421e-08
-3.30149e-08
2.05712e-36
9.53421e-08
-3.30149e-08
9.53421e-08
-3.30149e-08
-4.15107e-21
1.03272e-07
-1.70341e-08
-4.70198e-37
1.03272e-07
-1.70341e-08
-2.35099e-37
1.03272e-07
-1.70341e-08
-4.15107e-21
1.03272e-07
-1.70341e-08
-2.35099e-37
1.03272e-07
-1.70341e-08
1.03272e-07
-1.70341e-08
2.13202e-21
1.03272e-07
-9.33082e-22
-2.13202e-21
1.03272e-07
-9.33082e-22
2.13202e-21
1.03272e-07
-9.33082e-22
-4.70198e-37
1.03272e-07
-9.33082e-22
0
1.03272e-07
-9.33082e-22
1.03272e-07
-9.32388e-22
2.07554e-21
9.53421e-08
1.70341e-08
2.93874e-37
9.53421e-08
1.70341e-08
2.93874e-37
9.53421e-08
1.70341e-08
2.93874e-37
9.53421e-08
1.70341e-08
2.93874e-37
9.53421e-08
1.70341e-08
9.53421e-08
1.70341e-08
1.23427e-36
7.99557e-08
3.30149e-08
1.23427e-36
7.99557e-08
3.30149e-08
1.90991e-21
7.99557e-08
3.30149e-08
-3.81982e-21
7.99557e-08
3.30149e-08
-3.81982e-21
7.99557e-08
3.30149e-08
7.99557e-08
3.30149e-08
1.64631e-21
5.80257e-08
4.69604e-08
2.35099e-36
5.80257e-08
4.69604e-08
1.64631e-21
5.80257e-08
4.69604e-08
2.35099e-36
5.80257e-08
4.69604e-08
1.64631e-21
5.80257e-08
4.69604e-08
5.80257e-08
4.69604e-08
2.14528e-36
3.0845e-08
5.80257e-08
2.14528e-36
3.0845e-08
5.80257e-08
-1.30245e-21
3.0845e-08
5.80257e-08
0
3.0845e-08
5.80257e-08
0
3.0845e-08
5.80257e-08
3.0845e-08
5.80257e-08
7.78765e-37
6.5559e-08
7.78765e-37
6.5559e-08
9.01348e-22
6.5559e-08
-9.01348e-22
6.5559e-08
9.01348e-22
6.5559e-08
6.5559e-08
-1.2729e-21
2.50304e-08
-9.05895e-08
0
2.50304e-08
-9.05895e-08
-1.2729e-21
2.50304e-08
-9.05895e-08
1.2729e-21
2.50304e-08
-9.05895e-08
0
2.50304e-08
-9.05895e-08
2.50304e-08
-9.05895e-08
-1.11672e-36
4.69604e-08
-7.99557e-08
1.64631e-21
4.69604e-08
-7.99557e-08
0
4.69604e-08
-7.99557e-08
0
4.69604e-08
-7.99557e-08
-1.64631e-21
4.69604e-08
-7.99557e-08
4.69604e-08
-7.99557e-08
-5.28972e-37
6.45823e-08
-6.45823e-08
1.96677e-21
6.45823e-08
-6.45823e-08
-2.64486e-37
6.45823e-08
-6.45823e-08
1.96677e-21
6.45823e-08
-6.45823e-08
1.96677e-21
6.45823e-08
-6.45823e-08
6.45823e-08
-6.45823e-08
4.42529e-21
7.69129e-08
-4.53455e-08
4.42529e-21
7.69129e-08
-4.53455e-08
6.63794e-21
7.69129e-08
-4.53455e-08
4.42529e-21
7.69129e-08
-4.53455e-08
6.63794e-21
7.69129e-08
-4.53455e-08
7.69129e-08
-4.53455e-08
-4.73445e-21
8.32578e-08
-2.33789e-08
-4.73445e-21
8.32578e-08
-2.33789e-08
-4.73445e-21
8.32578e-08
-2.33789e-08
-2.36722e-21
8.32578e-08
-2.33789e-08
-2.36722e-21
8.32578e-08
-2.33789e-08
8.32578e-08
-2.33789e-08
2.41995e-21
8.32578e-08
-5.22772e-22
2.41995e-21
8.32578e-08
-5.22772e-22
2.41995e-21
8.32578e-08
-5.22772e-22
2.41995e-21
8.32578e-08
-5.22772e-22
2.41995e-21
8.32578e-08
-5.23111e-22
8.32578e-08
-5.22594e-22
-2.36722e-21
7.69129e-08
2.33789e-08
9.40395e-37
7.69129e-08
2.33789e-08
9.40395e-37
7.69129e-08
2.33789e-08
9.40395e-37
7.69129e-08
2.33789e-08
9.40395e-37
7.69129e-08
2.33789e-08
7.69129e-08
2.33789e-08
-2.21265e-21
6.45823e-08
4.53455e-08
1.52814e-36
6.45823e-08
4.53455e-08
1.52814e-36
6.45823e-08
4.53455e-08
1.52814e-36
6.45823e-08
4.53455e-08
1.52814e-36
6.45823e-08
4.53455e-08
6.45823e-08
4.53455e-08
-5.28972e-37
4.69604e-08
6.45823e-08
1.96677e-21
4.69604e-08
6.45823e-08
-2.64486e-37
4.69604e-08
6.45823e-08
-1.96677e-21
4.69604e-08
6.45823e-08
1.96677e-21
4.69604e-08
6.45823e-08
4.69604e-08
6.45823e-08
1.64631e-21
2.50304e-08
7.99557e-08
-3.29262e-21
2.50304e-08
7.99557e-08
-6.46522e-37
2.50304e-08
7.99557e-08
1.64631e-21
2.50304e-08
7.99557e-08
-6.46522e-37
2.50304e-08
7.99557e-08
2.50304e-08
7.99557e-08
-2.54581e-21
9.05895e-08
-1.2729e-21
9.05895e-08
-1.2729e-21
9.05895e-08
-1.2729e-21
9.05895e-08
-1.2729e-21
9.05895e-08
9.05895e-08
1.55751e-21
1.76285e-08
-1.08218e-07
1.55751e-21
1.76285e-08
-1.08218e-07
1.55751e-21
1.76285e-08
-1.08218e-07
3.11502e-21
1.76285e-08
-1.08218e-07
1.55751e-21
1.76285e-08
-1.08218e-07
1.76285e-08
-1.08218e-07
1.17549e-36
3.30149e-08
-9.53421e-08
1.17549e-36
3.30149e-08
-9.53421e-08
0
3.30149e-08
-9.53421e-08
-1.90991e-21
3.30149e-08
-9.53421e-08
-1.90991e-21
3.30149e-08
-9.53421e-08
3.30149e-08
-9.53421e-08
1.55753e-36
4.53455e-08
-7.69129e-08
2.21265e-21
4.53455e-08
-7.69129e-08
-2.21265e-21
4.53455e-08
-7.69129e-08
1.55753e-36
4.53455e-08
-7.69129e-08
-4.42529e-21
4.53455e-08
-7.69129e-08
4.53455e-08
-7.69129e-08
-4.8902e-21
5.3958e-08
-5.3958e-08
1.49876e-36
5.3958e-08
-5.3958e-08
-2.4451e-21
5.3958e-08
-5.3958e-08
-2.4451e-21
5.3958e-08
-5.3958e-08
1.49876e-36
5.3958e-08
-5.3958e-08
5.3958e-08
-5.3958e-08
5.28972e-37
5.83852e-08
-2.78061e-08
5.28972e-37
5.83852e-08
-2.78061e-08
5.18262e-21
5.83852e-08
-2.78061e-08
5.18262e-21
5.83852e-08
-2.78061e-08
5.28972e-37
5.83852e-08
-2.78061e-08
5.83852e-08
-2.78061e-08
8.81621e-37
5.83852e-08
-6.16597e-22
2.6412e-21
5.83852e-08
-6.16597e-22
-2.6412e-21
5.83852e-08
-6.16855e-22
2.6412e-21
5.83852e-08
-6.18406e-22
2.6412e-21
5.83852e-08
-6.17801e-22
5.83852e-08
-6.16855e-22
1.11672e-36
5.3958e-08
2.78061e-08
-2.59131e-21
5.3958e-08
2.78061e-08
2.59131e-21
5.3958e-08
2.78061e-08
2.59131e-21
5.3958e-08
2.78061e-08
2.59131e-21
5.3958e-08
2.78061e-08
5.3958e-08
2.78061e-08
-2.4451e-21
4.53455e-08
5.3958e-08
-2.4451e-21
4.53455e-08
5.3958e-08
-2.4451e-21
4.53455e-08
5.3958e-08
1.46937e-36
4.53455e-08
5.3958e-08
-2.4451e-21
4.53455e-08
5.3958e-08
4.53455e-08
5.3958e-08
2.21265e-21
3.30149e-08
7.69129e-08
2.21265e-21
3.30149e-08
7.69129e-08
2.21265e-21
3.30149e-08
7.69129e-08
-8.81621e-37
3.30149e-08
7.69129e-08
-8.81621e-37
3.30149e-08
7.69129e-08
3.30149e-08
7.69129e-08
3.81982e-21
1.76285e-08
9.53421e-08
1.96895e-36
1.76285e-08
9.53421e-08
1.90991e-21
1.76285e-08
9.53421e-08
1.96895e-36
1.76285e-08
9.53421e-08
1.90991e-21
1.76285e-08
9.53421e-08
1.76285e-08
9.53421e-08
-1.55751e-21
1.08218e-07
-1.55751e-21
1.08218e-07
-1.55751e-21
1.08218e-07
1.48406e-36
1.08218e-07
1.48406e-36
1.08218e-07
1.08218e-07
0
9.10464e-09
-1.17323e-07
-1.73624e-21
9.10464e-09
-1.17323e-07
-3.47248e-21
9.10464e-09
-1.17323e-07
-1.73624e-21
9.10464e-09
-1.17323e-07
-3.47248e-21
9.10464e-09
-1.17323e-07
9.10464e-09
-1.17323e-07
-2.07554e-21
1.70341e-08
-1.03272e-07
2.7918e-37
1.70341e-08
-1.03272e-07
2.7918e-37
1.70341e-08
-1.03272e-07
-2.07554e-21
1.70341e-08
-1.03272e-07
2.7918e-37
1.70341e-08
-1.03272e-07
1.70341e-08
-1.03272e-07
-2.36722e-21
2.33789e-08
-8.32578e-08
1.05794e-36
2.33789e-08
-8.32578e-08
1.05794e-36
2.33789e-08
-8.32578e-08
1.05794e-36
2.33789e-08
-8.32578e-08
-4.73445e-21
2.33789e-08
-8.32578e-08
2.33789e-08
-8.32578e-08
-2.59131e-21
2.78061e-08
-5.83852e-08
2.59131e-21
2.78061e-08
-5.83852e-08
2.0865e-36
2.78061e-08
-5.83852e-08
2.59131e-21
2.78061e-08
-5.83852e-08
2.59131e-21
2.78061e-08
-5.83852e-08
2.78061e-08
-5.83852e-08
-5.46463e-21
3.00804e-08
-3.00804e-08
-2.73232e-21
3.00804e-08
-3.00804e-08
1.24896e-36
3.00804e-08
-3.00804e-08
-2.73232e-21
3.00804e-08
-3.00804e-08
-2.73232e-21
3.00804e-08
-3.00804e-08
3.00804e-08
-3.00804e-08
5.56087e-21
3.00804e-08
-1.59578e-22
2.78043e-21
3.00804e-08
-1.59147e-22
1.96895e-36
3.00804e-08
-1.59147e-22
5.56087e-21
3.00804e-08
-1.59406e-22
2.78043e-21
3.00804e-08
-1.59578e-22
3.00804e-08
-1.59491e-22
-2.73232e-21
2.78061e-08
3.00804e-08
0
2.78061e-08
3.00804e-08
-2.73232e-21
2.78061e-08
3.00804e-08
1.24896e-36
2.78061e-08
3.00804e-08
1.24896e-36
2.78061e-08
3.00804e-08
2.78061e-08
3.00804e-08
5.5836e-37
2.33789e-08
5.83852e-08
2.59131e-21
2.33789e-08
5.83852e-08
5.5836e-37
2.33789e-08
5.83852e-08
5.5836e-37
2.33789e-08
5.83852e-08
-2.59131e-21
2.33789e-08
5.83852e-08
2.33789e-08
5.83852e-08
-4.73445e-21
1.70341e-08
8.32578e-08
-2.36722e-21
1.70341e-08
8.32578e-08
-7.34684e-37
1.70341e-08
8.32578e-08
-2.36722e-21
1.70341e-08
8.32578e-08
-7.10167e-21
1.70341e-08
8.32578e-08
1.70341e-08
8.32578e-08
2.07554e-21
9.10464e-09
1.03272e-07
4.15107e-21
9.10464e-09
1.03272e-07
2.07554e-21
9.10464e-09
1.03272e-07
2.07554e-21
9.10464e-09
1.03272e-07
-3.30608e-37
9.10464e-09
1.03272e-07
9.10464e-09
1.03272e-07
6.83256e-37
1.17323e-07
1.36651e-36
1.17323e-07
6.83256e-37
1.17323e-07
1.36651e-36
1.17323e-07
6.83256e-37
1.17323e-07
1.17323e-07
1.92005e-36
-5.08458e-22
-1.17323e-07
1.79717e-21
-5.06907e-22
-1.17323e-07
1.79717e-21
-5.07682e-22
-1.17323e-07
-1.79717e-21
-5.07682e-22
-1.17323e-07
-1.79717e-21
-5.07424e-22
-1.17323e-07
-5.07424e-22
-2.13202e-21
-9.33163e-22
-1.03272e-07
-2.13202e-21
-9.33163e-22
-1.03272e-07
0
-9.33163e-22
-1.03272e-07
-2.13202e-21
-9.33163e-22
-1.03272e-07
0
-9.33163e-22
-1.03272e-07
-9.33163e-22
-2.41995e-21
-4.85969e-22
-8.32578e-08
2.41995e-21
-4.85969e-22
-8.32578e-08
1.21958e-36
-4.85969e-22
-8.32578e-08
4.8399e-21
-4.85969e-22
-8.32578e-08
2.41995e-21
-4.85193e-22
-8.32578e-08
-4.85193e-22
2.6412e-21
-5.46973e-22
-5.83852e-08
5.2824e-21
-5.46973e-22
-5.83852e-08
-5.2824e-21
-5.4749e-22
-5.83852e-08
5.2824e-21
-5.46973e-22
-5.83852e-08
5.2824e-21
-5.46973e-22
-5.83852e-08
-5.46973e-22
-2.78043e-21
-1.63885e-22
-3.00804e-08
-2.78043e-21
-1.63368e-22
-3.00804e-08
1.97509e-36
-1.63368e-22
-3.00804e-08
2.78043e-21
-1.63368e-22
-3.00804e-08
0
-1.63885e-22
-3.00804e-08
-1.63885e-22
-2.82795e-21
1.24077e-22
1.23905e-22
-2.82795e-21
1.24594e-22
1.24422e-22
-2.82795e-21
1.24594e-22
1.24422e-22
-2.82795e-21
1.24077e-22
1.24164e-22
-2.82795e-21
1.24077e-22
1.23905e-22
1.24077e-22
1.24681e-22
-2.78043e-21
6.41065e-22
3.00804e-08
2.00322e-36
6.41582e-22
3.00804e-08
-2.78043e-21
6.41582e-22
3.00804e-08
2.78043e-21
6.42616e-22
3.00804e-08
4.00644e-36
6.42616e-22
3.00804e-08
6.41582e-22
3.00804e-08
-2.6412e-21
6.57609e-22
5.83852e-08
2.6412e-21
6.58126e-22
5.83852e-08
2.6412e-21
6.57092e-22
5.83852e-08
-5.2824e-21
6.57092e-22
5.83852e-08
8.88968e-37
6.60194e-22
5.83852e-08
6.60194e-22
5.83852e-08
2.41995e-21
8.1012e-22
8.32578e-08
2.41995e-21
8.1012e-22
8.32578e-08
1.22187e-36
8.1012e-22
8.32578e-08
4.8399e-21
8.1012e-22
8.32578e-08
2.41995e-21
8.1012e-22
8.32578e-08
8.1012e-22
8.32578e-08
-2.13202e-21
5.07682e-22
1.03272e-07
-2.13202e-21
5.06648e-22
1.03272e-07
0
5.07682e-22
1.03272e-07
-4.26403e-21
5.07682e-22
1.03272e-07
0
5.07682e-22
1.03272e-07
5.07682e-22
1.03272e-07
1.98847e-36
1.17323e-07
1.98847e-36
1.17323e-07
1.98847e-36
1.17323e-07
-1.79717e-21
1.17323e-07
1.98847e-36
1.17323e-07
1.17323e-07
1.73624e-21
-9.10464e-09
1.73624e-21
-9.10464e-09
-1.08218e-07
1.24391e-36
-9.10464e-09
-1.08218e-07
3.47248e-21
-9.10464e-09
-1.08218e-07
-9.10464e-09
-1.08218e-07
4.15107e-21
-1.70341e-08
2.07554e-21
-1.70341e-08
-9.53421e-08
2.07554e-21
-1.70341e-08
-9.53421e-08
-2.42446e-37
-1.70341e-08
-9.53421e-08
-1.70341e-08
-9.53421e-08
-2.36722e-21
-2.33789e-08
-7.69129e-08
-4.73445e-21
-2.33789e-08
-7.69129e-08
-2.36722e-21
-2.33789e-08
-7.69129e-08
-2.36722e-21
-2.33789e-08
-7.69129e-08
-2.33789e-08
-7.69129e-08
2.59131e-21
-2.78061e-08
-5.3958e-08
2.59131e-21
-2.78061e-08
-5.3958e-08
2.59131e-21
-2.78061e-08
-5.3958e-08
2.59131e-21
-2.78061e-08
-5.3958e-08
-2.78061e-08
-5.3958e-08
-2.73232e-21
-3.00804e-08
-2.78061e-08
-5.46463e-21
-3.00804e-08
-2.78061e-08
2.73232e-21
-3.00804e-08
-2.78061e-08
1.26366e-36
-3.00804e-08
-2.78061e-08
-3.00804e-08
-2.78061e-08
-2.78043e-21
-3.00804e-08
6.86996e-22
1.96895e-36
-3.00804e-08
6.86132e-22
-2.78043e-21
-3.00804e-08
6.86479e-22
2.78043e-21
-3.00804e-08
6.87077e-22
0
-3.00804e-08
6.86132e-22
-3.00804e-08
6.86479e-22
-2.73232e-21
-2.78061e-08
2.78061e-08
-2.73232e-21
-2.78061e-08
2.78061e-08
2.73232e-21
-2.78061e-08
2.78061e-08
1.24896e-36
-2.78061e-08
2.78061e-08
2.73232e-21
-2.78061e-08
2.78061e-08
-2.78061e-08
2.78061e-08
1.13141e-36
-2.33789e-08
5.3958e-08
1.13141e-36
-2.33789e-08
5.3958e-08
2.26283e-36
-2.33789e-08
5.3958e-08
2.26283e-36
-2.33789e-08
5.3958e-08
-5.18262e-21
-2.33789e-08
5.3958e-08
-2.33789e-08
5.3958e-08
2.36722e-21
-1.70341e-08
7.69129e-08
2.36722e-21
-1.70341e-08
7.69129e-08
-2.36722e-21
-1.70341e-08
7.69129e-08
1.05794e-36
-1.70341e-08
7.69129e-08
2.36722e-21
-1.70341e-08
7.69129e-08
-1.70341e-08
7.69129e-08
2.71833e-37
-9.10464e-09
9.53421e-08
2.71833e-37
-9.10464e-09
9.53421e-08
-2.07554e-21
-9.10464e-09
9.53421e-08
2.71833e-37
-9.10464e-09
9.53421e-08
-2.07554e-21
-9.10464e-09
9.53421e-08
-9.10464e-09
9.53421e-08
-1.73624e-21
1.08218e-07
1.73624e-21
1.08218e-07
-1.73624e-21
1.08218e-07
-1.73624e-21
1.08218e-07
3.47248e-21
1.08218e-07
1.08218e-07
-3.11502e-21
-1.76285e-08
-9.05895e-08
-1.55751e-21
-1.76285e-08
-9.05895e-08
-3.11502e-21
-1.76285e-08
-9.05895e-08
-1.76285e-08
-9.05895e-08
2.1012e-36
-3.30149e-08
-7.99557e-08
1.90991e-21
-3.30149e-08
-7.99557e-08
1.90991e-21
-3.30149e-08
-7.99557e-08
-3.30149e-08
-7.99557e-08
4.42529e-21
-4.53455e-08
-6.45823e-08
8.96314e-37
-4.53455e-08
-6.45823e-08
2.21265e-21
-4.53455e-08
-6.45823e-08
8.96314e-37
-4.53455e-08
-6.45823e-08
-4.53455e-08
-6.45823e-08
-2.4451e-21
-5.3958e-08
-4.53455e-08
1.49876e-36
-5.3958e-08
-4.53455e-08
-2.4451e-21
-5.3958e-08
-4.53455e-08
-2.4451e-21
-5.3958e-08
-4.53455e-08
-5.3958e-08
-4.53455e-08
1.11672e-36
-5.83852e-08
-2.33789e-08
2.59131e-21
-5.83852e-08
-2.33789e-08
2.23344e-36
-5.83852e-08
-2.33789e-08
-2.59131e-21
-5.83852e-08
-2.33789e-08
-5.83852e-08
-2.33789e-08
2.6412e-21
-5.83852e-08
5.21899e-22
0
-5.83852e-08
5.2303e-22
5.2824e-21
-5.83852e-08
5.21899e-22
5.2824e-21
-5.83852e-08
5.21899e-22
5.2824e-21
-5.83852e-08
5.23967e-22
-5.83852e-08
5.22255e-22
5.87747e-37
-5.3958e-08
2.33789e-08
5.87747e-37
-5.3958e-08
2.33789e-08
5.87747e-37
-5.3958e-08
2.33789e-08
5.18262e-21
-5.3958e-08
2.33789e-08
-2.59131e-21
-5.3958e-08
2.33789e-08
-5.3958e-08
2.33789e-08
-4.8902e-21
-4.53455e-08
4.53455e-08
-2.4451e-21
-4.53455e-08
4.53455e-08
-2.4451e-21
-4.53455e-08
4.53455e-08
-2.4451e-21
-4.53455e-08
4.53455e-08
1.49876e-36
-4.53455e-08
4.53455e-08
-4.53455e-08
4.53455e-08
-4.42529e-21
-3.30149e-08
6.45823e-08
1.55753e-36
-3.30149e-08
6.45823e-08
-6.63794e-21
-3.30149e-08
6.45823e-08
1.55753e-36
-3.30149e-08
6.45823e-08
1.55753e-36
-3.30149e-08
6.45823e-08
-3.30149e-08
6.45823e-08
3.81982e-21
-1.76285e-08
7.99557e-08
1.24896e-36
-1.76285e-08
7.99557e-08
2.49793e-36
-1.76285e-08
7.99557e-08
-1.90991e-21
-1.76285e-08
7.99557e-08
-1.90991e-21
-1.76285e-08
7.99557e-08
-1.76285e-08
7.99557e-08
3.20322e-36
9.05895e-08
-1.55751e-21
9.05895e-08
-1.55751e-21
9.05895e-08
1.60161e-36
9.05895e-08
1.60161e-36
9.05895e-08
9.05895e-08
-1.5061e-37
-2.50304e-08
-6.5559e-08
-3.0122e-37
-2.50304e-08
-6.5559e-08
2.54581e-21
-2.50304e-08
-6.5559e-08
-2.50304e-08
-6.5559e-08
1.64631e-21
-4.69604e-08
-5.80257e-08
3.29262e-21
-4.69604e-08
-5.80257e-08
-1.64631e-21
-4.69604e-08
-5.80257e-08
-4.69604e-08
-5.80257e-08
3.93354e-21
-6.45823e-08
-4.69604e-08
1.96677e-21
-6.45823e-08
-4.69604e-08
1.96677e-21
-6.45823e-08
-4.69604e-08
1.96677e-21
-6.45823e-08
-4.69604e-08
-6.45823e-08
-4.69604e-08
-4.42529e-21
-7.69129e-08
-3.30149e-08
-2.21265e-21
-7.69129e-08
-3.30149e-08
1.52814e-36
-7.69129e-08
-3.30149e-08
1.52814e-36
-7.69129e-08
-3.30149e-08
-7.69129e-08
-3.30149e-08
0
-8.32578e-08
-1.70341e-08
4.73445e-21
-8.32578e-08
-1.70341e-08
2.36722e-21
-8.32578e-08
-1.70341e-08
1.05794e-36
-8.32578e-08
-1.70341e-08
-8.32578e-08
-1.70341e-08
2.41995e-21
-8.32578e-08
8.10217e-22
1.23427e-36
-8.32578e-08
8.10217e-22
1.23427e-36
-8.32578e-08
8.10217e-22
2.41995e-21
-8.32578e-08
8.10217e-22
2.41995e-21
-8.32578e-08
8.10217e-22
-8.32578e-08
8.10992e-22
-2.36722e-21
-7.69129e-08
1.70341e-08
-2.93874e-37
-7.69129e-08
1.70341e-08
2.36722e-21
-7.69129e-08
1.70341e-08
-2.93874e-37
-7.69129e-08
1.70341e-08
-2.93874e-37
-7.69129e-08
1.70341e-08
-7.69129e-08
1.70341e-08
-2.21265e-21
-6.45823e-08
3.30149e-08
2.21265e-21
-6.45823e-08
3.30149e-08
-2.21265e-21
-6.45823e-08
3.30149e-08
0
-6.45823e-08
3.30149e-08
2.21265e-21
-6.45823e-08
3.30149e-08
-6.45823e-08
3.30149e-08
3.93354e-21
-4.69604e-08
4.69604e-08
5.90031e-21
-4.69604e-08
4.69604e-08
1.96677e-21
-4.69604e-08
4.69604e-08
1.96677e-21
-4.69604e-08
4.69604e-08
3.93354e-21
-4.69604e-08
4.69604e-08
-4.69604e-08
4.69604e-08
3.29262e-21
-2.50304e-08
5.80257e-08
1.64631e-21
-2.50304e-08
5.80257e-08
4.93893e-21
-2.50304e-08
5.80257e-08
3.29262e-21
-2.50304e-08
5.80257e-08
3.29262e-21
-2.50304e-08
5.80257e-08
-2.50304e-08
5.80257e-08
0
6.5559e-08
0
6.5559e-08
2.54581e-21
6.5559e-08
0
6.5559e-08
2.54581e-21
6.5559e-08
6.5559e-08
7.7601e-37
-3.0845e-08
-3.4714e-08
7.7601e-37
-3.0845e-08
-3.4714e-08
7.7601e-37
-3.0845e-08
-3.4714e-08
-3.0845e-08
-3.4714e-08
2.05712e-36
-5.80257e-08
-3.0845e-08
-1.30245e-21
-5.80257e-08
-3.0845e-08
1.30245e-21
-5.80257e-08
-3.0845e-08
-5.80257e-08
-3.0845e-08
4.93893e-21
-7.99557e-08
-2.50304e-08
1.64631e-21
-7.99557e-08
-2.50304e-08
4.93893e-21
-7.99557e-08
-2.50304e-08
1.64631e-21
-7.99557e-08
-2.50304e-08
-7.99557e-08
-2.50304e-08
1.90991e-21
-9.53421e-08
-1.76285e-08
1.17549e-36
-9.53421e-08
-1.76285e-08
-3.81982e-21
-9.53421e-08
-1.76285e-08
-1.90991e-21
-9.53421e-08
-1.76285e-08
-9.53421e-08
-1.76285e-08
2.35099e-37
-1.03272e-07
-9.10464e-09
2.35099e-37
-1.03272e-07
-9.10464e-09
2.07554e-21
-1.03272e-07
-9.10464e-09
-4.15107e-21
-1.03272e-07
-9.10464e-09
-1.03272e-07
-9.10464e-09
-4.26403e-21
-1.03272e-07
5.07601e-22
-4.26403e-21
-1.03272e-07
5.06745e-22
-4.26403e-21
-1.03272e-07
5.07601e-22
-4.26403e-21
-1.03272e-07
5.06745e-22
-6.39605e-21
-1.03272e-07
5.07601e-22
-1.03272e-07
5.07601e-22
2.07554e-21
-9.53421e-08
9.10464e-09
2.07554e-21
-9.53421e-08
9.10464e-09
2.07554e-21
-9.53421e-08
9.10464e-09
2.07554e-21
-9.53421e-08
9.10464e-09
-2.35099e-37
-9.53421e-08
9.10464e-09
-9.53421e-08
9.10464e-09
7.63965e-21
-7.99557e-08
1.76285e-08
1.93957e-36
-7.99557e-08
1.76285e-08
1.90991e-21
-7.99557e-08
1.76285e-08
3.81982e-21
-7.99557e-08
1.76285e-08
3.81982e-21
-7.99557e-08
1.76285e-08
-7.99557e-08
1.76285e-08
3.29262e-21
-5.80257e-08
2.50304e-08
-1.29304e-36
-5.80257e-08
2.50304e-08
1.64631e-21
-5.80257e-08
2.50304e-08
1.64631e-21
-5.80257e-08
2.50304e-08
1.64631e-21
-5.80257e-08
2.50304e-08
-5.80257e-08
2.50304e-08
0
-3.0845e-08
3.0845e-08
2.14528e-36
-3.0845e-08
3.0845e-08
-1.30245e-21
-3.0845e-08
3.0845e-08
1.30245e-21
-3.0845e-08
3.0845e-08
0
-3.0845e-08
3.0845e-08
-3.0845e-08
3.0845e-08
9.01348e-22
3.4714e-08
0
3.4714e-08
0
3.4714e-08
9.01348e-22
3.4714e-08
0
3.4714e-08
3.4714e-08
4.67492e-22
-3.4714e-08
2.47037e-37
-3.4714e-08
0
-3.4714e-08
-3.4714e-08
0
-6.5559e-08
-1.14611e-36
-6.5559e-08
9.01348e-22
-6.5559e-08
-6.5559e-08
2.54581e-21
-9.05895e-08
1.2729e-21
-9.05895e-08
2.54581e-21
-9.05895e-08
-2.54581e-21
-9.05895e-08
-9.05895e-08
-3.11502e-21
-1.08218e-07
-1.55751e-21
-1.08218e-07
-1.55751e-21
-1.08218e-07
1.52814e-36
-1.08218e-07
-1.08218e-07
1.73624e-21
-1.17323e-07
5.20871e-21
-1.17323e-07
1.73624e-21
-1.17323e-07
3.47248e-21
-1.17323e-07
-1.17323e-07
1.82202e-36
-1.17323e-07
1.79717e-21
-1.17323e-07
1.82202e-36
-1.17323e-07
-1.79717e-21
-1.17323e-07
-1.79717e-21
-1.17323e-07
-1.17323e-07
1.73624e-21
-1.08218e-07
3.47248e-21
-1.08218e-07
3.47248e-21
-1.08218e-07
5.20871e-21
-1.08218e-07
3.47248e-21
-1.08218e-07
-1.08218e-07
-4.67253e-21
-9.05895e-08
-1.55751e-21
-9.05895e-08
-3.11502e-21
-9.05895e-08
-6.23005e-21
-9.05895e-08
-3.11502e-21
-9.05895e-08
-9.05895e-08
1.2729e-21
-6.5559e-08
1.2729e-21
-6.5559e-08
1.2729e-21
-6.5559e-08
2.54581e-21
-6.5559e-08
1.2729e-21
-6.5559e-08
-6.5559e-08
7.05297e-37
-3.4714e-08
9.01348e-22
-3.4714e-08
9.01348e-22
-3.4714e-08
9.01348e-22
-3.4714e-08
9.01348e-22
-3.4714e-08
-3.4714e-08
-9.34984e-22
4.67492e-22
-4.67492e-22
4.67492e-22
-4.67492e-22
)
;

boundaryField
{
    inlet
    {
        type            calculated;
        value           nonuniform List<scalar> 0();
    }
    ami1
    {
        type            cyclicAMI;
        value           nonuniform List<scalar> 0();
    }
    walls
    {
        type            calculated;
        value           nonuniform List<scalar> 
248
(
-2.90979e-14
-2.43942e-14
-1.84387e-14
-1.28555e-14
-6.40674e-15
9.15844e-22
6.40674e-15
1.28555e-14
1.84387e-14
2.43942e-14
2.90979e-14
-2.90979e-14
-2.43942e-14
-1.84387e-14
-1.28555e-14
-6.40674e-15
9.15844e-22
6.40674e-15
1.28555e-14
1.84387e-14
2.43942e-14
2.90979e-14
-2.90979e-14
-2.43942e-14
-1.84387e-14
-1.28555e-14
-6.40674e-15
9.15844e-22
6.40674e-15
1.28555e-14
1.84387e-14
2.43942e-14
2.90979e-14
-2.90979e-14
-2.43942e-14
-1.84387e-14
-1.28555e-14
-6.40674e-15
9.15844e-22
6.40674e-15
1.28555e-14
1.84387e-14
2.43942e-14
2.90979e-14
-2.90979e-14
-2.43942e-14
-1.84387e-14
-1.28555e-14
-6.40674e-15
9.15586e-22
6.40674e-15
1.28555e-14
1.84387e-14
2.43942e-14
2.90979e-14
-2.90979e-14
-2.43942e-14
-1.84387e-14
-1.28555e-14
-6.40674e-15
9.15586e-22
6.40674e-15
1.28555e-14
1.84387e-14
2.43942e-14
2.90979e-14
-2.90979e-14
-2.43942e-14
-1.84387e-14
-1.28555e-14
-6.40674e-15
9.15844e-22
6.40674e-15
1.28555e-14
1.84387e-14
2.43942e-14
2.90979e-14
-2.90979e-14
-2.43942e-14
-1.84387e-14
-1.28555e-14
-6.40674e-15
9.15844e-22
6.40674e-15
1.28555e-14
1.84387e-14
2.43942e-14
2.90979e-14
-2.90979e-14
-2.43942e-14
-1.84387e-14
-1.28555e-14
-6.40674e-15
9.15844e-22
6.40674e-15
1.28555e-14
1.84387e-14
2.43942e-14
2.90979e-14
-2.90979e-14
-2.43942e-14
-1.84387e-14
-1.28555e-14
-6.40674e-15
9.15844e-22
6.40674e-15
1.28555e-14
1.84387e-14
2.43942e-14
2.90979e-14
-2.90979e-14
-2.43942e-14
-1.84387e-14
-1.28555e-14
-6.40674e-15
9.15586e-22
6.40674e-15
1.28555e-14
1.84387e-14
2.43942e-14
2.90979e-14
-2.90979e-14
-2.43942e-14
-1.84387e-14
-1.28555e-14
-6.40674e-15
9.15586e-22
6.40674e-15
1.28555e-14
1.84387e-14
2.43942e-14
2.90979e-14
1.84387e-14
1.28555e-14
6.40674e-15
9.98304e-22
-6.40674e-15
-1.28555e-14
-1.84387e-14
-2.43942e-14
-2.90979e-14
2.90979e-14
2.43942e-14
1.84387e-14
1.28555e-14
6.40674e-15
9.98304e-22
-6.40674e-15
-1.28555e-14
-1.84387e-14
-2.43942e-14
-2.90979e-14
2.90979e-14
2.43942e-14
1.84387e-14
1.28555e-14
6.40674e-15
9.98304e-22
-6.40674e-15
-1.28555e-14
-1.84387e-14
-2.43942e-14
-2.90979e-14
2.90979e-14
2.43942e-14
1.84387e-14
1.28555e-14
6.40674e-15
9.98304e-22
-6.40674e-15
-1.28555e-14
-1.84387e-14
-2.43942e-14
-2.90979e-14
2.90979e-14
2.43942e-14
1.84387e-14
1.28555e-14
6.40674e-15
9.98142e-22
-6.40674e-15
-1.28555e-14
-1.84387e-14
-2.43942e-14
-2.90979e-14
9.98304e-22
-6.40674e-15
-1.28555e-14
-1.84387e-14
-2.43942e-14
-2.90979e-14
2.90979e-14
2.43942e-14
1.84387e-14
1.28555e-14
6.40674e-15
9.98304e-22
-6.40674e-15
2.90979e-14
2.43942e-14
1.84387e-14
1.28555e-14
6.40674e-15
9.98304e-22
-6.40674e-15
-1.28555e-14
-1.84387e-14
-2.43942e-14
-2.90979e-14
2.90979e-14
2.43942e-14
1.84387e-14
1.28555e-14
6.40674e-15
9.98304e-22
-6.40674e-15
-1.28555e-14
-1.84387e-14
-2.43942e-14
-2.90979e-14
2.90979e-14
2.43942e-14
1.84387e-14
1.28555e-14
6.40674e-15
9.98304e-22
-6.40674e-15
-1.28555e-14
-1.84387e-14
-2.43942e-14
-2.90979e-14
2.90979e-14
2.43942e-14
1.84387e-14
1.28555e-14
6.40674e-15
9.98142e-22
-6.40674e-15
-1.28555e-14
-1.84387e-14
-2.43942e-14
-2.90979e-14
2.90979e-14
2.43942e-14
1.84387e-14
1.28555e-14
6.40674e-15
9.98304e-22
)
;
    }
    ami2
    {
        type            cyclicAMI;
        value           nonuniform List<scalar> 0();
    }
    outlet
    {
        type            calculated;
        value           nonuniform List<scalar> 0();
    }
    procBoundary7to5
    {
        type            processor;
        value           nonuniform List<scalar> 
131
(
-3.93056e-37
-9.01348e-22
-1.2729e-21
0
6.46522e-37
-3.59434e-21
-4.11423e-37
-1.55751e-21
-1.2729e-21
0
-4.4081e-37
9.01348e-22
2.17466e-36
1.64631e-21
1.90991e-21
-4.15107e-21
2.13202e-21
-4.15107e-21
-3.81982e-21
-1.64631e-21
2.14528e-36
9.01348e-22
-2.54581e-21
-1.64631e-21
1.96677e-21
6.63794e-21
-9.46889e-21
2.41995e-21
-2.36722e-21
1.52814e-36
-1.96677e-21
-1.64631e-21
-2.54581e-21
1.55751e-21
1.17549e-36
-4.42529e-21
1.49876e-36
2.59131e-21
8.81621e-37
0
1.46937e-36
2.21265e-21
1.90991e-21
1.48406e-36
-1.73624e-21
-2.07554e-21
1.05794e-36
-2.59131e-21
-5.46463e-21
1.96895e-36
-2.73232e-21
2.59131e-21
-4.73445e-21
-2.07554e-21
6.83256e-37
1.79717e-21
-1.17323e-07
-2.13202e-21
-1.03272e-07
2.41995e-21
-8.32578e-08
2.6412e-21
-5.83852e-08
-2.78043e-21
-3.00804e-08
-2.82795e-21
-2.78043e-21
8.88968e-37
2.41995e-21
-2.13202e-21
-1.79717e-21
1.24391e-36
-2.07554e-21
-3.15914e-37
5.18262e-21
2.73232e-21
3.00804e-08
-2.78043e-21
-2.73232e-21
-2.59131e-21
4.73445e-21
-4.15107e-21
-3.59995e-37
1.47671e-36
1.90991e-21
2.21265e-21
-4.8902e-21
2.59131e-21
5.83852e-08
2.6412e-21
2.59131e-21
-2.4451e-21
-2.21265e-21
1.24896e-36
-1.55751e-21
1.2729e-21
1.64631e-21
3.93354e-21
-4.42529e-21
0
8.32578e-08
2.41995e-21
-2.93874e-37
2.21265e-21
1.96677e-21
1.64631e-21
2.54581e-21
1.8027e-21
0
3.29262e-21
1.90991e-21
-2.07554e-21
1.03272e-07
-4.26403e-21
-2.07554e-21
1.90991e-21
1.64631e-21
2.14528e-36
9.01348e-22
0
9.01348e-22
2.54581e-21
1.52814e-36
3.47248e-21
1.17323e-07
-1.79717e-21
3.47248e-21
0
1.2729e-21
1.8027e-21
4.67492e-22
)
;
    }
    procBoundary7to8
    {
        type            processor;
        value           nonuniform List<scalar> 
68
(
0
-9.01348e-22
2.02038e-37
1.55751e-21
-3.47248e-21
-9.01348e-22
1.30245e-21
0
1.90991e-21
2.07554e-21
-2.64486e-36
0
-5.90031e-21
-2.21265e-21
2.36722e-21
-1.55751e-21
1.90991e-21
-1.55753e-36
2.4451e-21
-5.18262e-21
-3.47248e-21
-2.07554e-21
-1.11672e-36
2.59131e-21
2.73232e-21
5.56087e-21
-1.79717e-21
2.13202e-21
-2.41995e-21
-8.22846e-37
-2.78043e-21
2.82795e-21
5.20871e-21
-1.08218e-07
2.93874e-37
-9.53421e-08
2.36722e-21
-5.18262e-21
-2.73232e-21
2.78043e-21
4.67253e-21
-5.72973e-21
3.30149e-08
0
2.4451e-21
-2.59131e-21
-8.75422e-37
2.54581e-21
-4.93893e-21
4.69604e-08
-3.93354e-21
4.42529e-21
2.36722e-21
-1.27582e-36
-9.01348e-22
-1.30245e-21
5.80257e-08
-1.08733e-36
1.90991e-21
-2.07554e-21
2.13202e-21
4.67492e-22
1.8027e-21
6.5559e-08
-2.54581e-21
-1.60161e-36
-1.73624e-21
1.79717e-21
)
;
    }
    procBoundary7to9
    {
        type            processor;
        value           nonuniform List<scalar> 
59
(
-3.58526e-36
-3.47248e-21
-1.47947e-36
-2.54581e-21
1.8027e-21
1.40248e-21
2.13202e-21
-2.07554e-21
1.90991e-21
1.64631e-21
0
-7.64071e-37
-2.41995e-21
2.36722e-21
-1.52814e-36
-1.96677e-21
-1.64631e-21
1.46937e-37
-2.6412e-21
-1.10203e-36
-1.49876e-36
-2.21265e-21
1.90991e-21
1.55751e-21
0
2.59131e-21
4.73445e-21
2.35099e-37
1.73624e-21
-5.56087e-21
-8.81621e-37
-1.29304e-36
0
-1.82202e-36
-1.24896e-36
0
-2.36722e-21
-2.07554e-21
-1.73624e-21
-5.5836e-37
-1.49876e-36
-2.21265e-21
-1.90991e-21
-1.55751e-21
2.36722e-21
-4.42529e-21
-1.96677e-21
1.64631e-21
-1.2729e-21
2.07554e-21
3.81982e-21
-1.64631e-21
-1.30245e-21
9.01348e-22
1.73624e-21
3.11502e-21
1.2729e-21
0
2.05712e-37
)
;
    }
}


// ************************************************************************* //
