/*--------------------------------*- C++ -*----------------------------------*\
| =========                 |                                                 |
| \\      /  F ield         | OpenFOAM: The Open Source CFD Toolbox           |
|  \\    /   O peration     | Version:  2212                                  |
|   \\  /    A nd           | Website:  www.openfoam.com                      |
|    \\/     M anipulation  |                                                 |
\*---------------------------------------------------------------------------*/
FoamFile
{
    version     2.0;
    format      ascii;
    arch        "LSB;label=32;scalar=64";
    class       surfaceVectorField;
    location    "2.15";
    object      Uf;
}
// * * * * * * * * * * * * * * * * * * * * * * * * * * * * * * * * * * * * * //

dimensions      [0 1 -1 0 0 0 0];

internalField   nonuniform List<vector> 
1815
(
(0.0282628 -1.85441e-05 8.50622e-05)
(0.0358021 -0.000185318 8.10174e-05)
(0.0346469 1.38116e-05 0.00013203)
(0.0278575 -1.75924e-05 8.24038e-05)
(0.0353088 -0.00017863 7.61448e-05)
(0.034183 1.54394e-05 0.000125134)
(0.0274708 -1.64834e-05 8.12891e-05)
(0.0348427 -0.000174825 7.44119e-05)
(0.0337401 1.94833e-05 0.000120252)
(0.0270976 -1.60801e-05 7.95519e-05)
(0.0343957 -0.000172511 7.35654e-05)
(0.0333057 2.29515e-05 0.000115868)
(0.0267341 -1.62555e-05 7.60599e-05)
(0.0339647 -0.000170056 7.02649e-05)
(0.0328838 2.36659e-05 0.00011015)
(0.0263813 -1.65379e-05 7.14391e-05)
(0.033547 -0.000166805 6.52868e-05)
(0.0324713 2.34242e-05 0.000103189)
(0.0260419 -1.68138e-05 6.6633e-05)
(0.0331418 -0.000162679 5.94179e-05)
(0.0320697 2.31721e-05 9.6003e-05)
(0.0257142 -1.69311e-05 6.20987e-05)
(0.0327539 -0.000159167 5.45388e-05)
(0.0316858 2.32002e-05 8.89252e-05)
(0.0253975 -1.75596e-05 5.74409e-05)
(0.0323732 -0.000155551 5.01817e-05)
(0.0313115 2.29967e-05 8.21965e-05)
(0.0250855 -1.88992e-05 5.17026e-05)
(0.0319995 -0.000151868 4.53685e-05)
(0.030949 1.98401e-05 7.5381e-05)
(0.0316303 -0.000143676 3.86271e-05)
(0.0305943 1.41102e-05 6.71259e-05)
(0.046494 -0.000357985 3.60874e-05)
(0.0545137 -0.000559971 -8.70622e-05)
(0.0598188 -0.000296454 0.000106768)
(0.0459072 -0.000349471 3.33217e-05)
(0.0538601 -0.00054803 -9.23289e-05)
(0.059269 -0.000274038 0.000100162)
(0.0453475 -0.000342736 3.14149e-05)
(0.0532283 -0.000537971 -9.75607e-05)
(0.0587407 -0.000258635 9.65486e-05)
(0.0448109 -0.000336071 2.82177e-05)
(0.052628 -0.000527583 -0.000103432)
(0.0582403 -0.000249078 9.43047e-05)
(0.0442932 -0.000328516 2.30325e-05)
(0.0520396 -0.000516693 -0.000110823)
(0.0577497 -0.000242825 9.02811e-05)
(0.0437933 -0.000320008 1.69441e-05)
(0.0514733 -0.000505759 -0.000118163)
(0.0572801 -0.000235768 8.43087e-05)
(0.043311 -0.000312015 1.16508e-05)
(0.0509137 -0.000494183 -0.000124298)
(0.0568115 -0.000227437 7.7154e-05)
(0.0428402 -0.000305983 8.35302e-06)
(0.0503731 -0.000486336 -0.000127365)
(0.0563628 -0.000220281 7.03926e-05)
(0.042376 -0.000301586 6.56139e-06)
(0.0498331 -0.000481903 -0.000127145)
(0.0559105 -0.000212449 6.43742e-05)
(0.0419123 -0.000293235 4.75182e-06)
(0.0492975 -0.000472467 -0.000123859)
(0.0554626 -0.000212125 5.89144e-05)
(0.0487723 -0.000440947 -0.000118605)
(0.0550196 -0.000214321 5.40167e-05)
(0.0637583 -0.000775952 -0.000260934)
(0.0692399 -0.000850742 -0.000383625)
(0.0776398 -0.000834889 -0.000145366)
(0.0630503 -0.000759961 -0.000270536)
(0.0684834 -0.000831739 -0.00040298)
(0.0771358 -0.000802811 -0.000162052)
(0.0623666 -0.000748079 -0.000278839)
(0.0677404 -0.000821222 -0.000417476)
(0.0766555 -0.000777747 -0.000176861)
(0.0617002 -0.000736225 -0.000287262)
(0.0670186 -0.000812804 -0.000429532)
(0.0761996 -0.000756988 -0.000190381)
(0.0610472 -0.000724016 -0.000295425)
(0.0663004 -0.000804698 -0.000439886)
(0.0757546 -0.000738203 -0.000203646)
(0.0604044 -0.000711227 -0.000301717)
(0.0655953 -0.00079648 -0.000447502)
(0.0753251 -0.000721685 -0.000215029)
(0.0597712 -0.000700315 -0.000304831)
(0.0648903 -0.00078674 -0.000451195)
(0.0748968 -0.000705237 -0.000224278)
(0.0591427 -0.000693452 -0.000304313)
(0.0641957 -0.000780512 -0.000451201)
(0.0744746 -0.000694709 -0.000230625)
(0.0585178 -0.000681027 -0.000299698)
(0.0635032 -0.00077599 -0.000447819)
(0.0740526 -0.000687159 -0.000234632)
(0.0578991 -0.000643545 -0.00028913)
(0.0628155 -0.000762576 -0.00044)
(0.0736305 -0.000679009 -0.000234648)
(0.0621468 -0.000729874 -0.000423454)
(0.0732154 -0.00064898 -0.000229736)
(0.0746671 -0.00098542 -0.000483278)
(0.0774246 -0.00101424 -0.000490379)
(0.0874844 -0.00108835 -0.000360513)
(0.0738716 -0.000970918 -0.00050953)
(0.0766739 -0.00101001 -0.000526638)
(0.0870039 -0.00105402 -0.000401678)
(0.0730854 -0.000962697 -0.00052977)
(0.0759205 -0.00101058 -0.00055455)
(0.0865358 -0.00103086 -0.000436237)
(0.0723043 -0.00095705 -0.00054542)
(0.0751637 -0.00101249 -0.00057596)
(0.0860729 -0.00101334 -0.000464462)
(0.0715254 -0.000951826 -0.000556789)
(0.0744026 -0.00101382 -0.000592246)
(0.0856146 -0.000999929 -0.000486368)
(0.0707483 -0.000945035 -0.000563584)
(0.0736379 -0.00101318 -0.000603632)
(0.0851561 -0.00098888 -0.000502411)
(0.0699743 -0.000937606 -0.000566405)
(0.0728707 -0.00100924 -0.000610503)
(0.084699 -0.000978432 -0.000512963)
(0.0692048 -0.000930376 -0.000566466)
(0.0721025 -0.00100377 -0.000614716)
(0.0842406 -0.000971839 -0.000519717)
(0.0684443 -0.000920073 -0.00056432)
(0.0713388 -0.00099586 -0.000617384)
(0.0837847 -0.000964012 -0.000523369)
(0.067696 -0.000904167 -0.000558343)
(0.0705754 -0.000981528 -0.000619663)
(0.0833285 -0.000953335 -0.000523885)
(0.0698225 -0.000960972 -0.00061945)
(0.0828793 -0.000935128 -0.000518591)
(0.0796026 -0.0010337 -0.000543307)
(0.0916126 -0.00112457 -0.000437351)
(0.0788981 -0.001045 -0.00058215)
(0.0912499 -0.00112197 -0.000487926)
(0.0781769 -0.00105591 -0.000612077)
(0.0908716 -0.00112193 -0.000528656)
(0.0774419 -0.00106487 -0.000634863)
(0.0904796 -0.00112292 -0.000560962)
(0.0766959 -0.00107099 -0.000651551)
(0.0900762 -0.00112372 -0.000585978)
(0.0759416 -0.00107385 -0.000662836)
(0.0896626 -0.00112375 -0.00060455)
(0.0751815 -0.00107337 -0.000669863)
(0.0892409 -0.00112228 -0.000617184)
(0.0744176 -0.00106999 -0.000673932)
(0.0888122 -0.00111969 -0.000625551)
(0.0736516 -0.00106282 -0.000676084)
(0.0883786 -0.00111455 -0.00063004)
(0.0728848 -0.00105024 -0.0006775)
(0.0879409 -0.00110527 -0.000631303)
(0.0875005 -0.00109376 -0.00063161)
(0.0436421 -1.56062e-05 0.000191514)
(0.0582088 -0.000176259 0.000186985)
(0.0500651 -0.000225443 0.000308299)
(0.0431185 -1.90116e-05 0.000180508)
(0.0577001 -0.000161096 0.000175378)
(0.0494938 -0.000228896 0.000294689)
(0.0426039 -2.21405e-05 0.000170273)
(0.057204 -0.000157444 0.000167833)
(0.0489372 -0.000220677 0.000270841)
(0.0420976 -2.44013e-05 0.000160046)
(0.0567212 -0.000159325 0.000162095)
(0.0483951 -0.000207197 0.000243396)
(0.0415973 -2.53372e-05 0.00014938)
(0.0562433 -0.000160144 0.000154692)
(0.047868 -0.000201244 0.000221383)
(0.0411086 -2.47808e-05 0.000138648)
(0.0557809 -0.000156876 0.000144912)
(0.0473589 -0.000197156 0.000204167)
(0.0406345 -2.35294e-05 0.000128059)
(0.0553174 -0.000151362 0.000134131)
(0.046854 -0.000193686 0.000189827)
(0.0401762 -2.22058e-05 0.000117641)
(0.0548742 -0.000144818 0.000122701)
(0.0463734 -0.000190383 0.000176433)
(0.0397345 -2.28562e-05 0.000107774)
(0.0544307 -0.00013738 0.000110785)
(0.0458969 -0.000187827 0.00016419)
(0.0393051 -2.56708e-05 9.77285e-05)
(0.0539985 -0.000135683 0.000100027)
(0.0454372 -0.00018626 0.000152488)
(0.0535758 -0.000138605 8.84649e-05)
(0.0449935 -0.000179519 0.000140509)
(0.0759696 -0.000355201 0.000164286)
(0.0842254 -0.000694856 9.34376e-05)
(0.0827162 -0.000547196 0.000257466)
(0.0754944 -0.000328055 0.000155504)
(0.0838485 -0.000656263 7.81708e-05)
(0.0823637 -0.000511571 0.000252093)
(0.0750395 -0.000316769 0.000150036)
(0.0834947 -0.000630428 6.43069e-05)
(0.0820295 -0.000494947 0.000245369)
(0.0745971 -0.000313718 0.000146029)
(0.0831611 -0.000615001 5.18399e-05)
(0.0817157 -0.000488957 0.000238893)
(0.0741617 -0.00031104 0.000140844)
(0.0828357 -0.000603204 4.01879e-05)
(0.0814055 -0.000487748 0.000233575)
(0.0737306 -0.000305599 0.000133499)
(0.0825244 -0.000592965 2.87409e-05)
(0.0811069 -0.000482629 0.000225662)
(0.0733023 -0.000297924 0.000124482)
(0.0822076 -0.000582304 1.69763e-05)
(0.080802 -0.000475916 0.000216504)
(0.072875 -0.000288546 0.000114205)
(0.0818976 -0.000573719 6.18187e-06)
(0.0805033 -0.000468244 0.000205546)
(0.0724485 -0.000282035 0.000103918)
(0.0815829 -0.000564974 -3.37283e-06)
(0.0801997 -0.000457585 0.000191411)
(0.0720207 -0.000286761 9.56713e-05)
(0.081268 -0.000564602 -1.16626e-05)
(0.0798977 -0.000455477 0.000181623)
(0.0809535 -0.000569062 -1.6606e-05)
(0.0795953 -0.000459343 0.000173033)
(0.0933929 -0.00098184 -5.77508e-05)
(0.0973602 -0.00111182 -0.000164714)
(0.0986978 -0.00113441 5.3512e-05)
(0.093155 -0.000940862 -8.13446e-05)
(0.097172 -0.00106458 -0.000203896)
(0.0985923 -0.00108558 3.64415e-05)
(0.0929412 -0.000909275 -0.000103532)
(0.0970078 -0.00102882 -0.000239409)
(0.0985166 -0.00104816 1.75631e-05)
(0.0927452 -0.000884643 -0.000123942)
(0.0968522 -0.00100287 -0.000269838)
(0.0984531 -0.00102137 -1.46447e-06)
(0.0925606 -0.000864726 -0.00014225)
(0.0967095 -0.000982171 -0.000294925)
(0.0984075 -0.00100199 -1.8033e-05)
(0.0923811 -0.000848739 -0.000158579)
(0.0965691 -0.000967489 -0.000314964)
(0.0983664 -0.000986657 -3.38113e-05)
(0.0922018 -0.00083627 -0.000172954)
(0.0964314 -0.000956238 -0.000330887)
(0.0983356 -0.000971342 -5.00033e-05)
(0.0920214 -0.000825808 -0.000185122)
(0.0962872 -0.000950099 -0.000344437)
(0.0983023 -0.000960446 -6.42537e-05)
(0.091841 -0.000821177 -0.000194341)
(0.0961434 -0.000941225 -0.000355489)
(0.0982757 -0.000951628 -7.62399e-05)
(0.0916534 -0.000818791 -0.000200127)
(0.0959936 -0.000939276 -0.000362234)
(0.0982447 -0.000952275 -8.38152e-05)
(0.0958371 -0.000929861 -0.000363708)
(0.0982086 -0.000948378 -8.90886e-05)
(0.101524 -0.00123736 -0.000291641)
(0.103071 -0.00127443 -0.000311905)
(0.106172 -0.0013546 -0.000193431)
(0.101415 -0.00119553 -0.000343877)
(0.103016 -0.0012434 -0.000370264)
(0.106204 -0.0013054 -0.00024017)
(0.101314 -0.0011649 -0.000389277)
(0.102962 -0.00122148 -0.000420646)
(0.106246 -0.0012675 -0.00028238)
(0.101218 -0.00114174 -0.000426367)
(0.102904 -0.00120542 -0.000462539)
(0.106292 -0.00124015 -0.000319051)
(0.101123 -0.00112483 -0.000455243)
(0.102843 -0.00119363 -0.000495672)
(0.106346 -0.00122118 -0.000348811)
(0.101028 -0.00111296 -0.000477229)
(0.102776 -0.00118539 -0.000521463)
(0.106399 -0.00120765 -0.000373193)
(0.100929 -0.00110685 -0.000493912)
(0.102704 -0.00117924 -0.000540692)
(0.106456 -0.00119779 -0.000393085)
(0.100826 -0.00110279 -0.000506162)
(0.102626 -0.00117746 -0.000554797)
(0.10651 -0.00119289 -0.000409526)
(0.100717 -0.00109723 -0.000514014)
(0.10254 -0.00117206 -0.000563052)
(0.106562 -0.00118647 -0.0004217)
(0.100602 -0.00108737 -0.000516827)
(0.102449 -0.00116456 -0.000565963)
(0.10661 -0.00118429 -0.000429258)
(0.10235 -0.00115341 -0.000566265)
(0.106651 -0.0011771 -0.000431615)
(0.104647 -0.0012762 -0.000399659)
(0.109101 -0.00133111 -0.000351347)
(0.104649 -0.00126635 -0.000455782)
(0.10924 -0.00131705 -0.000403441)
(0.10464 -0.00126006 -0.000502185)
(0.109372 -0.00130757 -0.000446913)
(0.104619 -0.0012563 -0.000539645)
(0.109495 -0.0013013 -0.000482671)
(0.104588 -0.0012541 -0.00056908)
(0.109611 -0.00129758 -0.000511916)
(0.104546 -0.00125265 -0.000591182)
(0.10972 -0.00129552 -0.00053545)
(0.104495 -0.00125167 -0.000606991)
(0.109823 -0.00129427 -0.000553759)
(0.104436 -0.00124875 -0.000616826)
(0.10992 -0.00129395 -0.000567616)
(0.104369 -0.00124112 -0.000620315)
(0.11001 -0.00129091 -0.00057598)
(0.104297 -0.00123276 -0.000620184)
(0.110097 -0.00128532 -0.00057883)
(0.110179 -0.00128091 -0.000579155)
(0.0574145 -0.000378104 0.000458224)
(0.0726892 -0.000491388 0.000419145)
(0.0626577 -0.000411785 0.000580825)
(0.0568001 -0.000362317 0.000430975)
(0.0722598 -0.000470566 0.000412695)
(0.0620132 -0.000418205 0.000577287)
(0.0562103 -0.000329375 0.000386972)
(0.0718512 -0.000444663 0.000392607)
(0.0613817 -0.000412155 0.000552847)
(0.0556474 -0.000302284 0.000344627)
(0.0714644 -0.000419556 0.00036579)
(0.0607719 -0.000399317 0.000517646)
(0.0551033 -0.000289658 0.000313907)
(0.0710935 -0.00040752 0.000343776)
(0.0601811 -0.000390052 0.000487366)
(0.0545733 -0.000283715 0.000291523)
(0.0707372 -0.000398602 0.00032434)
(0.0596111 -0.000384707 0.00046246)
(0.0540557 -0.000279346 0.000273279)
(0.070381 -0.000390948 0.000306823)
(0.059047 -0.000380202 0.000440449)
(0.0535493 -0.00027607 0.00025718)
(0.070036 -0.000384156 0.000290403)
(0.0585055 -0.000376094 0.000420284)
(0.0530547 -0.00027249 0.000242259)
(0.0696913 -0.000376522 0.000274086)
(0.0579669 -0.000373082 0.000401601)
(0.0525729 -0.000264886 0.000227262)
(0.0693551 -0.000373968 0.000260015)
(0.0574445 -0.000364474 0.000384151)
(0.0690265 -0.000366938 0.000244181)
(0.0569377 -0.000352698 0.000365962)
(0.0901591 -0.000628653 0.000387627)
(0.0969767 -0.000934425 0.000320846)
(0.0937077 -0.000666529 0.000520646)
(0.0899702 -0.00059261 0.000387763)
(0.096899 -0.000885004 0.000319003)
(0.0935773 -0.000622119 0.000536793)
(0.0897993 -0.000569173 0.000383135)
(0.0968457 -0.000848321 0.000310141)
(0.0934617 -0.000586996 0.000545248)
(0.0896395 -0.000557274 0.000377125)
(0.0968048 -0.000822 0.000297693)
(0.0933539 -0.000560721 0.000546794)
(0.0894849 -0.000551062 0.000369524)
(0.0967765 -0.00081018 0.000287962)
(0.0932525 -0.000545726 0.000544691)
(0.0893321 -0.000544905 0.000359523)
(0.09675 -0.000799643 0.000277277)
(0.0931519 -0.0005343 0.000537211)
(0.0891781 -0.000539271 0.000347988)
(0.0967327 -0.000789343 0.000266183)
(0.0930555 -0.000527448 0.000527467)
(0.0890223 -0.000529587 0.000333016)
(0.0967123 -0.000781069 0.000253832)
(0.092954 -0.000520394 0.000515019)
(0.0888673 -0.000524386 0.000318832)
(0.0966982 -0.000771474 0.000239144)
(0.0928575 -0.000508815 0.000499567)
(0.0887058 -0.000526691 0.000306952)
(0.096682 -0.000775056 0.000228845)
(0.0927595 -0.000507771 0.000486765)
(0.0966597 -0.0007785 0.000219263)
(0.0926568 -0.000507655 0.000470996)
(0.104521 -0.00116814 0.000190876)
(0.107723 -0.00127347 4.8306e-05)
(0.106997 -0.00112051 0.000341954)
(0.104594 -0.00111858 0.000180653)
(0.107847 -0.0012184 2.66048e-05)
(0.107129 -0.00106544 0.000347702)
(0.104685 -0.00108178 0.000166809)
(0.107988 -0.0011751 3.89699e-06)
(0.107279 -0.00102209 0.00034796)
(0.104789 -0.00105772 0.000152919)
(0.108138 -0.00114469 -1.80953e-05)
(0.107436 -0.000989413 0.00034385)
(0.104904 -0.0010411 0.000139907)
(0.1083 -0.00112689 -3.67046e-05)
(0.107605 -0.000968458 0.000338529)
(0.105028 -0.00102326 0.000125492)
(0.108464 -0.00111141 -5.43216e-05)
(0.107778 -0.000950674 0.000331038)
(0.105161 -0.00100654 0.000110379)
(0.10864 -0.00109515 -7.21315e-05)
(0.107963 -0.000932183 0.000320946)
(0.105301 -0.000996411 9.65429e-05)
(0.108818 -0.00108304 -8.87764e-05)
(0.108152 -0.000917862 0.000309943)
(0.105441 -0.000995198 8.53108e-05)
(0.109 -0.00107542 -0.000103343)
(0.108346 -0.00090841 0.000299201)
(0.10558 -0.000998986 7.65138e-05)
(0.109181 -0.00107871 -0.000113028)
(0.10854 -0.000908389 0.000289376)
(0.109356 -0.00108155 -0.000119661)
(0.108731 -0.000910812 0.000280649)
(0.111303 -0.00135509 -9.98259e-05)
(0.112545 -0.00135111 -0.000185448)
(0.11339 -0.00126171 5.14507e-05)
(0.111499 -0.00130674 -0.000134457)
(0.11278 -0.00131411 -0.000223225)
(0.113648 -0.00120952 3.05749e-05)
(0.111702 -0.00126954 -0.000166273)
(0.113018 -0.00128474 -0.000256529)
(0.113912 -0.00116652 1.07342e-05)
(0.111913 -0.00124456 -0.000194408)
(0.113258 -0.00126406 -0.000285618)
(0.11418 -0.00113437 -8.00371e-06)
(0.112129 -0.00122728 -0.000218701)
(0.113499 -0.00125085 -0.000310563)
(0.114454 -0.00111137 -2.55279e-05)
(0.11235 -0.00121352 -0.000239981)
(0.113742 -0.00124076 -0.00033219)
(0.114731 -0.00109261 -4.16939e-05)
(0.112573 -0.00120267 -0.000258819)
(0.113986 -0.0012327 -0.000351182)
(0.115012 -0.00107671 -5.67711e-05)
(0.112798 -0.00119433 -0.000274962)
(0.114229 -0.00122721 -0.000366883)
(0.115295 -0.00106439 -7.10297e-05)
(0.113021 -0.00119187 -0.000287247)
(0.114469 -0.00122325 -0.000378556)
(0.115577 -0.00105515 -8.36057e-05)
(0.113243 -0.00119388 -0.00029502)
(0.114709 -0.00122486 -0.000385887)
(0.115861 -0.00105402 -9.31049e-05)
(0.114943 -0.00122483 -0.000389873)
(0.11614 -0.00105375 -9.96471e-05)
(0.114082 -0.00130757 -0.000315415)
(0.116125 -0.00117611 -0.000200979)
(0.114361 -0.00129004 -0.000352118)
(0.116464 -0.00115104 -0.000227974)
(0.114636 -0.00127762 -0.000382809)
(0.116798 -0.00113197 -0.00025066)
(0.114908 -0.00126904 -0.000408688)
(0.11713 -0.00111739 -0.000269855)
(0.115178 -0.00126345 -0.000430695)
(0.117459 -0.00110663 -0.000286351)
(0.115444 -0.00125977 -0.000449343)
(0.117786 -0.00109844 -0.000300557)
(0.115708 -0.00125752 -0.000464793)
(0.118111 -0.00109194 -0.00031281)
(0.115968 -0.001256 -0.000476636)
(0.118433 -0.00108697 -0.000322963)
(0.116226 -0.00125517 -0.000484485)
(0.118752 -0.00108264 -0.000330446)
(0.116479 -0.00125443 -0.00048827)
(0.11907 -0.00108032 -0.000335243)
(0.119385 -0.00107829 -0.000337547)
(0.0679325 -0.000519109 0.000697177)
(0.0819557 -0.000597793 0.000668106)
(0.0718966 -0.000562592 0.00074093)
(0.0672699 -0.000527358 0.000701436)
(0.0815759 -0.000580128 0.000685848)
(0.0712473 -0.00057414 0.000766098)
(0.0666158 -0.000531008 0.000692018)
(0.081202 -0.000563457 0.000690322)
(0.0705912 -0.000578802 0.000779448)
(0.0659748 -0.000528587 0.000673213)
(0.0808362 -0.00054637 0.000683557)
(0.069936 -0.000577102 0.000781429)
(0.0653499 -0.000522945 0.000650549)
(0.0804802 -0.000530202 0.000670848)
(0.0692849 -0.00057316 0.000775016)
(0.0647414 -0.00051647 0.000626714)
(0.0801324 -0.000516956 0.000655449)
(0.0686409 -0.000568936 0.000763817)
(0.0641482 -0.000510462 0.000602943)
(0.0797954 -0.000506368 0.000638309)
(0.0680059 -0.000564149 0.000749488)
(0.0635683 -0.00050526 0.000580147)
(0.0794665 -0.000497923 0.000620466)
(0.0673822 -0.000560137 0.00073368)
(0.0630014 -0.000497563 0.000558297)
(0.0791453 -0.000490677 0.000602837)
(0.0667673 -0.000555562 0.00071682)
(0.0624462 -0.0004854 0.000536961)
(0.0788317 -0.00048215 0.000584727)
(0.066164 -0.000547931 0.000698726)
(0.0785228 -0.000472113 0.000565464)
(0.0655708 -0.000537329 0.000680009)
(0.0974719 -0.000688071 0.000673664)
(0.103317 -0.00090171 0.000602767)
(0.0996447 -0.000690423 0.000761193)
(0.0974223 -0.000647587 0.000698045)
(0.10339 -0.000855084 0.000629272)
(0.0996318 -0.000662557 0.00079942)
(0.0973758 -0.000613155 0.000712001)
(0.103468 -0.000815803 0.000647006)
(0.0996141 -0.000638117 0.000827765)
(0.0973307 -0.000585073 0.000717197)
(0.103551 -0.00078364 0.000656231)
(0.0995909 -0.000616516 0.000846402)
(0.0972883 -0.000563088 0.000715908)
(0.103638 -0.000758716 0.000659106)
(0.0995649 -0.000597873 0.000856801)
(0.0972484 -0.000547007 0.000710226)
(0.103728 -0.000739515 0.000657243)
(0.0995357 -0.000581781 0.000861016)
(0.0972111 -0.000534744 0.000701092)
(0.103824 -0.000724993 0.000652379)
(0.0995076 -0.000569044 0.000860727)
(0.0971761 -0.000523828 0.000689032)
(0.103921 -0.000712139 0.000643965)
(0.0994771 -0.000557833 0.000856227)
(0.0971414 -0.000515364 0.000675324)
(0.104023 -0.000700723 0.000632747)
(0.0994487 -0.000547548 0.000848523)
(0.0971071 -0.000509072 0.000659369)
(0.104125 -0.00069437 0.000620751)
(0.0994192 -0.000540917 0.000837896)
(0.104227 -0.000690969 0.000606843)
(0.0993888 -0.000533505 0.000822881)
(0.109804 -0.00103864 0.000498688)
(0.112612 -0.00110008 0.000331326)
(0.11115 -0.000960459 0.000626852)
(0.110016 -0.000990549 0.00051561)
(0.112879 -0.0010481 0.0003384)
(0.111397 -0.000921875 0.000653359)
(0.110236 -0.000951479 0.000526409)
(0.113151 -0.00100531 0.000342445)
(0.111646 -0.000889369 0.000673867)
(0.110462 -0.000921062 0.000531868)
(0.113428 -0.000971015 0.000343127)
(0.111896 -0.000862514 0.000688399)
(0.110695 -0.000897736 0.000533026)
(0.11371 -0.00094446 0.000340515)
(0.112149 -0.000841343 0.000697817)
(0.110934 -0.000878587 0.000530606)
(0.113996 -0.000922861 0.000335047)
(0.112404 -0.000823599 0.000703101)
(0.111178 -0.000861998 0.000525211)
(0.114287 -0.000904102 0.000327333)
(0.112662 -0.000807615 0.000705007)
(0.111426 -0.000848232 0.000517526)
(0.114581 -0.000888261 0.000318142)
(0.112922 -0.000793608 0.000703656)
(0.111676 -0.000839147 0.000508513)
(0.114876 -0.000876195 0.000308526)
(0.113183 -0.000782673 0.000699338)
(0.111929 -0.000836236 0.000499318)
(0.115174 -0.000870192 0.000299357)
(0.113445 -0.000776883 0.000693307)
(0.115471 -0.000868981 0.000291233)
(0.113708 -0.00077532 0.000685745)
(0.115879 -0.00112829 0.000180696)
(0.117051 -0.00109946 3.98069e-05)
(0.11688 -0.000997557 0.000322609)
(0.116209 -0.0010824 0.000175071)
(0.117414 -0.00106 3.02119e-05)
(0.117244 -0.000958892 0.000323643)
(0.116541 -0.0010448 0.000168929)
(0.117777 -0.00102745 2.16058e-05)
(0.117608 -0.000926083 0.000323903)
(0.116877 -0.00101458 0.00016139)
(0.118139 -0.00100128 1.33715e-05)
(0.117971 -0.000898931 0.000322783)
(0.117216 -0.000990134 0.000152341)
(0.118503 -0.000980478 4.85299e-06)
(0.118335 -0.000876719 0.000319703)
(0.117558 -0.000969719 0.000142371)
(0.118868 -0.000963516 -3.8286e-06)
(0.118701 -0.00085804 0.000315135)
(0.117902 -0.00095265 0.000131881)
(0.119233 -0.000949237 -1.25565e-05)
(0.119066 -0.000841892 0.000309395)
(0.118246 -0.000939133 0.000121434)
(0.119598 -0.000937571 -2.10445e-05)
(0.119432 -0.000828288 0.00030277)
(0.11859 -0.000930468 0.000112027)
(0.119961 -0.000928572 -2.86445e-05)
(0.119798 -0.000817734 0.00029568)
(0.118936 -0.000926221 0.000104088)
(0.120325 -0.000923877 -3.46227e-05)
(0.120163 -0.000811952 0.000289026)
(0.120688 -0.000920985 -3.93741e-05)
(0.120528 -0.00080849 0.00028245)
(0.118636 -0.00102824 -0.000117615)
(0.119555 -0.000864881 8.24152e-06)
(0.119033 -0.00100237 -0.000130494)
(0.119984 -0.000841513 3.69045e-07)
(0.119427 -0.000981437 -0.000141432)
(0.120409 -0.000821881 -6.3868e-06)
(0.119819 -0.000964732 -0.000150943)
(0.12083 -0.000805593 -1.23615e-05)
(0.12021 -0.000951392 -0.000159401)
(0.121249 -0.000792209 -1.77706e-05)
(0.120598 -0.000940517 -0.000167102)
(0.121665 -0.000781104 -2.28556e-05)
(0.120985 -0.000931555 -0.000174078)
(0.122078 -0.000771764 -2.77558e-05)
(0.12137 -0.000924212 -0.000180051)
(0.122489 -0.000764019 -3.23703e-05)
(0.121754 -0.000918812 -0.000184718)
(0.122899 -0.00075781 -3.6438e-05)
(0.122136 -0.000915061 -0.000187989)
(0.123306 -0.000753779 -3.97446e-05)
(0.123711 -0.000750461 -4.2277e-05)
(0.0754731 -0.000613013 0.000817573)
(0.0881252 -0.000623055 0.000817885)
(0.0777738 -0.000598651 0.000853506)
(0.0748346 -0.000628901 0.000849392)
(0.0878068 -0.000626154 0.000856515)
(0.0771511 -0.000625927 0.000889557)
(0.0741778 -0.000638176 0.000870883)
(0.08747 -0.00062615 0.00088589)
(0.0765017 -0.000645 0.000916315)
(0.0735096 -0.000641945 0.000883339)
(0.0871202 -0.000622529 0.000906267)
(0.0758335 -0.000656786 0.00093475)
(0.0728369 -0.000642306 0.000888163)
(0.0867619 -0.000616515 0.000918539)
(0.0751523 -0.000663147 0.00094586)
(0.0721649 -0.000640798 0.000886879)
(0.0863994 -0.000609579 0.000924133)
(0.074464 -0.000665818 0.000950866)
(0.0714968 -0.000638321 0.000881058)
(0.0860363 -0.0006026 0.000924294)
(0.073773 -0.000665637 0.000950853)
(0.0708351 -0.000634904 0.000871698)
(0.0856748 -0.000596087 0.000920633)
(0.0730831 -0.000663725 0.000946886)
(0.0701813 -0.000629601 0.000859315)
(0.0853165 -0.000589511 0.000913651)
(0.0723968 -0.000660099 0.000939603)
(0.0695358 -0.000622046 0.000844811)
(0.0849618 -0.000582662 0.0009037)
(0.0717153 -0.000654501 0.00092961)
(0.0846123 -0.000574344 0.000890387)
(0.0710408 -0.000647371 0.000917779)
(0.101924 -0.000664779 0.000892532)
(0.107066 -0.000778253 0.000849574)
(0.103146 -0.000604277 0.000973325)
(0.101944 -0.000654917 0.000934633)
(0.107218 -0.000763526 0.000890914)
(0.103191 -0.000616538 0.00101062)
(0.101951 -0.000644482 0.000967911)
(0.107361 -0.000749628 0.00092474)
(0.103217 -0.000624493 0.00104189)
(0.101948 -0.000632994 0.000992144)
(0.107495 -0.000735932 0.000950716)
(0.103228 -0.000628132 0.00106677)
(0.101936 -0.000621001 0.00100827)
(0.107623 -0.000722664 0.000969233)
(0.103226 -0.000627992 0.00108534)
(0.101919 -0.000609521 0.00101772)
(0.107748 -0.000710073 0.000981666)
(0.103214 -0.000625163 0.00109858)
(0.101898 -0.000599077 0.00102183)
(0.107869 -0.000698575 0.000989156)
(0.103194 -0.000620832 0.00110749)
(0.101875 -0.000589464 0.00102155)
(0.107989 -0.000688035 0.000992384)
(0.103168 -0.000615521 0.00111247)
(0.101851 -0.000580965 0.00101719)
(0.108108 -0.000678483 0.000991476)
(0.103137 -0.000609395 0.00111352)
(0.101827 -0.000572663 0.00100793)
(0.108226 -0.000671402 0.000987132)
(0.103103 -0.000603052 0.00111048)
(0.108345 -0.000664519 0.000977804)
(0.103067 -0.00059376 0.00110013)
(0.112808 -0.000840802 0.000786985)
(0.1153 -0.000838272 0.000615483)
(0.113406 -0.000710331 0.000915091)
(0.113093 -0.000819451 0.000816784)
(0.115642 -0.000813541 0.000635828)
(0.113707 -0.000706981 0.000938931)
(0.113373 -0.000800374 0.000840893)
(0.11598 -0.000791643 0.000652645)
(0.114001 -0.000702996 0.000959588)
(0.113651 -0.000783524 0.000859414)
(0.116315 -0.000772389 0.000665688)
(0.114289 -0.000698278 0.000976718)
(0.113927 -0.000768632 0.00087295)
(0.116648 -0.00075568 0.000674958)
(0.114573 -0.000693137 0.000990362)
(0.114202 -0.000755097 0.000882321)
(0.116979 -0.000740847 0.000680913)
(0.114853 -0.000687706 0.00100084)
(0.114477 -0.000742685 0.00088803)
(0.11731 -0.000727332 0.000684024)
(0.11513 -0.0006821 0.00100849)
(0.11475 -0.000731722 0.000890176)
(0.117639 -0.000715266 0.000684579)
(0.115406 -0.000676444 0.00101343)
(0.115024 -0.000723524 0.000889322)
(0.117968 -0.000705145 0.000682723)
(0.115679 -0.000671085 0.00101538)
(0.115298 -0.000718235 0.000885461)
(0.118296 -0.000698524 0.000679316)
(0.115951 -0.000667511 0.00101546)
(0.118624 -0.000693836 0.000673661)
(0.116222 -0.000663976 0.00101165)
(0.11829 -0.000822 0.000471192)
(0.119378 -0.000759833 0.000301119)
(0.118557 -0.000648239 0.000617293)
(0.118689 -0.000796891 0.000478291)
(0.119809 -0.000737322 0.00030448)
(0.11897 -0.000634842 0.000620285)
(0.119084 -0.000774898 0.000483738)
(0.120234 -0.000717488 0.00030703)
(0.119378 -0.00062268 0.000622944)
(0.119477 -0.000755881 0.000487322)
(0.120656 -0.000700262 0.000308653)
(0.119781 -0.000611743 0.000624972)
(0.119868 -0.000739431 0.000489011)
(0.121075 -0.000685467 0.00030924)
(0.120181 -0.000602011 0.000626105)
(0.120259 -0.000724963 0.000488949)
(0.121491 -0.000672638 0.000308798)
(0.120579 -0.000593278 0.000626215)
(0.120648 -0.000712231 0.000487309)
(0.121906 -0.000661381 0.000307391)
(0.120975 -0.000585335 0.000625239)
(0.121035 -0.000701434 0.000484295)
(0.122318 -0.000651694 0.000305132)
(0.121368 -0.000578234 0.000623195)
(0.121421 -0.000693284 0.000480339)
(0.122729 -0.000643808 0.000302233)
(0.12176 -0.000572171 0.000620202)
(0.121807 -0.000687546 0.000475514)
(0.123138 -0.000638466 0.000299148)
(0.12215 -0.000567825 0.000616897)
(0.123546 -0.000634328 0.000295462)
(0.122539 -0.000564044 0.000612441)
(0.120942 -0.000673341 0.000129671)
(0.12108 -0.000548342 -6.59095e-05)
(0.12108 -0.000475319 0.000269365)
(0.1214 -0.000656161 0.000128232)
(0.12155 -0.000536326 -6.46178e-05)
(0.121551 -0.000463821 0.000266135)
(0.121852 -0.000641108 0.000126696)
(0.122015 -0.000525669 -6.3586e-05)
(0.122015 -0.000453572 0.00026321)
(0.122301 -0.000628066 0.000125037)
(0.122474 -0.000516309 -6.28214e-05)
(0.122475 -0.000444557 0.000260528)
(0.122746 -0.000616813 0.000123196)
(0.122929 -0.000508128 -6.23379e-05)
(0.12293 -0.000436693 0.000258004)
(0.123187 -0.000607089 0.000121111)
(0.123381 -0.000500949 -6.21648e-05)
(0.123381 -0.000429846 0.000255535)
(0.123626 -0.000598751 0.000118788)
(0.123828 -0.000494607 -6.23104e-05)
(0.123829 -0.000423894 0.000253037)
(0.124063 -0.00059182 0.000116339)
(0.124273 -0.000489061 -6.27391e-05)
(0.124273 -0.000418814 0.000250511)
(0.124496 -0.000586521 0.000113952)
(0.124715 -0.000484373 -6.33546e-05)
(0.124715 -0.00041467 0.000248041)
(0.124928 -0.000582525 0.000111641)
(0.125155 -0.000480843 -6.40855e-05)
(0.125155 -0.000411689 0.000245829)
(0.125593 -0.000477703 -6.48072e-05)
(0.125592 -0.000409162 0.000243524)
(0.121692 -0.000410446 -0.000261505)
(0.121818 -0.000209231 -0.000133164)
(0.12217 -0.000405159 -0.000257499)
(0.122308 -0.000206293 -0.000130949)
(0.122641 -0.000400377 -0.000253951)
(0.122791 -0.000203586 -0.000128953)
(0.123107 -0.000396039 -0.00025085)
(0.123268 -0.000201088 -0.000127182)
(0.123569 -0.000392071 -0.000248179)
(0.12374 -0.00019878 -0.000125634)
(0.124026 -0.000388389 -0.00024592)
(0.124208 -0.000196627 -0.000124307)
(0.12448 -0.000384936 -0.000244043)
(0.124672 -0.000194598 -0.000123189)
(0.124931 -0.000381718 -0.000242519)
(0.125132 -0.000192692 -0.000122269)
(0.125379 -0.00037888 -0.000241358)
(0.125588 -0.000190943 -0.000121532)
(0.125824 -0.000376287 -0.000240371)
(0.126042 -0.000189485 -0.000121002)
(0.126494 -0.000188065 -0.000120459)
(0.0794957 -0.000609587 0.000927846)
(0.0914525 -0.000552736 0.000972363)
(0.0798777 -0.000559866 0.000966902)
(0.0788632 -0.000640561 0.000958624)
(0.0911573 -0.000586243 0.00100017)
(0.0792218 -0.000600072 0.000989241)
(0.0782026 -0.000662375 0.000982298)
(0.0908348 -0.000610778 0.00102325)
(0.0785408 -0.000630053 0.00100821)
(0.0775206 -0.000676859 0.000999446)
(0.0904904 -0.000627632 0.0010417)
(0.0778403 -0.000651737 0.0010233)
(0.0768234 -0.000685745 0.00101074)
(0.0901286 -0.000638312 0.00105558)
(0.077125 -0.000666675 0.00103412)
(0.0761161 -0.000690035 0.00101697)
(0.0897537 -0.000644103 0.00106543)
(0.0763986 -0.000676182 0.00104075)
(0.0754029 -0.000690667 0.00101877)
(0.0893692 -0.000645783 0.00107192)
(0.0756652 -0.000680923 0.00104329)
(0.0746876 -0.000688653 0.00101691)
(0.0889784 -0.000644599 0.00107505)
(0.0749275 -0.000682236 0.00104242)
(0.0739732 -0.000684769 0.00101209)
(0.088584 -0.000641369 0.00107523)
(0.0741896 -0.000680755 0.001039)
(0.0732611 -0.000680599 0.00100429)
(0.0881874 -0.000637021 0.00107231)
(0.0734506 -0.000677669 0.00103218)
(0.0877917 -0.000631048 0.00106373)
(0.0727138 -0.000676312 0.00101982)
(0.104435 -0.0005531 0.00109433)
(0.109088 -0.000569515 0.00110104)
(0.104526 -0.000454904 0.00117867)
(0.104486 -0.000584161 0.00112028)
(0.109272 -0.000597205 0.00112428)
(0.104562 -0.000503732 0.00118615)
(0.104517 -0.000606884 0.00114282)
(0.109439 -0.000618064 0.00114496)
(0.104581 -0.000542672 0.00119416)
(0.104529 -0.00062241 0.0011618)
(0.109593 -0.000632865 0.00116289)
(0.104583 -0.000572721 0.00120218)
(0.104526 -0.000631895 0.00117732)
(0.109735 -0.000642569 0.0011779)
(0.104572 -0.000594898 0.00120952)
(0.104511 -0.00063652 0.00118994)
(0.109867 -0.000648207 0.00119026)
(0.104549 -0.000610397 0.00121589)
(0.104485 -0.000637432 0.00119976)
(0.109991 -0.000650806 0.00120037)
(0.104515 -0.000620097 0.0012212)
(0.104451 -0.000635573 0.0012062)
(0.110108 -0.000651044 0.00120796)
(0.104473 -0.000625413 0.00122538)
(0.104411 -0.000631797 0.00120852)
(0.110219 -0.000649387 0.00121233)
(0.104421 -0.000626558 0.00122535)
(0.104365 -0.000624954 0.00120416)
(0.110326 -0.000646745 0.0012134)
(0.104364 -0.000624154 0.00122046)
(0.11043 -0.000640487 0.00120796)
(0.104304 -0.000618641 0.00121297)
(0.114316 -0.000574604 0.00106904)
(0.116528 -0.000509351 0.000911754)
(0.114053 -0.000432586 0.00118809)
(0.114626 -0.000589347 0.00108334)
(0.116896 -0.000517945 0.000918072)
(0.114351 -0.000461274 0.00118474)
(0.114927 -0.000600299 0.00109671)
(0.117256 -0.000524259 0.000924554)
(0.114642 -0.000484449 0.00118442)
(0.115221 -0.000607841 0.00110869)
(0.11761 -0.000528383 0.000930675)
(0.114928 -0.000502784 0.00118562)
(0.11551 -0.00061266 0.00111903)
(0.117958 -0.000530689 0.000936059)
(0.115208 -0.000517398 0.0011879)
(0.115792 -0.000615503 0.00112764)
(0.118302 -0.000531608 0.000940462)
(0.115485 -0.000528911 0.00119055)
(0.116071 -0.000616835 0.00113448)
(0.118641 -0.000531567 0.000943671)
(0.115757 -0.000537976 0.00119309)
(0.116345 -0.000616884 0.00113922)
(0.118977 -0.000530688 0.000945547)
(0.116026 -0.000544737 0.00119536)
(0.116617 -0.000616303 0.00114207)
(0.11931 -0.000529164 0.00094582)
(0.116291 -0.000549158 0.00119639)
(0.116886 -0.000614453 0.00114226)
(0.119641 -0.000527714 0.000945391)
(0.116554 -0.000551567 0.0011973)
(0.119969 -0.000524718 0.000942445)
(0.116813 -0.000550256 0.00119609)
(0.119244 -0.000459513 0.000767786)
(0.120223 -0.000363772 0.000591318)
(0.118736 -0.00028616 0.000904219)
(0.119665 -0.000459458 0.000766133)
(0.120675 -0.000361739 0.000587686)
(0.119148 -0.000293313 0.000889019)
(0.12008 -0.000458753 0.000765164)
(0.12112 -0.000359565 0.000584887)
(0.119555 -0.000298878 0.000877003)
(0.120491 -0.000457514 0.000764523)
(0.121561 -0.000357272 0.000582669)
(0.119958 -0.000303274 0.000867577)
(0.120898 -0.000455883 0.000763878)
(0.121996 -0.000354928 0.000580789)
(0.120357 -0.000306789 0.000860161)
(0.121301 -0.000453987 0.000762921)
(0.122428 -0.000352604 0.000579014)
(0.120754 -0.000309643 0.000854109)
(0.121702 -0.000451949 0.00076141)
(0.122856 -0.000350365 0.000577134)
(0.121149 -0.000312011 0.000848847)
(0.122099 -0.000449851 0.000759256)
(0.123281 -0.00034829 0.000575039)
(0.121541 -0.000313944 0.000844098)
(0.122494 -0.00044786 0.000756779)
(0.123703 -0.000346406 0.000572726)
(0.12193 -0.000315318 0.000839704)
(0.122888 -0.000445662 0.000753748)
(0.124123 -0.000344918 0.00057062)
(0.122318 -0.000316192 0.000836434)
(0.124541 -0.00034312 0.000567815)
(0.122704 -0.000316053 0.000832994)
(0.121693 -0.000263952 0.000407096)
(0.121819 -0.000135198 0.000205915)
(0.121082 -6.82685e-05 0.00054453)
(0.122171 -0.000259695 0.000402208)
(0.122309 -0.000132863 0.000203209)
(0.121553 -6.68655e-05 0.000532906)
(0.122642 -0.000255788 0.000397966)
(0.122792 -0.000130666 0.00020086)
(0.122018 -6.56396e-05 0.000522816)
(0.123108 -0.000252227 0.000394265)
(0.123269 -0.000128614 0.000198828)
(0.122478 -6.45857e-05 0.000514164)
(0.12357 -0.000249012 0.000390978)
(0.123741 -0.000126712 0.000197048)
(0.122933 -6.3715e-05 0.000506774)
(0.124027 -0.000246151 0.000387977)
(0.124209 -0.000124975 0.000195446)
(0.123384 -6.30771e-05 0.00050041)
(0.124481 -0.000243656 0.000385167)
(0.124672 -0.000123417 0.000193954)
(0.123831 -6.27134e-05 0.000494856)
(0.124931 -0.000241543 0.000382521)
(0.125132 -0.000122057 0.00019254)
(0.124276 -6.26304e-05 0.000490009)
(0.125378 -0.000239877 0.000380136)
(0.125588 -0.000120919 0.000191212)
(0.124718 -6.27897e-05 0.000485869)
(0.125824 -0.000238521 0.000377839)
(0.126042 -0.000120063 0.000190059)
(0.125157 -6.31526e-05 0.000482697)
(0.126493 -0.000119303 0.000188811)
(0.125594 -6.36114e-05 0.000479749)
(0.122438 -2.27996e-06 -8.10932e-07)
(0.12182 0.000204672 0.000131592)
(0.122934 -2.15278e-06 -7.60582e-07)
(0.12231 0.000201898 0.000129443)
(0.123423 -1.95206e-06 -6.89823e-07)
(0.122793 0.000199504 0.000127547)
(0.123906 -1.68955e-06 -6.08129e-07)
(0.12327 0.000197466 0.000125899)
(0.124384 -1.38518e-06 -5.27241e-07)
(0.123742 0.000195726 0.000124481)
(0.124858 -1.06089e-06 -4.55936e-07)
(0.12421 0.000194208 0.000123268)
(0.125328 -7.39425e-07 -3.99199e-07)
(0.124673 0.000192837 0.000122235)
(0.125794 -4.44089e-07 -3.57408e-07)
(0.125133 0.000191568 0.000121362)
(0.126256 -1.97049e-07 -3.2782e-07)
(0.12559 0.000190386 0.000120643)
(0.126716 -1.71328e-08 -3.06813e-07)
(0.126044 0.000189371 0.000120113)
(0.126494 0.000188227 0.000119571)
(0.0796018 -0.000550363 0.00102766)
(0.0916142 -0.000443831 0.00111879)
(0.0774181 -0.000497163 0.00100706)
(0.0788986 -0.000588439 0.00103918)
(0.0912524 -0.00049389 0.0011163)
(0.0766697 -0.000532625 0.00100293)
(0.0781787 -0.000617189 0.00105044)
(0.090875 -0.000533742 0.00111648)
(0.0759185 -0.00055937 0.00100381)
(0.0774454 -0.000638521 0.00105983)
(0.090484 -0.000564885 0.0011178)
(0.0751643 -0.000579322 0.0010062)
(0.0767015 -0.000653618 0.00106632)
(0.0900817 -0.000588541 0.00111898)
(0.0744061 -0.000594036 0.00100814)
(0.0759497 -0.000663318 0.00106945)
(0.0896694 -0.000605627 0.00111933)
(0.0736443 -0.000603831 0.00100801)
(0.0751925 -0.000668837 0.00106924)
(0.0892492 -0.000616796 0.00111815)
(0.0728803 -0.00060921 0.00100461)
(0.0744319 -0.000671509 0.00106617)
(0.0888221 -0.000623791 0.00111591)
(0.0721157 -0.00061201 0.00099976)
(0.0736697 -0.000672469 0.00105953)
(0.0883904 -0.000627005 0.00111117)
(0.0713551 -0.000613404 0.000992421)
(0.072907 -0.000672945 0.00104762)
(0.0879547 -0.000627329 0.00110244)
(0.0705955 -0.000614725 0.000979225)
(0.0875166 -0.000626869 0.00109122)
(0.0698451 -0.000614144 0.00095927)
(0.104652 -0.000404755 0.00127044)
(0.109107 -0.000355569 0.00132613)
(0.103082 -0.000316442 0.0012687)
(0.104655 -0.000460373 0.00126092)
(0.109247 -0.0004072 0.00131243)
(0.103027 -0.000374165 0.00123795)
(0.104646 -0.000506002 0.00125496)
(0.109379 -0.000449991 0.0013033)
(0.102974 -0.000423682 0.0012161)
(0.104626 -0.000542463 0.00125158)
(0.109502 -0.000484873 0.00129739)
(0.102915 -0.000464581 0.00120027)
(0.104595 -0.000570697 0.00124977)
(0.109618 -0.000513081 0.00129406)
(0.102854 -0.000496618 0.00118888)
(0.104553 -0.000591471 0.0012487)
(0.109728 -0.000535433 0.00129236)
(0.102787 -0.000521177 0.00118097)
(0.104502 -0.000605962 0.0012481)
(0.10983 -0.000552529 0.00129143)
(0.102716 -0.00053923 0.0011754)
(0.104443 -0.000614552 0.00124563)
(0.109927 -0.000565248 0.00129138)
(0.102636 -0.000552167 0.00117366)
(0.104376 -0.000617049 0.00123845)
(0.110017 -0.000572569 0.00128867)
(0.102551 -0.000559229 0.00116858)
(0.104304 -0.00061619 0.00123028)
(0.110103 -0.000574698 0.00128331)
(0.102459 -0.00056151 0.00116137)
(0.110184 -0.000574536 0.00127894)
(0.102362 -0.000561545 0.00115189)
(0.11409 -0.000318338 0.00130403)
(0.116133 -0.000204042 0.00117251)
(0.112561 -0.000188211 0.00134785)
(0.114369 -0.000354405 0.00128691)
(0.116472 -0.000230593 0.00114789)
(0.112797 -0.000225232 0.00131127)
(0.114645 -0.000384342 0.00127494)
(0.116807 -0.00025272 0.00112938)
(0.113035 -0.000257714 0.00128232)
(0.114917 -0.000409342 0.00126679)
(0.117138 -0.000271226 0.00111541)
(0.113274 -0.000285922 0.00126197)
(0.115186 -0.000430368 0.0012616)
(0.117467 -0.000286917 0.00110525)
(0.113515 -0.000309918 0.00124909)
(0.115452 -0.000447984 0.00125827)
(0.117794 -0.000300231 0.00109761)
(0.113757 -0.000330562 0.00123932)
(0.115715 -0.00046244 0.00125627)
(0.118118 -0.000311567 0.00109159)
(0.114 -0.000348587 0.00123149)
(0.115975 -0.000473389 0.00125494)
(0.11844 -0.000320864 0.00108696)
(0.114241 -0.000363456 0.00122603)
(0.11623 -0.00048049 0.00125424)
(0.118758 -0.000327598 0.00108295)
(0.114481 -0.000374374 0.00122214)
(0.116483 -0.000483768 0.00125349)
(0.119074 -0.000331811 0.00108078)
(0.114719 -0.000381035 0.00122373)
(0.119388 -0.000333755 0.00107871)
(0.114951 -0.000384566 0.00122359)
(0.118644 -0.000120366 0.00102502)
(0.119561 5.69288e-06 0.000861084)
(0.117065 3.68831e-05 0.00109616)
(0.119041 -0.000132864 0.000999734)
(0.119991 -2.01044e-06 0.000838214)
(0.117429 2.76245e-05 0.00105737)
(0.119436 -0.000143294 0.000979491)
(0.120416 -8.50306e-06 0.000819244)
(0.117792 1.94559e-05 0.00102557)
(0.119828 -0.000152175 0.000963525)
(0.120837 -1.41038e-05 0.000803732)
(0.118154 1.17918e-05 0.00100016)
(0.120218 -0.000159906 0.000950919)
(0.121256 -1.90284e-05 0.000791178)
(0.118518 3.96488e-06 0.000980121)
(0.120606 -0.000166824 0.000940718)
(0.121671 -2.35466e-05 0.000780904)
(0.118882 -3.94473e-06 0.000963865)
(0.120992 -0.000173021 0.000932322)
(0.122085 -2.78399e-05 0.000772336)
(0.119246 -1.18745e-05 0.000950179)
(0.121377 -0.000178279 0.000925433)
(0.122495 -3.18632e-05 0.000765242)
(0.11961 -1.95927e-05 0.000938903)
(0.121759 -0.000182344 0.000920355)
(0.122904 -3.54135e-05 0.000759531)
(0.119973 -2.65083e-05 0.000930194)
(0.122139 -0.000185178 0.000916726)
(0.12331 -3.83077e-05 0.000755784)
(0.120335 -3.19205e-05 0.000925616)
(0.123715 -4.05625e-05 0.000752547)
(0.120696 -3.63039e-05 0.000922594)
(0.120947 0.000127502 0.000669456)
(0.121083 0.000267764 0.000471239)
(0.119387 0.000298961 0.000755493)
(0.121405 0.000126117 0.000652837)
(0.121554 0.000264449 0.000460103)
(0.119818 0.000302245 0.00073353)
(0.121858 0.000124712 0.000638521)
(0.122019 0.000261468 0.00045038)
(0.120244 0.000304778 0.000714438)
(0.122306 0.000123278 0.000626343)
(0.122478 0.00025879 0.000442031)
(0.120666 0.000306489 0.000698089)
(0.122751 0.000121755 0.000616019)
(0.122934 0.000256344 0.00043493)
(0.121085 0.000307286 0.000684253)
(0.123193 0.000120057 0.000607225)
(0.123385 0.000254021 0.000428888)
(0.121501 0.000307163 0.000672395)
(0.123632 0.000118152 0.00059974)
(0.123833 0.000251724 0.000423725)
(0.121915 0.000306154 0.000662046)
(0.124067 0.000116099 0.000593494)
(0.124277 0.000249426 0.000419351)
(0.122327 0.000304336 0.000653124)
(0.124501 0.000114039 0.000588652)
(0.124719 0.000247172 0.000415758)
(0.122737 0.000301862 0.0006458)
(0.124932 0.000111978 0.000584902)
(0.125158 0.000245146 0.000413141)
(0.123146 0.000299142 0.00064079)
(0.125595 0.000242989 0.000410814)
(0.123553 0.000295738 0.000636732)
(0.121695 0.000405999 0.000260015)
(0.120226 0.000590414 0.000359328)
(0.122172 0.000400925 0.000256067)
(0.120678 0.000586477 0.000357577)
(0.122644 0.00039651 0.000252597)
(0.121124 0.000583388 0.000355837)
(0.12311 0.000392672 0.000249585)
(0.121564 0.000580932 0.000354117)
(0.123572 0.000389296 0.000246996)
(0.122 0.000578875 0.000352455)
(0.124029 0.000386257 0.000244792)
(0.122432 0.000577003 0.000350866)
(0.124483 0.000383457 0.000242934)
(0.12286 0.000575111 0.000349355)
(0.124934 0.000380856 0.000241395)
(0.123285 0.000573088 0.000347932)
(0.125381 0.000378539 0.000240196)
(0.123708 0.00057089 0.000346604)
(0.125827 0.000376314 0.000239176)
(0.124128 0.000568931 0.00034553)
(0.124545 0.000566229 0.000343961)
(0.0746577 -0.000488567 0.000977711)
(0.0874858 -0.000365343 0.00108204)
(0.0692279 -0.000389443 0.00084227)
(0.0738653 -0.000513654 0.000963384)
(0.0870071 -0.000405466 0.00104777)
(0.0684759 -0.000407884 0.000823079)
(0.0730825 -0.000532499 0.000955552)
(0.0865409 -0.000438831 0.00102465)
(0.067737 -0.000421118 0.000812934)
(0.0723049 -0.000546627 0.000950511)
(0.0860799 -0.000465766 0.00100739)
(0.0670191 -0.000431706 0.000805245)
(0.0715298 -0.000556487 0.00094596)
(0.0856233 -0.000486348 0.000994521)
(0.0663048 -0.000440514 0.000798105)
(0.0707564 -0.000561853 0.000939859)
(0.0851667 -0.000501083 0.000983876)
(0.065603 -0.000446722 0.000790605)
(0.0699861 -0.000563379 0.000933214)
(0.0847113 -0.000510437 0.000974173)
(0.0649016 -0.000449052 0.00078198)
(0.06922 -0.000562418 0.000926604)
(0.0842547 -0.000516068 0.000967987)
(0.0642103 -0.000447845 0.00077639)
(0.0684625 -0.000559415 0.000917277)
(0.0838005 -0.000518764 0.000960333)
(0.0635198 -0.000443945 0.000771897)
(0.0677171 -0.000552613 0.000902812)
(0.0833456 -0.000518573 0.000950708)
(0.0628365 -0.000435388 0.000760749)
(0.066986 -0.000540839 0.000883399)
(0.0828977 -0.000512881 0.000934478)
(0.0621663 -0.000417812 0.000730315)
(0.0824545 -0.000502538 0.000912037)
(0.0615142 -0.000396425 0.000690393)
(0.10154 -0.000294662 0.00123224)
(0.106192 -0.000196237 0.00135022)
(0.0973861 -0.00016791 0.00110702)
(0.101431 -0.000345889 0.00119046)
(0.106224 -0.000241994 0.00130137)
(0.0971974 -0.000206345 0.00106019)
(0.10133 -0.000390246 0.00115978)
(0.106266 -0.000283167 0.00126354)
(0.0970326 -0.000241139 0.00102415)
(0.101234 -0.000426294 0.00113684)
(0.106312 -0.000318823 0.00123633)
(0.0968764 -0.000270771 0.000998137)
(0.101139 -0.000454091 0.00112023)
(0.106365 -0.000347572 0.00121767)
(0.0967324 -0.000294979 0.000977441)
(0.101043 -0.000475036 0.00110884)
(0.106418 -0.000370925 0.00120435)
(0.0965911 -0.000313997 0.000963021)
(0.100944 -0.000490678 0.00110297)
(0.106474 -0.000389894 0.00119496)
(0.0964518 -0.000328958 0.000952181)
(0.10084 -0.000501857 0.0010988)
(0.106527 -0.000405365 0.0011899)
(0.0963066 -0.000341447 0.000945453)
(0.100731 -0.000508886 0.00109339)
(0.106577 -0.000416682 0.00118362)
(0.096162 -0.000351242 0.000938369)
(0.100616 -0.000511508 0.00108526)
(0.106624 -0.000423595 0.00118141)
(0.0960103 -0.000357345 0.000935536)
(0.100493 -0.000509616 0.00107083)
(0.106665 -0.000425953 0.0011757)
(0.0958551 -0.000359079 0.000926084)
(0.0956851 -0.00035717 0.000913626)
(0.111328 -0.000101662 0.00135254)
(0.113413 4.87815e-05 0.00125884)
(0.107762 4.59795e-05 0.00127222)
(0.111524 -0.000135319 0.00130465)
(0.113671 2.85704e-05 0.00120734)
(0.107886 2.51202e-05 0.00121789)
(0.111727 -0.000166153 0.00126778)
(0.113935 9.45053e-06 0.00116497)
(0.108026 3.14502e-06 0.00117484)
(0.111936 -0.00019332 0.00124305)
(0.114203 -8.49272e-06 0.00113335)
(0.108174 -1.80864e-05 0.00114445)
(0.112152 -0.000216667 0.00122602)
(0.114476 -2.51799e-05 0.00111086)
(0.108334 -3.58665e-05 0.00112662)
(0.112371 -0.00023704 0.00121246)
(0.114753 -4.04784e-05 0.00109256)
(0.108496 -5.25785e-05 0.00111117)
(0.112593 -0.000255037 0.00120164)
(0.115032 -5.47063e-05 0.001077)
(0.10867 -6.95027e-05 0.00109484)
(0.112815 -0.000270386 0.00119329)
(0.115313 -6.81346e-05 0.00106475)
(0.108845 -8.54097e-05 0.00108224)
(0.113037 -0.000281988 0.00119077)
(0.115594 -7.99278e-05 0.00105557)
(0.109024 -9.90998e-05 0.0010746)
(0.113257 -0.000289338 0.00119249)
(0.115875 -8.88644e-05 0.00105444)
(0.109202 -0.000108088 0.00107775)
(0.116153 -9.5131e-05 0.00105394)
(0.109374 -0.000114522 0.00107927)
(0.1159 0.000177938 0.00112559)
(0.116897 0.000320055 0.000993745)
(0.112643 0.000328234 0.00109758)
(0.116231 0.000172728 0.00108053)
(0.117262 0.000321201 0.000955832)
(0.112911 0.000335377 0.00104658)
(0.116563 0.000167106 0.00104376)
(0.117625 0.000321628 0.000923874)
(0.113184 0.00033958 0.00100457)
(0.116898 0.000160219 0.00101435)
(0.117989 0.000320815 0.000897614)
(0.11346 0.000340678 0.000971001)
(0.117237 0.000151919 0.000990639)
(0.118353 0.000318176 0.000876299)
(0.113741 0.000338708 0.000945114)
(0.117578 0.00014275 0.000970859)
(0.118718 0.00031415 0.000858476)
(0.114026 0.000334024 0.000924105)
(0.11792 0.00013307 0.000954227)
(0.119083 0.000309018 0.000843062)
(0.114315 0.000327178 0.000905802)
(0.118263 0.000123391 0.000940963)
(0.119448 0.000303028 0.000829983)
(0.114607 0.000318836 0.000890118)
(0.118606 0.000114654 0.000932403)
(0.119812 0.000296548 0.000819796)
(0.1149 0.000310039 0.000878165)
(0.11895 0.000107225 0.000928036)
(0.120176 0.000290426 0.000814176)
(0.115194 0.000301683 0.000872082)
(0.12054 0.000284259 0.000810558)
(0.115489 0.000294149 0.000870307)
(0.118302 0.000468985 0.00081777)
(0.118566 0.000615848 0.000643525)
(0.115318 0.000613524 0.000833644)
(0.118702 0.000475953 0.000793399)
(0.118979 0.00061856 0.000630633)
(0.115661 0.000633367 0.000809494)
(0.119098 0.000481357 0.000772294)
(0.119387 0.000620969 0.000619154)
(0.116 0.000649776 0.000788344)
(0.119491 0.000485033 0.000754257)
(0.11979 0.000622846 0.000609027)
(0.116335 0.000662634 0.000769988)
(0.119882 0.000486949 0.000738816)
(0.120191 0.000623942 0.000600193)
(0.116667 0.000671942 0.000754279)
(0.120272 0.00048723 0.000725307)
(0.120589 0.000624132 0.000592378)
(0.116998 0.000678124 0.00074045)
(0.120661 0.000486019 0.000713401)
(0.120984 0.000623349 0.000585297)
(0.117328 0.00068162 0.000727848)
(0.121048 0.000483477 0.000703249)
(0.121378 0.000621591 0.000578925)
(0.117657 0.000682687 0.000716524)
(0.121433 0.000479983 0.000695537)
(0.121769 0.000618919 0.000573436)
(0.117985 0.000681392 0.000706936)
(0.121818 0.000475564 0.000689975)
(0.122159 0.000615949 0.000569465)
(0.118312 0.000678533 0.000700615)
(0.122547 0.000611759 0.000565787)
(0.118638 0.000673353 0.000695846)
(0.119248 0.000766797 0.000454874)
(0.116535 0.00091139 0.000504385)
(0.11967 0.00076476 0.000455239)
(0.116904 0.00091709 0.000513171)
(0.120086 0.000763448 0.000455108)
(0.117264 0.000923007 0.000519847)
(0.120496 0.000762539 0.000454575)
(0.117618 0.000928676 0.00052452)
(0.120903 0.000761716 0.000453736)
(0.117966 0.000933709 0.000527555)
(0.121307 0.000760693 0.000452649)
(0.11831 0.000937895 0.000529276)
(0.121707 0.000759241 0.000451356)
(0.118649 0.000941038 0.000530034)
(0.122105 0.000757234 0.000449897)
(0.118985 0.000942997 0.000529884)
(0.122501 0.000754952 0.00044841)
(0.119318 0.00094347 0.000528954)
(0.122894 0.000752107 0.000446527)
(0.119649 0.000943279 0.000527901)
(0.119977 0.000940523 0.000525053)
(0.0637487 -0.000267527 0.000765287)
(0.0776491 -0.000150856 0.000826891)
(0.0544816 -9.39617e-05 0.000551557)
(0.0630455 -0.000276203 0.000749208)
(0.0771476 -0.000167071 0.000794526)
(0.0538371 -9.93184e-05 0.000538976)
(0.0623665 -0.000283181 0.000738003)
(0.0766692 -0.000181073 0.000769697)
(0.0532133 -0.00010373 0.00052958)
(0.0617043 -0.000290104 0.000727215)
(0.0762151 -0.000193579 0.000749507)
(0.0526187 -0.000108504 0.000520055)
(0.0610549 -0.00029672 0.000716109)
(0.0757714 -0.000205636 0.000731353)
(0.0520366 -0.000114586 0.000509983)
(0.0604154 -0.000301508 0.000704615)
(0.0753428 -0.000215709 0.000715583)
(0.0514742 -0.000120497 0.000499871)
(0.0597848 -0.00030324 0.000694778)
(0.0749152 -0.000223655 0.000700105)
(0.0509197 -0.000125237 0.000489356)
(0.059159 -0.000301654 0.000688389)
(0.0744938 -0.000228836 0.000689636)
(0.050382 -0.000127025 0.000482174)
(0.0585366 -0.000296344 0.000677571)
(0.0740717 -0.000231611 0.000683501)
(0.0498443 -0.000125748 0.00047842)
(0.0579188 -0.000285089 0.000642795)
(0.073651 -0.000230998 0.00067616)
(0.0493126 -0.000122192 0.000470065)
(0.0573194 -0.000267964 0.000583251)
(0.0732346 -0.000225552 0.000646834)
(0.0487872 -0.000116156 0.00044038)
(0.0728191 -0.000216323 0.000609938)
(0.0482779 -0.000108212 0.000400399)
(0.0934276 -6.14341e-05 0.000976669)
(0.0987412 5.02894e-05 0.00113147)
(0.0842435 9.11627e-05 0.000693711)
(0.0931885 -8.46934e-05 0.000935614)
(0.0986346 3.35213e-05 0.00108292)
(0.0838658 7.56611e-05 0.00065609)
(0.0929732 -0.000106365 0.000903759)
(0.0985573 1.50806e-05 0.00104511)
(0.0835108 6.15385e-05 0.000629546)
(0.0927756 -0.000126057 0.000878936)
(0.0984921 -3.28195e-06 0.00101806)
(0.0831774 4.91564e-05 0.000613531)
(0.0925892 -0.000143418 0.000859128)
(0.098444 -1.89978e-05 0.00099844)
(0.0828516 3.78596e-05 0.000600901)
(0.0924076 -0.00015867 0.00084348)
(0.0984007 -3.37762e-05 0.000983272)
(0.0825404 2.70446e-05 0.000590256)
(0.0922265 -0.000171947 0.000830725)
(0.0983667 -4.89512e-05 0.00096799)
(0.0822233 1.61285e-05 0.00057933)
(0.0920443 -0.000182828 0.000821562)
(0.098331 -6.22875e-05 0.000956282)
(0.0819139 6.17153e-06 0.000569603)
(0.0918616 -0.000190913 0.000817731)
(0.0983017 -7.31701e-05 0.000949317)
(0.0815992 -2.3374e-06 0.000562377)
(0.0916736 -0.000196105 0.000813297)
(0.0982672 -7.98443e-05 0.000949054)
(0.081285 -9.4474e-06 0.000561874)
(0.0914732 -0.000198508 0.000804641)
(0.0982304 -8.46165e-05 0.000942831)
(0.0809705 -1.38435e-05 0.000563991)
(0.080635 -1.70779e-05 0.000569397)
(0.104573 0.000188369 0.00116832)
(0.107044 0.000338893 0.00111966)
(0.0970297 0.000318656 0.000934785)
(0.104645 0.000178452 0.00111902)
(0.107176 0.000344531 0.00106546)
(0.09695 0.000317115 0.000886402)
(0.104734 0.000165092 0.00108214)
(0.107325 0.000344845 0.00102244)
(0.0968941 0.000308309 0.000849591)
(0.104835 0.000151945 0.00105792)
(0.107481 0.000341188 0.000990007)
(0.0968502 0.000296398 0.000823309)
(0.104947 0.000139815 0.00104115)
(0.107648 0.00033661 0.000969183)
(0.0968186 0.000287165 0.000811075)
(0.105068 0.000126335 0.00102313)
(0.107818 0.000329983 0.00095151)
(0.0967891 0.000277032 0.000800031)
(0.105197 0.00011205 0.00100588)
(0.108 0.000320843 0.000933002)
(0.0967683 0.000266596 0.000789277)
(0.105333 9.89775e-05 0.00099522)
(0.108185 0.000310683 0.000918146)
(0.0967447 0.00025486 0.000780189)
(0.105469 8.86652e-05 0.000993934)
(0.108376 0.00030077 0.000908617)
(0.0967275 0.000240704 0.000769711)
(0.105605 8.06002e-05 0.000996827)
(0.108566 0.000291991 0.000908408)
(0.0967083 0.000231548 0.000773659)
(0.108754 0.000283877 0.000909426)
(0.0966834 0.000222789 0.000776624)
(0.109845 0.000495134 0.00103711)
(0.111182 0.000624247 0.000957141)
(0.10336 0.00059944 0.00089868)
(0.110059 0.000511742 0.000989815)
(0.111431 0.000650089 0.00091932)
(0.103434 0.000625174 0.000852798)
(0.110278 0.000522566 0.000951392)
(0.11168 0.000670131 0.000887509)
(0.103512 0.000642299 0.000813613)
(0.110503 0.000528444 0.00092158)
(0.11193 0.000684587 0.000861398)
(0.103594 0.000651537 0.000781671)
(0.110734 0.000530273 0.000898773)
(0.112182 0.000694235 0.000840999)
(0.10368 0.000654862 0.000757198)
(0.110971 0.000528681 0.000880025)
(0.112435 0.000699962 0.000823983)
(0.103767 0.000653691 0.000738504)
(0.111212 0.000524181 0.000863612)
(0.112692 0.000702485 0.00080861)
(0.103861 0.000649722 0.000724414)
(0.111457 0.000517376 0.000849858)
(0.112949 0.000701848 0.000794967)
(0.103956 0.00064233 0.000711796)
(0.111704 0.000509276 0.000840675)
(0.113208 0.000698288 0.000784258)
(0.104054 0.000632053 0.000700451)
(0.111953 0.000500943 0.000837235)
(0.113468 0.000693035 0.000778554)
(0.104153 0.000621162 0.000694094)
(0.113728 0.000686139 0.000776511)
(0.104251 0.000608682 0.000691019)
(0.112832 0.00078473 0.000836331)
(0.113423 0.000914243 0.000705278)
(0.10709 0.000848297 0.000773082)
(0.113117 0.000813741 0.000815558)
(0.113724 0.000937223 0.000702195)
(0.107244 0.000888303 0.000758115)
(0.113398 0.000837295 0.000797227)
(0.114018 0.000957145 0.000698679)
(0.107387 0.000920945 0.000744077)
(0.113676 0.000855551 0.00078127)
(0.114307 0.000973758 0.00069463)
(0.107522 0.000946248 0.000730731)
(0.113952 0.000869087 0.000767343)
(0.114591 0.000987093 0.00069034)
(0.10765 0.000964541 0.000718224)
(0.114226 0.000878688 0.000754737)
(0.114871 0.000997467 0.000685815)
(0.107774 0.000977058 0.000706521)
(0.1145 0.000884828 0.000743127)
(0.115148 0.00100521 0.000681062)
(0.107895 0.000984892 0.000695865)
(0.114772 0.000887547 0.000732777)
(0.115422 0.0010104 0.00067614)
(0.108013 0.000988709 0.000686078)
(0.115044 0.000887327 0.000724969)
(0.115695 0.00101276 0.00067135)
(0.108131 0.000988521 0.000677086)
(0.115316 0.000884092 0.000719738)
(0.115966 0.0010133 0.000668098)
(0.108247 0.00098486 0.000670321)
(0.116235 0.0010099 0.000664542)
(0.108363 0.000976381 0.00066363)
(0.114326 0.0010686 0.000569474)
(0.109099 0.00110193 0.000564544)
(0.114636 0.00108211 0.000584354)
(0.109283 0.00112427 0.000591703)
(0.114938 0.00109481 0.000595647)
(0.109451 0.001144 0.000612177)
(0.115232 0.00110626 0.000603762)
(0.109605 0.00116111 0.00062692)
(0.11552 0.00111621 0.000609321)
(0.109747 0.00117548 0.000636939)
(0.115803 0.0011246 0.000612951)
(0.109879 0.00118736 0.000643114)
(0.116081 0.00113137 0.000615043)
(0.110003 0.00119717 0.000646351)
(0.116356 0.00113622 0.000615756)
(0.11012 0.00120467 0.000647287)
(0.116627 0.00113931 0.000615661)
(0.110231 0.00120923 0.00064617)
(0.116897 0.00113975 0.000614049)
(0.110338 0.00121056 0.000643962)
(0.110442 0.00120543 0.000637994)
(0.0464526 2.98052e-05 0.000352222)
(0.0597936 0.000103219 0.000294723)
(0.0357564 7.74952e-05 0.000183635)
(0.0458763 2.70576e-05 0.000343955)
(0.0592503 9.63162e-05 0.000273062)
(0.0352737 7.24426e-05 0.000176625)
(0.0453257 2.57789e-05 0.000337997)
(0.0587274 9.27141e-05 0.000258167)
(0.0348161 7.09716e-05 0.000173061)
(0.0447965 2.34961e-05 0.000331915)
(0.0582315 9.06379e-05 0.000248967)
(0.034376 7.03442e-05 0.000170915)
(0.0442852 1.94496e-05 0.000324822)
(0.0577459 8.70659e-05 0.000242409)
(0.033952 6.75649e-05 0.000168546)
(0.0437908 1.45863e-05 0.000316801)
(0.0572795 8.18497e-05 0.000235103)
(0.033539 6.33034e-05 0.000165376)
(0.0433128 1.04653e-05 0.00030931)
(0.0568152 7.56248e-05 0.000226636)
(0.0331393 5.82333e-05 0.000161389)
(0.0428459 8.24294e-06 0.000303849)
(0.0563692 6.96976e-05 0.000218962)
(0.0327546 5.40485e-05 0.000157908)
(0.0423846 7.15679e-06 0.00029985)
(0.0559194 6.46787e-05 0.000211538)
(0.0323774 5.0437e-05 0.000154581)
(0.0419228 5.75606e-06 0.000291971)
(0.0554748 5.99747e-05 0.000211444)
(0.0320058 4.59752e-05 0.00015113)
(0.0414728 4.10131e-06 0.000276235)
(0.0550328 5.5385e-05 0.000212765)
(0.0316392 3.94048e-05 0.000143041)
(0.0545888 5.14932e-05 0.000214502)
(0.0312839 3.30563e-05 0.000132229)
(0.0759728 0.000163834 0.000359459)
(0.0827427 0.000256668 0.000549415)
(0.0581752 0.000186258 0.000176295)
(0.0754967 0.000154745 0.000333173)
(0.0823885 0.000251727 0.00051622)
(0.0576721 0.000175356 0.000163954)
(0.0750423 0.000148808 0.000321082)
(0.0820525 0.000244892 0.000499273)
(0.0571792 0.000167719 0.000160376)
(0.0746008 0.000144447 0.000316693)
(0.0817377 0.000238255 0.000491877)
(0.0567014 0.000161222 0.000160896)
(0.0741668 0.000139224 0.000312594)
(0.0814263 0.000232746 0.000489019)
(0.0562294 0.000153431 0.000160429)
(0.0737373 0.000132239 0.000306123)
(0.0811272 0.000224993 0.000482768)
(0.0557715 0.000143835 0.000156537)
(0.0733107 0.000123716 0.000297225)
(0.0808217 0.000216275 0.000475386)
(0.0553137 0.000133473 0.000150762)
(0.0728858 0.000114137 0.000287142)
(0.0805229 0.000205745 0.00046666)
(0.0548747 0.000122526 0.000143638)
(0.0724615 0.000104895 0.000281173)
(0.0802188 0.000192329 0.000455396)
(0.0544348 0.000111465 0.000136448)
(0.0720352 9.7301e-05 0.000284811)
(0.079918 0.000183582 0.000454271)
(0.0540068 0.000101139 0.000134954)
(0.0716035 9.12925e-05 0.000298064)
(0.0796139 0.000175532 0.000457111)
(0.0535862 8.97771e-05 0.000136968)
(0.0531651 7.96647e-05 0.000144447)
(0.0902114 0.000386905 0.000631098)
(0.0937574 0.000518443 0.000665834)
(0.0726749 0.000417103 0.000485976)
(0.0900194 0.000387738 0.00059635)
(0.0936256 0.000534822 0.000622867)
(0.0722496 0.000409185 0.000463059)
(0.0898443 0.000383138 0.000572797)
(0.0935081 0.00054306 0.000587646)
(0.071846 0.000388139 0.000436285)
(0.0896811 0.0003769 0.000560107)
(0.0933979 0.00054431 0.000561332)
(0.0714636 0.000362834 0.000413924)
(0.0895234 0.000369222 0.000552861)
(0.0932937 0.000542157 0.000545962)
(0.0710956 0.000341865 0.000403014)
(0.0893675 0.00035947 0.000545888)
(0.0931907 0.000535048 0.000534194)
(0.0707422 0.000323166 0.000394485)
(0.0892104 0.000348378 0.000539514)
(0.0930913 0.000525956 0.000527084)
(0.0703885 0.000306234 0.000387147)
(0.0890519 0.000333865 0.000528752)
(0.0929871 0.000514338 0.000519581)
(0.070046 0.000290348 0.000380569)
(0.0888945 0.000320429 0.00052311)
(0.0928874 0.000499563 0.000507352)
(0.0697034 0.00027457 0.000372702)
(0.0887311 0.000309667 0.000526015)
(0.0927868 0.00048795 0.000506471)
(0.0693691 0.000261167 0.000370722)
(0.0926813 0.000473779 0.000507007)
(0.0690422 0.000246077 0.000365046)
(0.0975176 0.000670306 0.000684839)
(0.0996803 0.000759494 0.000685881)
(0.0819459 0.000666006 0.000590539)
(0.097468 0.000693841 0.000644593)
(0.0996682 0.000796426 0.000657976)
(0.0815691 0.000681384 0.000571143)
(0.0974206 0.000707299 0.00060996)
(0.0996508 0.000823584 0.000633007)
(0.0811993 0.000684336 0.000553478)
(0.0973743 0.000712526 0.000581941)
(0.0996273 0.000841678 0.000611348)
(0.0808371 0.000677423 0.000536382)
(0.0973302 0.000711657 0.000560343)
(0.0996006 0.000852032 0.000593206)
(0.0804849 0.000665125 0.000520721)
(0.0972881 0.00070669 0.000544751)
(0.0995701 0.000856543 0.000577818)
(0.0801406 0.000650424 0.000508206)
(0.0972479 0.000698494 0.000532898)
(0.0995403 0.000856841 0.000565751)
(0.0798064 0.000634163 0.000498348)
(0.0972098 0.00068744 0.000522202)
(0.0995078 0.000853157 0.000555109)
(0.0794799 0.000617261 0.000490604)
(0.0971716 0.000674815 0.000513855)
(0.0994767 0.000846337 0.000545142)
(0.0791604 0.000600614 0.000483978)
(0.0971338 0.00066037 0.000508242)
(0.0994445 0.000836619 0.00053871)
(0.0788482 0.000583439 0.000475858)
(0.0994113 0.000822962 0.000532153)
(0.0785406 0.000565376 0.000466875)
(0.101949 0.000891179 0.000658965)
(0.103164 0.000974073 0.000599042)
(0.0881214 0.000818281 0.000617739)
(0.101971 0.000931635 0.000648242)
(0.10321 0.00101002 0.000610393)
(0.0878041 0.000855128 0.000618468)
(0.101979 0.000963689 0.000637358)
(0.103237 0.00103993 0.000617511)
(0.087469 0.000883109 0.000616766)
(0.101976 0.000987341 0.000626145)
(0.103249 0.00106388 0.000620859)
(0.0871214 0.000902487 0.000612522)
(0.101964 0.00100334 0.000614857)
(0.103247 0.00108189 0.000620991)
(0.0867657 0.000914169 0.000606573)
(0.101946 0.00101299 0.00060418)
(0.103234 0.00109484 0.000618724)
(0.086406 0.00091955 0.000599978)
(0.101924 0.00101759 0.000594516)
(0.103214 0.00110369 0.000615065)
(0.0860454 0.000919834 0.00059344)
(0.1019 0.00101799 0.00058557)
(0.103187 0.00110892 0.000610463)
(0.0856861 0.000916583 0.000587441)
(0.101874 0.00101433 0.000577498)
(0.103156 0.0011104 0.00060492)
(0.0853297 0.000910209 0.000581363)
(0.101847 0.00100582 0.000569523)
(0.10312 0.00110775 0.000598964)
(0.0849766 0.000900828 0.000574831)
(0.103083 0.00109797 0.000590097)
(0.0846284 0.000888202 0.000566915)
(0.104446 0.00109568 0.000547833)
(0.0914528 0.000974634 0.000548946)
(0.104498 0.00112062 0.000577912)
(0.091158 0.00100163 0.000580504)
(0.104529 0.00114212 0.000599911)
(0.0908363 0.00102369 0.000603525)
(0.104542 0.00116019 0.000615162)
(0.090493 0.00104109 0.000619461)
(0.104539 0.00117497 0.000624776)
(0.0901327 0.00105408 0.00062973)
(0.104524 0.00118706 0.000629801)
(0.0897593 0.00106325 0.000635454)
(0.104498 0.00119658 0.000631308)
(0.0893765 0.00106934 0.000637333)
(0.104464 0.00120302 0.000630031)
(0.0889872 0.00107242 0.00063649)
(0.104424 0.00120552 0.000626718)
(0.0885943 0.00107279 0.00063354)
(0.104377 0.00120139 0.000620302)
(0.0881989 0.00107012 0.000629511)
(0.0878043 0.00106176 0.000623883)
(0.0282236 8.30028e-05 1.88328e-05)
(0.0345951 0.000130374 -1.44969e-05)
(0.0278261 8.03792e-05 1.76042e-05)
(0.0341413 0.000123811 -1.54223e-05)
(0.027447 7.93035e-05 1.64378e-05)
(0.0337052 0.000118882 -1.9685e-05)
(0.0270802 7.76461e-05 1.60105e-05)
(0.0332781 0.000114256 -2.29255e-05)
(0.0267222 7.44804e-05 1.61318e-05)
(0.0328639 0.000108609 -2.35587e-05)
(0.0263743 7.03434e-05 1.63519e-05)
(0.032457 0.000102018 -2.34158e-05)
(0.0260387 6.60438e-05 1.65275e-05)
(0.0320619 9.52794e-05 -2.31787e-05)
(0.0257148 6.20188e-05 1.65862e-05)
(0.0316823 8.86749e-05 -2.34633e-05)
(0.0254007 5.77342e-05 1.72344e-05)
(0.0313121 8.2506e-05 -2.33185e-05)
(0.0250904 5.21778e-05 1.85788e-05)
(0.0309524 7.5922e-05 -2.01433e-05)
(0.0247899 4.57506e-05 2.01502e-05)
(0.0306012 6.78158e-05 -1.44816e-05)
(0.0302624 5.97956e-05 -7.30712e-06)
(0.0435845 0.00019088 1.43081e-05)
(0.0499981 0.000306521 0.000218092)
(0.0430685 0.000180176 1.88435e-05)
(0.0494372 0.000291477 0.000219735)
(0.0425624 0.00016954 2.14413e-05)
(0.0488894 0.000266376 0.000210386)
(0.0420643 0.00015901 2.31e-05)
(0.0483567 0.000240388 0.000199179)
(0.0415724 0.000148414 2.38075e-05)
(0.047839 0.000219549 0.000194625)
(0.0410916 0.000137974 2.33324e-05)
(0.0473372 0.000203076 0.000191473)
(0.0406244 0.000127766 2.22421e-05)
(0.0468404 0.000189239 0.00018879)
(0.0401721 0.000117865 2.09725e-05)
(0.0463661 0.000176249 0.000186314)
(0.0397353 0.000108421 2.17551e-05)
(0.0458953 0.000164602 0.000183985)
(0.0393096 9.85629e-05 2.5022e-05)
(0.0454402 0.000153205 0.00018308)
(0.0388999 8.831e-05 2.97761e-05)
(0.0450015 0.000141349 0.000178067)
(0.0573475 0.000453049 0.000363245)
(0.0625919 0.000578214 0.000401812)
(0.0567439 0.000422385 0.000342886)
(0.0619555 0.000570491 0.000403423)
(0.0561665 0.000379082 0.000312043)
(0.061334 0.000543696 0.00039519)
(0.0556131 0.000340016 0.000290114)
(0.060734 0.000510605 0.000385009)
(0.0550772 0.000311387 0.000280243)
(0.0601516 0.000482199 0.000377557)
(0.0545548 0.000290104 0.000275759)
(0.0595896 0.000458554 0.000373345)
(0.0540442 0.000272495 0.000272483)
(0.0590331 0.000437465 0.000369816)
(0.0535444 0.000256929 0.000270019)
(0.0584985 0.000418061 0.000366731)
(0.0530557 0.000242513 0.00026716)
(0.0579662 0.000400148 0.000364702)
(0.052579 0.000227906 0.000260872)
(0.0574491 0.000383369 0.000356912)
(0.0569477 0.000365857 0.000346476)
(0.0678771 0.000693919 0.000506642)
(0.071852 0.000740816 0.000554019)
(0.0672207 0.00069524 0.00051209)
(0.0712059 0.000763429 0.000561369)
(0.066574 0.000684479 0.000514764)
(0.070555 0.000774927 0.000563857)
(0.0659416 0.000665771 0.000512631)
(0.0699056 0.000775871 0.00056218)
(0.0653253 0.000643816 0.000507845)
(0.0692613 0.000769165 0.000558788)
(0.0647247 0.000620924 0.000502404)
(0.0686243 0.000758177 0.0005552)
(0.0641387 0.000598161 0.000497505)
(0.0679959 0.000744358 0.000551074)
(0.0635654 0.00057641 0.000493473)
(0.0673785 0.000729243 0.000547804)
(0.0630046 0.000555555 0.000486788)
(0.0667693 0.00071325 0.000544025)
(0.0624549 0.000535148 0.000475655)
(0.0661711 0.000696002 0.00053697)
(0.0655827 0.000678197 0.000527151)
(0.0754439 0.000817561 0.000605666)
(0.0777542 0.00085533 0.000594482)
(0.0748068 0.000847764 0.000618406)
(0.077132 0.000889947 0.000618516)
(0.0741529 0.000868003 0.000625817)
(0.0764842 0.000915511 0.00063525)
(0.0734892 0.000879455 0.000628797)
(0.0758188 0.000932839 0.000645689)
(0.0728218 0.000883669 0.000628945)
(0.0751413 0.000943084 0.000651406)
(0.0721553 0.000882189 0.000627515)
(0.0744572 0.000947553 0.000653833)
(0.0714927 0.000876527 0.000625314)
(0.0737706 0.000947383 0.000653691)
(0.0708363 0.000867616 0.000622343)
(0.0730849 0.000943583 0.000651982)
(0.0701874 0.000855867 0.000617541)
(0.0724026 0.000936723 0.00064869)
(0.0695464 0.000842078 0.000610538)
(0.0717248 0.000927251 0.000643511)
(0.0710537 0.000915962 0.000636911)
(0.0794865 0.000930166 0.000605271)
(0.0788545 0.000959977 0.000633752)
(0.0781953 0.000982545 0.00065385)
(0.0775155 0.000998629 0.000667296)
(0.0768209 0.00100907 0.000675603)
(0.0761165 0.00101477 0.000679657)
(0.0754064 0.00101641 0.000680261)
(0.074694 0.00101469 0.000678332)
(0.0739824 0.0010102 0.000674651)
(0.0732729 0.00100278 0.000670813)
)
;

boundaryField
{
    inlet
    {
        type            calculated;
        value           nonuniform List<vector> 0();
    }
    ami1
    {
        type            cyclicAMI;
        value           nonuniform List<vector> 0();
    }
    walls
    {
        type            calculated;
        value           uniform (0 0 0);
    }
    ami2
    {
        type            cyclicAMI;
        value           nonuniform List<vector> 0();
    }
    outlet
    {
        type            calculated;
        value           nonuniform List<vector> 0();
    }
    procBoundary8to0
    {
        type            processor;
        value           nonuniform List<vector> 
29
(
(0.0286904 -1.87423e-05 8.94484e-05)
(0.0471134 -0.000370549 4.09231e-05)
(0.0645035 -0.000801762 -0.000247424)
(0.0754777 -0.00101036 -0.000449437)
(0.0802864 -0.00102344 -0.000491944)
(0.0441804 -1.16183e-05 0.000201946)
(0.0764758 -0.000392266 0.000173235)
(0.0936592 -0.00102931 -3.32669e-05)
(0.101643 -0.00129279 -0.000231781)
(0.104631 -0.00129072 -0.000332111)
(0.0580457 -0.00037973 0.00046679)
(0.090373 -0.000674878 0.00037834)
(0.104469 -0.00122989 0.000196143)
(0.111116 -0.00141402 -6.25079e-05)
(0.1138 -0.00133205 -0.000272035)
(0.0686002 -0.000512575 0.000679614)
(0.0975262 -0.000733802 0.000636498)
(0.109598 -0.001096 0.000474871)
(0.115551 -0.00118296 0.000185867)
(0.118235 -0.00105947 -0.000102647)
(0.0760864 -0.000591568 0.00077401)
(0.101886 -0.000674492 0.000840707)
(0.112518 -0.000864477 0.000751175)
(0.117886 -0.000850494 0.000462547)
(0.120477 -0.000692725 0.000131023)
(0.121208 -0.000416306 -0.000265989)
(0.118815 -0.000459008 0.000770462)
(0.121208 -0.000268592 0.000412726)
(0.121935 -2.3334e-06 -8.27129e-07)
)
;
    }
    procBoundary8to1
    {
        type            processor;
        value           nonuniform List<vector> 
33
(
(0.0800918 -0.000567704 0.000888751)
(0.104359 -0.000512752 0.00106532)
(0.113996 -0.000555692 0.00105413)
(0.0802847 -0.000499337 0.00101732)
(0.104635 -0.000337409 0.00128495)
(0.113808 -0.000275479 0.00132833)
(0.118242 -0.000105685 0.00105585)
(0.120482 0.000128835 0.000688494)
(0.12121 0.000411784 0.00026449)
(0.0754654 -0.000455704 0.00100253)
(0.101658 -0.000235632 0.00128764)
(0.11114 -6.52257e-05 0.00141122)
(0.115571 0.000182782 0.00117963)
(0.117898 0.000460488 0.000845796)
(0.11882 0.000769814 0.000454139)
(0.0644884 -0.000254424 0.000791714)
(0.0936945 -3.69961e-05 0.00102455)
(0.104521 0.000193479 0.00122986)
(0.109639 0.000471825 0.00109376)
(0.112541 0.000749786 0.000859715)
(0.114005 0.00105444 0.000550609)
(0.0470607 3.5367e-05 0.000365114)
(0.0764803 0.000173215 0.000395111)
(0.0904265 0.000376994 0.000675169)
(0.0975707 0.000634189 0.000730001)
(0.10191 0.000840904 0.000669498)
(0.10437 0.00106732 0.000508476)
(0.0286426 8.76457e-05 1.95165e-05)
(0.0441145 0.000200939 8.33431e-06)
(0.0579719 0.000464584 0.00036888)
(0.0685404 0.000679463 0.000503921)
(0.0760573 0.00077606 0.000588081)
(0.0800829 0.000891958 0.000566441)
)
;
    }
    procBoundary8to7
    {
        type            processor;
        value           nonuniform List<vector> 
68
(
(0.0247834 -2.04874e-05 4.50733e-05)
(0.0414615 -0.000276712 2.54276e-06)
(0.0572997 -0.000582481 -0.00027264)
(0.066962 -0.000883874 -0.000546952)
(0.0721206 -0.00103226 -0.000678038)
(0.038893 -3.00998e-05 8.7257e-05)
(0.0715866 -0.000302206 8.95539e-05)
(0.0914522 -0.000809759 -0.000203018)
(0.100479 -0.0010712 -0.000514962)
(0.104217 -0.00122901 -0.000619644)
(0.0521061 -0.000253605 0.000211902)
(0.0885368 -0.000531994 0.000295528)
(0.105714 -0.00100397 7.03525e-05)
(0.11346 -0.00118974 -0.000299081)
(0.116729 -0.00125318 -0.000488716)
(0.0619036 -0.00047117 0.000516297)
(0.097072 -0.00050783 0.000643325)
(0.11218 -0.000841282 0.000491841)
(0.119283 -0.000924069 9.76531e-05)
(0.122516 -0.000912308 -0.000190199)
(0.0688997 -0.000611897 0.000828094)
(0.101802 -0.000562824 0.000992881)
(0.115571 -0.00071527 0.000878478)
(0.122193 -0.000683316 0.000470077)
(0.125359 -0.000579384 0.000109342)
(0.126268 -0.000373852 -0.000239427)
(0.0725515 -0.000676763 0.00099186)
(0.104317 -0.000613884 0.00119237)
(0.117154 -0.000610321 0.00113906)
(0.123279 -0.000443005 0.000750048)
(0.126266 -0.000237357 0.000375504)
(0.127174 8.84989e-08 -2.98735e-07)
(0.0721467 -0.000672747 0.00103022)
(0.0691052 -0.000608798 0.000936446)
(0.104225 -0.000614859 0.00122589)
(0.102257 -0.000559194 0.0011415)
(0.116731 -0.000483974 0.00125195)
(0.122519 -0.00018713 0.000913813)
(0.125362 0.000109874 0.000581817)
(0.126269 0.000374067 0.000238209)
(0.06627 -0.00052563 0.000863131)
(0.100361 -0.000504342 0.00105227)
(0.106702 -0.000425404 0.00116227)
(0.113472 -0.00029321 0.00118803)
(0.119295 0.000101158 0.00092558)
(0.122203 0.000470472 0.000685658)
(0.123286 0.000748592 0.000444001)
(0.0567433 -0.000248967 0.000528695)
(0.0912563 -0.000197982 0.000793239)
(0.0981809 -8.61571e-05 0.000938297)
(0.105735 7.47272e-05 0.00100027)
(0.112202 0.000494155 0.000841501)
(0.115587 0.000877762 0.000716525)
(0.117163 0.0011369 0.000610009)
(0.0410408 3.97792e-06 0.000256896)
(0.0711632 8.6045e-05 0.000313176)
(0.0792944 0.000169346 0.000466253)
(0.0885604 0.000299149 0.000531366)
(0.0970953 0.000645648 0.000507237)
(0.101821 0.000991597 0.000559898)
(0.104329 0.00118999 0.000609614)
(0.0245012 4.03816e-05 2.11871e-05)
(0.0385036 7.87014e-05 3.41657e-05)
(0.0445711 0.000129935 0.000171406)
(0.0521165 0.00021292 0.000251094)
(0.0619173 0.000515323 0.000462534)
(0.0689144 0.000826067 0.000601175)
(0.0725658 0.000990652 0.000667429)
)
;
    }
    procBoundary8to9
    {
        type            processor;
        value           nonuniform List<vector> 
132
(
(0.0798766 -0.000971981 -0.000552453)
(0.0792203 -0.000994018 -0.000593062)
(0.0785389 -0.00101264 -0.000623878)
(0.0778379 -0.00102738 -0.000646756)
(0.0771218 -0.00103788 -0.000663134)
(0.0763941 -0.00104431 -0.000674145)
(0.0756588 -0.00104673 -0.000680309)
(0.0749186 -0.0010458 -0.000682837)
(0.0741776 -0.00104232 -0.000682418)
(0.0734348 -0.00103529 -0.000680338)
(0.0726937 -0.00102253 -0.000680199)
(0.104524 -0.00118413 -0.000449417)
(0.104559 -0.00119121 -0.000498507)
(0.104577 -0.00119875 -0.000537961)
(0.10458 -0.00120629 -0.000568785)
(0.104569 -0.00121317 -0.000591952)
(0.104545 -0.00121906 -0.000608636)
(0.104511 -0.00122391 -0.00061962)
(0.104468 -0.00122775 -0.000626167)
(0.104417 -0.0012274 -0.000628464)
(0.10436 -0.00122223 -0.000627)
(0.104299 -0.0012147 -0.000622197)
(0.114049 -0.00119182 -0.000428943)
(0.114347 -0.00118809 -0.000458105)
(0.114638 -0.00118727 -0.000481935)
(0.114923 -0.00118795 -0.0005011)
(0.115204 -0.00118974 -0.000516673)
(0.11548 -0.00119195 -0.000529241)
(0.115753 -0.00119412 -0.000539371)
(0.116022 -0.00119611 -0.000547191)
(0.116288 -0.0011969 -0.0005526)
(0.116552 -0.00119778 -0.000555844)
(0.116812 -0.00119667 -0.000554855)
(0.118732 -0.000907694 -0.000283063)
(0.119143 -0.000892036 -0.00029056)
(0.11955 -0.000879416 -0.000296622)
(0.119953 -0.000869302 -0.000301656)
(0.120352 -0.000861171 -0.000305921)
(0.12075 -0.00085443 -0.000309602)
(0.121145 -0.000848554 -0.000312825)
(0.121537 -0.000843298 -0.000315594)
(0.121928 -0.00083848 -0.000317736)
(0.122317 -0.000834966 -0.000319248)
(0.122704 -0.000831479 -0.000319483)
(0.120222 -0.000594826 -0.00036084)
(0.120674 -0.000590828 -0.000359088)
(0.121119 -0.000587506 -0.000357344)
(0.12156 -0.000584659 -0.000355612)
(0.121995 -0.0005821 -0.000353934)
(0.122427 -0.000579646 -0.000352354)
(0.122855 -0.000577127 -0.00035089)
(0.123281 -0.000574465 -0.000349584)
(0.123703 -0.000571666 -0.000348418)
(0.124124 -0.000569242 -0.000347533)
(0.124542 -0.000566274 -0.000346078)
(0.121081 -0.000272412 -0.000472558)
(0.121552 -0.000268954 -0.000461333)
(0.122016 -0.000265668 -0.000451532)
(0.122475 -0.000262523 -0.000443113)
(0.12293 -0.000259491 -0.000435951)
(0.123382 -0.000256512 -0.000429883)
(0.123829 -0.000253536 -0.000424744)
(0.124274 -0.000250586 -0.000420461)
(0.124716 -0.000247758 -0.000417019)
(0.125156 -0.000245293 -0.000414582)
(0.125594 -0.000242859 -0.000412393)
(0.121819 0.000130551 -0.000207431)
(0.122309 0.000128395 -0.000204644)
(0.122792 0.000126542 -0.000202184)
(0.123269 0.000124976 -0.00020002)
(0.123741 0.000123662 -0.000198109)
(0.124209 0.000122567 -0.000196397)
(0.124672 0.00012166 -0.000194831)
(0.125132 0.000120912 -0.000193386)
(0.125589 0.000120302 -0.00019206)
(0.126043 0.000119854 -0.000190938)
(0.126494 0.000119349 -0.000189719)
(0.121082 0.00054393 6.44747e-05)
(0.121553 0.000532052 6.32075e-05)
(0.122018 0.000521724 6.22063e-05)
(0.122477 0.000512853 6.14769e-05)
(0.122932 0.000505253 6.10253e-05)
(0.123384 0.000498709 6.08651e-05)
(0.123832 0.000493012 6.09943e-05)
(0.124276 0.000488074 6.13769e-05)
(0.124718 0.000483888 6.19367e-05)
(0.125158 0.000480721 6.26044e-05)
(0.125595 0.000477769 6.32849e-05)
(0.118738 0.00090364 0.000281591)
(0.11915 0.000887988 0.000289012)
(0.119556 0.000875602 0.000294943)
(0.119959 0.000865895 0.000299806)
(0.120359 0.000858235 0.000303904)
(0.120756 0.000852016 0.00030741)
(0.121151 0.000846676 0.000310425)
(0.121544 0.000841959 0.000312927)
(0.121934 0.000837698 0.000314765)
(0.122322 0.00083464 0.000315963)
(0.122709 0.000831328 0.000316035)
(0.114058 0.00118799 0.000427737)
(0.114356 0.00118392 0.00045656)
(0.114648 0.00118304 0.000479882)
(0.114933 0.00118384 0.000498449)
(0.115214 0.00118578 0.00051349)
(0.115491 0.00118819 0.000525563)
(0.115763 0.00119058 0.000535227)
(0.116032 0.00119278 0.000542536)
(0.116297 0.00119394 0.000547362)
(0.11656 0.00119508 0.000549988)
(0.11682 0.00119401 0.000548771)
(0.104533 0.00118015 0.000450523)
(0.104569 0.00118705 0.000498616)
(0.104588 0.00119436 0.0005367)
(0.104591 0.00120171 0.00056604)
(0.104581 0.00120839 0.000587929)
(0.104558 0.00121428 0.000603459)
(0.104524 0.00121922 0.000613516)
(0.104481 0.00122297 0.000619361)
(0.10443 0.00122301 0.000620849)
(0.104373 0.00121799 0.000618844)
(0.104313 0.0012111 0.00061403)
(0.0798741 0.00096943 0.000557142)
(0.0792182 0.000991625 0.000594899)
(0.0785379 0.0010099 0.000623068)
(0.0778388 0.00102393 0.000643621)
(0.0771251 0.00103377 0.000657942)
(0.0764005 0.00103952 0.00066711)
(0.075669 0.00104177 0.000671859)
(0.0749331 0.00104083 0.000673193)
(0.0741971 0.00103765 0.000671852)
(0.0734597 0.00103112 0.000669027)
(0.0727243 0.00101908 0.000668028)
)
;
    }
}


// ************************************************************************* //
