/*--------------------------------*- C++ -*----------------------------------*\
| =========                 |                                                 |
| \\      /  F ield         | OpenFOAM: The Open Source CFD Toolbox           |
|  \\    /   O peration     | Version:  2212                                  |
|   \\  /    A nd           | Website:  www.openfoam.com                      |
|    \\/     M anipulation  |                                                 |
\*---------------------------------------------------------------------------*/
FoamFile
{
    version     2.0;
    format      ascii;
    arch        "LSB;label=32;scalar=64";
    class       surfaceVectorField;
    location    "0.1";
    object      Uf;
}
// * * * * * * * * * * * * * * * * * * * * * * * * * * * * * * * * * * * * * //

dimensions      [0 1 -1 0 0 0 0];

internalField   nonuniform List<vector> 
1805
(
(0.094116 1.61654e-05 -0.000299364)
(0.0977086 -1.1452e-05 -0.000188211)
(0.0945737 2.38962e-05 -0.000231811)
(0.0940973 5.91777e-05 -0.000292255)
(0.0977195 4.70057e-05 -0.000214978)
(0.0945579 9.85795e-05 -0.000293434)
(0.0977402 5.51313e-05 -0.000180512)
(0.0945455 0.000110119 -0.000251295)
(0.101722 -2.40729e-05 -0.000101417)
(0.10315 -5.10579e-05 -4.98432e-05)
(0.102069 2.26206e-06 -0.000117133)
(0.101783 1.93067e-05 -9.68625e-05)
(0.103188 8.99788e-07 -4.86209e-05)
(0.10213 6.9475e-05 -0.000130842)
(0.10323 2.56157e-05 -3.98111e-05)
(0.102179 8.45228e-05 -0.000120387)
(0.104699 -9.73422e-06 1.03238e-05)
(0.104968 4.52406e-06 -3.12461e-05)
(0.104746 1.75145e-05 1.48495e-05)
(0.105002 4.58611e-05 -3.15599e-05)
(0.105043 6.47303e-05 -2.72269e-05)
(0.095091 0.000108959 -0.000259646)
(0.0985365 0.000100365 -0.000187606)
(0.0949727 0.000112398 -0.000285006)
(0.0950316 0.000151254 -0.000267174)
(0.0985663 0.000159931 -0.000226031)
(0.094971 0.000193237 -0.000317839)
(0.0949721 0.000137824 -0.00021909)
(0.0985791 0.000144331 -0.000203008)
(0.0949446 0.000181546 -0.000264331)
(0.0949219 0.000104892 -0.000161359)
(0.0985697 0.000112409 -0.00016102)
(0.094868 0.000140577 -0.00019267)
(0.0948816 7.09966e-05 -0.000109696)
(0.0985538 8.12518e-05 -0.000116714)
(0.0947926 9.928e-05 -0.000127394)
(0.0948532 4.18251e-05 -7.09746e-05)
(0.098539 5.23348e-05 -7.96954e-05)
(0.0947378 6.13829e-05 -8.01311e-05)
(0.0948351 2.11013e-05 -4.45308e-05)
(0.098527 3.00114e-05 -5.23915e-05)
(0.0947014 3.34237e-05 -4.85567e-05)
(0.0948247 7.99412e-06 -2.72815e-05)
(0.0985181 1.46522e-05 -3.34526e-05)
(0.0946786 1.52663e-05 -2.83667e-05)
(0.0948194 4.98621e-07 -1.64337e-05)
(0.0985119 5.0285e-06 -2.09203e-05)
(0.0946654 4.44394e-06 -1.60513e-05)
(0.0948176 -3.25856e-06 -9.75852e-06)
(0.0985081 -8.57492e-07 -1.29347e-05)
(0.0946586 -1.37438e-06 -8.7422e-06)
(0.0948177 -4.69873e-06 -5.65784e-06)
(0.098506 -3.81669e-06 -7.91411e-06)
(0.0946558 -4.06419e-06 -4.52743e-06)
(0.0985051 -4.95325e-06 -4.77929e-06)
(0.0946555 -4.79299e-06 -2.05939e-06)
(0.102446 9.72551e-05 -0.000153745)
(0.103776 3.901e-05 -0.000108798)
(0.102264 0.00012023 -0.000187333)
(0.102523 0.000135862 -0.000157706)
(0.103833 0.000103467 -0.00012136)
(0.102359 0.000191546 -0.000203758)
(0.102575 0.000128569 -0.000139716)
(0.103882 0.000120196 -0.000112829)
(0.102418 0.000186317 -0.000183339)
(0.102605 0.000104157 -0.000112224)
(0.103926 0.000109155 -9.39757e-05)
(0.10245 0.00015249 -0.000145502)
(0.10262 7.63598e-05 -8.39988e-05)
(0.103954 8.7598e-05 -7.25919e-05)
(0.10246 0.000113443 -0.000106524)
(0.102624 5.11365e-05 -5.94883e-05)
(0.103969 6.3933e-05 -5.28423e-05)
(0.102455 7.7921e-05 -7.3393e-05)
(0.102622 3.09726e-05 -4.04036e-05)
(0.103975 4.26485e-05 -3.67373e-05)
(0.102445 4.93462e-05 -4.80975e-05)
(0.102618 1.62633e-05 -2.66422e-05)
(0.103976 2.56662e-05 -2.47165e-05)
(0.102434 2.83259e-05 -3.02475e-05)
(0.102613 6.31932e-06 -1.72288e-05)
(0.103974 1.32294e-05 -1.62733e-05)
(0.102424 1.39193e-05 -1.83787e-05)
(0.102609 7.863e-08 -1.10252e-05)
(0.103972 4.74472e-06 -1.05983e-05)
(0.102416 4.66951e-06 -1.08515e-05)
(0.102606 -3.48442e-06 -7.05727e-06)
(0.103969 -6.18984e-07 -6.90339e-06)
(0.10241 -8.60365e-07 -6.19921e-06)
(0.103966 -3.64541e-06 -4.56062e-06)
(0.102406 -3.79629e-06 -3.4852e-06)
(0.105242 6.04549e-05 -7.14895e-05)
(0.105075 7.40271e-05 -9.59735e-05)
(0.105294 9.34771e-05 -7.2376e-05)
(0.105116 0.000126295 -0.000105461)
(0.105346 0.000100646 -6.40018e-05)
(0.105159 0.000140941 -9.61881e-05)
(0.105387 9.14761e-05 -5.20289e-05)
(0.105201 0.000130171 -7.85963e-05)
(0.105415 7.46096e-05 -3.9737e-05)
(0.105229 0.000107673 -5.95165e-05)
(0.105432 5.56743e-05 -2.88775e-05)
(0.105244 8.17875e-05 -4.23724e-05)
(0.105441 3.81264e-05 -2.02022e-05)
(0.10525 5.75192e-05 -2.85995e-05)
(0.105444 2.36599e-05 -1.37653e-05)
(0.105251 3.73642e-05 -1.84188e-05)
(0.105445 1.2714e-05 -9.2466e-06)
(0.105249 2.19937e-05 -1.13607e-05)
(0.105443 5.02731e-06 -6.20747e-06)
(0.105245 1.10492e-05 -6.71965e-06)
(0.105441 6.23645e-08 -4.2244e-06)
(0.105242 3.76443e-06 -3.81511e-06)
(0.105238 -6.59964e-07 -2.10294e-06)
(0.0949936 0.00019866 -0.000361434)
(0.0983071 0.000212809 -0.000305717)
(0.094229 0.000251076 -0.000475523)
(0.0949221 0.000222986 -0.000316107)
(0.0983655 0.000261031 -0.000305878)
(0.0942107 0.000306274 -0.000440558)
(0.094828 0.000183011 -0.000232668)
(0.09838 0.000211941 -0.000245959)
(0.0941361 0.000239838 -0.000315445)
(0.0947297 0.000134096 -0.000155244)
(0.09834 0.000157488 -0.000177235)
(0.0939814 0.000169839 -0.000190291)
(0.0946474 8.91502e-05 -9.59444e-05)
(0.0982857 0.00011049 -0.000117195)
(0.0938406 0.000113577 -0.000106639)
(0.0945874 5.26411e-05 -5.6448e-05)
(0.0982389 7.08482e-05 -7.34254e-05)
(0.0937433 6.82547e-05 -5.66344e-05)
(0.0945471 2.73795e-05 -3.16328e-05)
(0.0982032 4.14279e-05 -4.37817e-05)
(0.0936812 3.6609e-05 -2.73909e-05)
(0.094522 1.16009e-05 -1.67662e-05)
(0.0981777 2.15659e-05 -2.48158e-05)
(0.0936432 1.68096e-05 -1.13962e-05)
(0.0945076 2.51565e-06 -8.23807e-06)
(0.0981606 9.0661e-06 -1.3282e-05)
(0.0936214 5.34056e-06 -3.33354e-06)
(0.0945001 -2.20375e-06 -3.50299e-06)
(0.0981498 1.87427e-06 -6.53963e-06)
(0.09361 -7.41528e-07 4.02659e-07)
(0.0944971 -4.17441e-06 -9.1618e-07)
(0.0981435 -2.32001e-06 -2.71579e-06)
(0.0936052 -3.59738e-06 2.01766e-06)
(0.0981401 -4.0333e-06 -6.49385e-07)
(0.0936041 -4.45946e-06 2.64929e-06)
(0.102146 0.000214469 -0.000243335)
(0.103451 0.000130265 -0.000182969)
(0.101314 0.000273208 -0.000296189)
(0.102253 0.000241404 -0.000230969)
(0.103533 0.000202831 -0.000193309)
(0.101452 0.000333309 -0.000296919)
(0.1023 0.000209464 -0.00018816)
(0.103586 0.00020661 -0.000169102)
(0.101505 0.000287421 -0.00023694)
(0.102309 0.000161115 -0.000138371)
(0.103617 0.000175389 -0.00013107)
(0.101503 0.000217098 -0.000164405)
(0.102298 0.000114517 -9.47042e-05)
(0.103626 0.000134883 -9.38274e-05)
(0.101473 0.000152712 -0.000105108)
(0.10228 7.57906e-05 -6.10847e-05)
(0.103621 9.60084e-05 -6.30314e-05)
(0.101436 0.000100874 -6.27857e-05)
(0.10226 4.64751e-05 -3.73254e-05)
(0.10361 6.3569e-05 -3.99661e-05)
(0.101404 6.24203e-05 -3.48517e-05)
(0.102243 2.58431e-05 -2.16287e-05)
(0.103598 3.89396e-05 -2.39615e-05)
(0.101377 3.57722e-05 -1.76626e-05)
(0.10223 1.21833e-05 -1.17955e-05)
(0.103588 2.14924e-05 -1.35039e-05)
(0.101358 1.82744e-05 -7.72241e-06)
(0.102221 3.67445e-06 -5.89212e-06)
(0.103579 9.84502e-06 -7.00087e-06)
(0.101345 7.32547e-06 -2.24888e-06)
(0.102214 -1.20925e-06 -2.54282e-06)
(0.103572 2.53648e-06 -3.13932e-06)
(0.101336 8.63779e-07 5.77409e-07)
(0.103567 -1.62786e-06 -1.05429e-06)
(0.10133 -2.55893e-06 1.7374e-06)
(0.104923 0.000139062 -0.000127602)
(0.105673 0.000106162 -8.55745e-05)
(0.104224 0.000166248 -0.000131628)
(0.104976 0.000172953 -0.00012698)
(0.105709 0.000151781 -9.50894e-05)
(0.104265 0.000220195 -0.000137336)
(0.10502 0.000169762 -0.000108783)
(0.105748 0.000160131 -8.76294e-05)
(0.1043 0.000219953 -0.000118784)
(0.105048 0.000145795 -8.43795e-05)
(0.105787 0.000144945 -7.19305e-05)
(0.104324 0.000188714 -9.05282e-05)
(0.105061 0.000114417 -6.08125e-05)
(0.105815 0.000119284 -5.45286e-05)
(0.104331 0.000147694 -6.31619e-05)
(0.105065 8.33219e-05 -4.11125e-05)
(0.105832 9.11173e-05 -3.86484e-05)
(0.104327 0.00010746 -4.07264e-05)
(0.105063 5.65454e-05 -2.61407e-05)
(0.10584 6.50926e-05 -2.56919e-05)
(0.104318 7.31618e-05 -2.41226e-05)
(0.105058 3.55589e-05 -1.55739e-05)
(0.105843 4.34943e-05 -1.59689e-05)
(0.104309 4.65619e-05 -1.27989e-05)
(0.105052 2.02395e-05 -8.55745e-06)
(0.105842 2.69028e-05 -9.14393e-06)
(0.104299 2.73034e-05 -5.59055e-06)
(0.105047 9.72942e-06 -4.15743e-06)
(0.10584 1.49323e-05 -4.62796e-06)
(0.104292 1.41259e-05 -1.30018e-06)
(0.105042 3.00608e-06 -1.59387e-06)
(0.105837 6.80312e-06 -1.82447e-06)
(0.104285 5.58231e-06 1.04807e-06)
(0.105834 1.68918e-06 -2.53266e-07)
(0.10428 5.212e-07 2.04986e-06)
(0.106476 0.000105528 -5.15216e-05)
(0.106906 6.85534e-05 -3.98029e-05)
(0.105914 0.00011346 -4.10976e-05)
(0.106518 0.000126445 -5.42325e-05)
(0.106934 9.08415e-05 -4.54888e-05)
(0.10594 0.000147162 -4.93514e-05)
(0.106562 0.000125443 -4.95248e-05)
(0.106967 9.60143e-05 -4.46733e-05)
(0.10597 0.000150341 -4.87045e-05)
(0.106601 0.000111207 -4.1165e-05)
(0.107011 8.94176e-05 -3.97523e-05)
(0.106008 0.000134443 -4.22895e-05)
(0.106631 9.09624e-05 -3.17573e-05)
(0.10705 7.63857e-05 -3.27802e-05)
(0.106038 0.00011027 -3.33637e-05)
(0.106652 6.95267e-05 -2.28579e-05)
(0.10708 6.08182e-05 -2.52396e-05)
(0.106059 8.43839e-05 -2.41295e-05)
(0.106665 4.98828e-05 -1.5311e-05)
(0.107101 4.54299e-05 -1.81529e-05)
(0.106071 6.06491e-05 -1.58927e-05)
(0.106673 3.35226e-05 -9.42719e-06)
(0.107115 3.18684e-05 -1.2123e-05)
(0.106078 4.09627e-05 -9.27251e-06)
(0.106676 2.08488e-05 -5.15598e-06)
(0.107124 2.08613e-05 -7.38213e-06)
(0.106081 2.57874e-05 -4.38373e-06)
(0.106677 1.16229e-05 -2.263e-06)
(0.107128 1.25005e-05 -3.90625e-06)
(0.106081 1.47666e-05 -1.05155e-06)
(0.106676 5.3259e-06 -4.63047e-07)
(0.10713 6.52984e-06 -1.53659e-06)
(0.10608 7.21137e-06 1.01089e-06)
(0.10713 2.55866e-06 -7.00487e-08)
(0.106078 2.40219e-06 2.07814e-06)
(0.107344 5.52673e-05 -3.3308e-05)
(0.107493 2.61697e-05 -3.78887e-05)
(0.106878 4.87063e-05 -2.50943e-05)
(0.107386 6.13135e-05 -3.54764e-05)
(0.107521 3.1284e-05 -4.01444e-05)
(0.106904 6.09584e-05 -3.69565e-05)
(0.107433 6.02671e-05 -3.45548e-05)
(0.107553 3.27071e-05 -4.04926e-05)
(0.106937 6.29258e-05 -4.17608e-05)
(0.107477 5.44305e-05 -3.11453e-05)
(0.1076 3.09771e-05 -3.8053e-05)
(0.106982 5.80208e-05 -4.05743e-05)
(0.107515 4.587e-05 -2.61421e-05)
(0.107643 2.71532e-05 -3.33599e-05)
(0.107024 4.93927e-05 -3.55435e-05)
(0.107545 3.63111e-05 -2.0485e-05)
(0.107678 2.22693e-05 -2.73496e-05)
(0.107056 3.93034e-05 -2.85733e-05)
(0.107566 2.70612e-05 -1.49572e-05)
(0.107705 1.71705e-05 -2.09815e-05)
(0.107079 2.93638e-05 -2.11557e-05)
(0.107581 1.89458e-05 -1.00903e-05)
(0.107724 1.24565e-05 -1.50242e-05)
(0.107094 2.05846e-05 -1.43247e-05)
(0.107591 1.23445e-05 -6.15088e-06)
(0.107737 8.46239e-06 -9.94865e-06)
(0.107104 1.34294e-05 -8.64864e-06)
(0.107596 7.31425e-06 -3.19692e-06)
(0.107744 5.30709e-06 -5.94877e-06)
(0.107109 7.96943e-06 -4.31959e-06)
(0.107598 3.72382e-06 -1.15599e-06)
(0.107748 2.96922e-06 -3.02557e-06)
(0.107112 4.05585e-06 -1.28819e-06)
(0.10775 1.3535e-06 -1.06327e-06)
(0.107112 1.45312e-06 6.15867e-07)
(0.107634 4.49667e-06 -4.45518e-05)
(0.107493 -1.32338e-05 -4.7098e-05)
(0.107209 -5.34738e-06 -4.35018e-05)
(0.107677 4.16453e-06 -4.50498e-05)
(0.107521 -1.56609e-05 -5.26152e-05)
(0.107238 -5.45262e-06 -5.82227e-05)
(0.107724 4.11679e-06 -4.39508e-05)
(0.107553 -1.6102e-05 -5.37227e-05)
(0.107272 -4.33458e-06 -6.39631e-05)
(0.107769 3.95547e-06 -4.02693e-05)
(0.1076 -1.50407e-05 -5.0505e-05)
(0.107319 -3.00372e-06 -6.17549e-05)
(0.107808 3.59974e-06 -3.45885e-05)
(0.107643 -1.29439e-05 -4.42123e-05)
(0.107362 -1.82719e-06 -5.43907e-05)
(0.10784 3.09092e-06 -2.78736e-05)
(0.107678 -1.0335e-05 -3.62577e-05)
(0.107395 -9.38909e-07 -4.43851e-05)
(0.107864 2.50801e-06 -2.10752e-05)
(0.107705 -7.65791e-06 -2.79349e-05)
(0.10742 -3.6528e-07 -3.37605e-05)
(0.107881 1.92609e-06 -1.49048e-05)
(0.107724 -5.22547e-06 -2.0219e-05)
(0.107438 -6.25387e-08 -2.39318e-05)
(0.107892 1.39845e-06 -9.76332e-06)
(0.107737 -3.20789e-06 -1.3678e-05)
(0.107449 4.52866e-08 -1.56785e-05)
(0.107898 9.54656e-07 -5.78915e-06)
(0.107744 -1.65922e-06 -8.52728e-06)
(0.107455 3.41047e-08 -9.27068e-06)
(0.107902 6.05516e-07 -2.94049e-06)
(0.107748 -5.59149e-07 -4.74515e-06)
(0.107458 -3.43179e-08 -4.65309e-06)
(0.10775 1.50705e-07 -2.17032e-06)
(0.107459 -1.12873e-07 -1.59327e-06)
(0.107344 -3.34851e-05 -5.51364e-05)
(0.106878 -2.53091e-05 -4.85951e-05)
(0.106906 -3.99613e-05 -6.8413e-05)
(0.107386 -3.56813e-05 -6.11964e-05)
(0.106904 -3.72184e-05 -6.08572e-05)
(0.106934 -4.56797e-05 -9.06948e-05)
(0.107433 -3.47636e-05 -6.01569e-05)
(0.106937 -4.20287e-05 -6.2828e-05)
(0.106967 -4.48757e-05 -9.58605e-05)
(0.107477 -3.13408e-05 -5.43262e-05)
(0.106982 -4.08199e-05 -5.7925e-05)
(0.107011 -3.99507e-05 -8.92562e-05)
(0.107515 -2.63117e-05 -4.57759e-05)
(0.107023 -3.57509e-05 -4.93011e-05)
(0.107051 -3.29619e-05 -7.62216e-05)
(0.107545 -2.0618e-05 -3.62362e-05)
(0.107055 -2.87332e-05 -3.92225e-05)
(0.10708 -2.53926e-05 -6.06622e-05)
(0.107566 -1.50433e-05 -2.70185e-05)
(0.107078 -2.12599e-05 -2.93038e-05)
(0.107101 -1.82654e-05 -4.52976e-05)
(0.107581 -1.01183e-05 -1.89508e-05)
(0.107094 -1.43624e-05 -2.05583e-05)
(0.107115 -1.21839e-05 -3.17788e-05)
(0.107591 -6.10963e-06 -1.24148e-05)
(0.107104 -8.60427e-06 -1.34523e-05)
(0.107124 -7.38127e-06 -2.08383e-05)
(0.107596 -3.07863e-06 -7.46613e-06)
(0.107109 -4.17633e-06 -8.05994e-06)
(0.107128 -3.83702e-06 -1.25748e-05)
(0.107598 -9.62204e-07 -3.96461e-06)
(0.107111 -1.04064e-06 -4.2324e-06)
(0.10713 -1.39983e-06 -6.73441e-06)
(0.107112 9.50243e-07 -1.71514e-06)
(0.107129 1.33203e-07 -2.90247e-06)
(0.106417 -2.8486e-05 -5.42477e-05)
(0.105538 3.77393e-06 -2.65283e-05)
(0.105887 -2.34583e-05 -9.06673e-05)
(0.106458 -4.29141e-05 -6.23998e-05)
(0.105566 -2.44293e-05 -3.7019e-05)
(0.105911 -3.86422e-05 -0.00011443)
(0.106504 -4.74222e-05 -6.05312e-05)
(0.105601 -3.89094e-05 -3.95707e-05)
(0.105941 -4.44894e-05 -0.000115447)
(0.106546 -4.46024e-05 -5.28713e-05)
(0.105647 -4.14892e-05 -3.59354e-05)
(0.10598 -4.21329e-05 -0.000102278)
(0.10658 -3.76471e-05 -4.27543e-05)
(0.105686 -3.71565e-05 -2.94592e-05)
(0.106012 -3.53683e-05 -8.31226e-05)
(0.106605 -2.89856e-05 -3.23227e-05)
(0.105713 -2.94647e-05 -2.22137e-05)
(0.106035 -2.69127e-05 -6.30167e-05)
(0.106622 -2.03224e-05 -2.28904e-05)
(0.105731 -2.08222e-05 -1.54083e-05)
(0.106049 -1.85101e-05 -4.48336e-05)
(0.106632 -1.27027e-05 -1.51104e-05)
(0.105742 -1.28013e-05 -9.69431e-06)
(0.106057 -1.11956e-05 -2.99302e-05)
(0.106638 -6.60683e-06 -9.14458e-06)
(0.105748 -6.21133e-06 -5.29023e-06)
(0.106061 -5.41868e-06 -1.85846e-05)
(0.10664 -2.12583e-06 -4.8658e-06)
(0.105751 -1.2891e-06 -2.14571e-06)
(0.106063 -1.22916e-06 -1.04753e-05)
(0.106641 8.52253e-07 -2.01401e-06)
(0.105751 2.0231e-06 -1.04259e-07)
(0.106062 1.52162e-06 -5.04638e-06)
(0.10606 3.07119e-06 -1.67606e-06)
(0.104699 9.42648e-06 -1.01449e-05)
(0.10315 5.02816e-05 4.97801e-05)
(0.10396 5.26884e-05 -6.88924e-05)
(0.104746 -1.78366e-05 -1.50325e-05)
(0.103189 -1.65915e-06 4.83639e-05)
(0.103985 2.55963e-05 -8.5017e-05)
(0.104796 -3.06163e-05 -1.58125e-05)
(0.103231 -2.57526e-05 3.94761e-05)
(0.104018 4.85393e-06 -8.42268e-05)
(0.104838 -3.23374e-05 -1.33327e-05)
(0.10328 -3.0908e-05 3.14602e-05)
(0.104059 -4.79651e-06 -7.05437e-05)
(0.104868 -2.78739e-05 -9.64819e-06)
(0.103319 -2.7276e-05 2.45884e-05)
(0.104089 -7.43907e-06 -5.32384e-05)
(0.104889 -2.06502e-05 -5.91337e-06)
(0.103343 -2.00628e-05 1.89125e-05)
(0.104108 -6.11551e-06 -3.69824e-05)
(0.104901 -1.29643e-05 -2.70177e-06)
(0.103358 -1.21021e-05 1.45668e-05)
(0.104119 -2.95832e-06 -2.36029e-05)
(0.104907 -6.18888e-06 -2.49068e-07)
(0.103366 -5.06125e-06 1.13937e-05)
(0.104124 5.34712e-07 -1.35739e-05)
(0.10491 -9.30996e-07 1.42771e-06)
(0.10337 3.13159e-07 9.1104e-06)
(0.104126 3.49812e-06 -6.59687e-06)
(0.10491 2.7039e-06 2.40683e-06)
(0.103371 4.04047e-06 7.46743e-06)
(0.104126 5.58827e-06 -2.08767e-06)
(0.103371 6.3189e-06 6.202e-06)
(0.104125 6.71619e-06 4.93057e-07)
(0.101722 2.28125e-05 0.000100932)
(0.0977098 1.08562e-05 0.000187245)
(0.100666 0.000145914 6.31639e-05)
(0.101783 -1.98538e-05 9.64655e-05)
(0.0977212 -4.74571e-05 0.000214171)
(0.100722 8.05843e-05 4.38572e-05)
(0.101841 -3.19423e-05 8.1695e-05)
(0.097742 -5.47554e-05 0.000180251)
(0.100775 4.13021e-05 2.81913e-05)
(0.101885 -2.98587e-05 6.54566e-05)
(0.0977697 -4.46071e-05 0.000135923)
(0.100835 2.14848e-05 2.32811e-05)
(0.101915 -2.25599e-05 5.0185e-05)
(0.0977918 -3.15208e-05 9.64861e-05)
(0.100878 1.16238e-05 2.01117e-05)
(0.101933 -1.39923e-05 3.72323e-05)
(0.0978064 -1.88267e-05 6.64072e-05)
(0.100905 7.81617e-06 1.7115e-05)
(0.101944 -6.24271e-06 2.71257e-05)
(0.0978162 -8.73361e-06 4.48605e-05)
(0.100921 7.33052e-06 1.44899e-05)
(0.10195 -2.58584e-07 1.9678e-05)
(0.0978228 -1.1504e-06 3.01984e-05)
(0.100931 8.04926e-06 1.22057e-05)
(0.101952 3.87055e-06 1.44025e-05)
(0.0978274 3.32177e-06 2.03739e-05)
(0.100936 8.84684e-06 1.03248e-05)
(0.101953 6.48975e-06 1.0742e-05)
(0.0978307 5.67332e-06 1.39522e-05)
(0.100939 9.35178e-06 8.84418e-06)
(0.0978333 6.652e-06 9.80864e-06)
(0.100941 9.46297e-06 7.5144e-06)
(0.0941181 -1.61872e-05 0.000298085)
(0.0925345 0.00014855 0.000335027)
(0.0941 -5.89714e-05 0.000291555)
(0.0926091 7.13285e-05 0.000321183)
(0.0941011 -6.20982e-05 0.000227179)
(0.0926885 2.63915e-05 0.000239087)
(0.0941081 -4.75799e-05 0.000161175)
(0.0927663 9.06377e-06 0.000168214)
(0.0941149 -3.05326e-05 0.0001088)
(0.0928204 3.66568e-06 0.000113435)
(0.0941215 -1.60211e-05 7.15993e-05)
(0.0928551 3.67125e-06 7.43985e-05)
(0.0941276 -5.52731e-06 4.64781e-05)
(0.092879 5.65355e-06 4.85664e-05)
(0.0941334 1.02757e-06 3.00439e-05)
(0.0928963 7.4424e-06 3.20376e-05)
(0.0941388 4.53432e-06 1.95249e-05)
(0.0929092 8.28786e-06 2.1461e-05)
(0.0941434 5.95688e-06 1.29174e-05)
(0.092919 8.27413e-06 1.48368e-05)
(0.0929268 7.75164e-06 1.0803e-05)
(0.093686 0.000363159 -0.000585106)
(0.0968589 0.000404592 -0.00051054)
(0.0910888 0.000579918 -0.000750645)
(0.0935265 0.00032069 -0.000439266)
(0.0969111 0.00040085 -0.000445114)
(0.0908389 0.000526167 -0.00060159)
(0.0933176 0.000223989 -0.000267206)
(0.0968689 0.00028202 -0.000300043)
(0.0905553 0.000323538 -0.000312048)
(0.0931286 0.000149055 -0.000143077)
(0.096746 0.00018984 -0.00017365)
(0.0902222 0.000189112 -0.000126611)
(0.0929887 9.32789e-05 -7.0979e-05)
(0.0966247 0.000124431 -9.34837e-05)
(0.0899896 0.00011379 -4.27538e-05)
(0.0928946 5.28404e-05 -3.08139e-05)
(0.0965356 7.62306e-05 -4.57635e-05)
(0.0898571 6.43182e-05 -5.00976e-06)
(0.0928358 2.655e-05 -9.72558e-06)
(0.0964755 4.31263e-05 -1.86894e-05)
(0.0897829 3.2949e-05 1.01633e-05)
(0.0928018 1.09413e-05 6.57696e-08)
(0.0964364 2.20616e-05 -4.74204e-06)
(0.0897421 1.4739e-05 1.39492e-05)
(0.0927837 2.36782e-06 3.83896e-06)
(0.0964125 9.42503e-06 1.61673e-06)
(0.0897217 4.74302e-06 1.31881e-05)
(0.0927752 -1.92665e-06 4.81524e-06)
(0.0963988 2.39645e-06 4.06994e-06)
(0.0897132 -2.52449e-07 1.07812e-05)
(0.0927725 -3.72672e-06 4.74341e-06)
(0.0963917 -1.57464e-06 4.75408e-06)
(0.0897115 -2.37353e-06 8.43277e-06)
(0.0963886 -3.28938e-06 4.58417e-06)
(0.0897133 -3.13761e-06 6.80857e-06)
(0.100623 0.000387987 -0.000349391)
(0.101995 0.000274013 -0.000245142)
(0.0986571 0.000535734 -0.000394162)
(0.100748 0.000375057 -0.000297973)
(0.102096 0.000337996 -0.000241165)
(0.0987982 0.000552731 -0.000349638)
(0.100754 0.000291588 -0.000207047)
(0.102132 0.000302171 -0.000185046)
(0.0987957 0.000409662 -0.000218142)
(0.100709 0.000206529 -0.000127232)
(0.102123 0.000233659 -0.000122526)
(0.0987154 0.000274806 -0.000113214)
(0.100654 0.00013789 -7.1365e-05)
(0.10209 0.000167554 -7.37937e-05)
(0.0986254 0.000177115 -5.08584e-05)
(0.100605 8.6928e-05 -3.59933e-05)
(0.102055 0.000112804 -4.03166e-05)
(0.0985549 0.000109149 -1.68588e-05)
(0.100565 5.14786e-05 -1.531e-05)
(0.102023 7.14036e-05 -1.91423e-05)
(0.0985048 6.40464e-05 5.20031e-08)
(0.100537 2.81338e-05 -4.18185e-06)
(0.101998 4.22755e-05 -6.80207e-06)
(0.0984707 3.54939e-05 7.13567e-06)
(0.100518 1.34177e-05 1.32608e-06)
(0.10198 2.2847e-05 -1.70941e-07)
(0.098449 1.7956e-05 9.21571e-06)
(0.100506 4.53106e-06 3.79143e-06)
(0.101968 1.0442e-05 3.10546e-06)
(0.0984361 7.46927e-06 9.19594e-06)
(0.100498 -4.73873e-07 4.53061e-06)
(0.101959 2.86947e-06 4.50611e-06)
(0.0984289 1.26006e-06 8.52771e-06)
(0.101954 -1.27951e-06 4.6309e-06)
(0.0984258 -1.93691e-06 7.18916e-06)
(0.103575 0.000242592 -0.000128008)
(0.10444 0.000187451 -7.83536e-05)
(0.102097 0.000275519 -6.4275e-05)
(0.103617 0.00026351 -0.000120228)
(0.104471 0.000230814 -8.58432e-05)
(0.102138 0.000324071 -7.13273e-05)
(0.103638 0.000236374 -9.50925e-05)
(0.104498 0.000222862 -7.68491e-05)
(0.102159 0.000290088 -5.56401e-05)
(0.103639 0.000188977 -6.60151e-05)
(0.10452 0.000187703 -5.90692e-05)
(0.102159 0.00022662 -3.32173e-05)
(0.103627 0.000139754 -4.12123e-05)
(0.104529 0.000145307 -4.08702e-05)
(0.102142 0.000164277 -1.53706e-05)
(0.103612 9.67575e-05 -2.2808e-05)
(0.104528 0.000105187 -2.55586e-05)
(0.10212 0.000111974 -3.38441e-06)
(0.103595 6.29072e-05 -1.04182e-05)
(0.104524 7.16224e-05 -1.39956e-05)
(0.102101 7.19949e-05 3.70185e-06)
(0.103582 3.81872e-05 -2.76345e-06)
(0.104518 4.58416e-05 -5.97895e-06)
(0.102085 4.35367e-05 7.28834e-06)
(0.10357 2.11467e-05 1.57273e-06)
(0.104511 2.72541e-05 -8.293e-07)
(0.102073 2.43045e-05 8.66013e-06)
(0.103562 9.9668e-06 3.77127e-06)
(0.104506 1.45356e-05 2.21468e-06)
(0.102064 1.18459e-05 8.80297e-06)
(0.103556 3.0948e-06 4.56353e-06)
(0.104501 6.26677e-06 3.80603e-06)
(0.102059 4.08012e-06 8.33226e-06)
(0.104497 1.32872e-06 4.29267e-06)
(0.102054 -2.18883e-07 7.26435e-06)
(0.105369 0.000153243 -3.31703e-05)
(0.105887 9.08252e-05 -2.32296e-05)
(0.104277 0.000138845 2.37949e-05)
(0.105404 0.000169598 -3.99064e-05)
(0.105911 0.000114609 -3.8374e-05)
(0.104299 0.000168407 9.13188e-06)
(0.10544 0.000158318 -3.90384e-05)
(0.105941 0.000115626 -4.42218e-05)
(0.104326 0.000163485 -2.88566e-06)
(0.105468 0.000132825 -3.28644e-05)
(0.10598 0.000102447 -4.1892e-05)
(0.10436 0.000138047 -6.98513e-06)
(0.105488 0.000103276 -2.4685e-05)
(0.106013 8.32785e-05 -3.51689e-05)
(0.104384 0.00010692 -6.57602e-06)
(0.1055 7.52825e-05 -1.65414e-05)
(0.106035 6.3154e-05 -2.6764e-05)
(0.104398 7.73055e-05 -4.06047e-06)
(0.105506 5.16271e-05 -9.52342e-06)
(0.10605 4.49443e-05 -1.84201e-05)
(0.104406 5.24351e-05 -8.74507e-07)
(0.105508 3.31944e-05 -4.08334e-06)
(0.106058 3.0002e-05 -1.11756e-05)
(0.104408 3.32863e-05 2.05741e-06)
(0.105507 1.97059e-05 -2.42718e-07)
(0.106062 1.85979e-05 -5.48319e-06)
(0.104409 1.946e-05 4.27467e-06)
(0.105506 1.03684e-05 2.20099e-06)
(0.106063 1.03957e-05 -1.38772e-06)
(0.104407 9.97497e-06 5.66823e-06)
(0.105503 4.30275e-06 3.50226e-06)
(0.106063 4.83019e-06 1.27867e-06)
(0.104406 3.83189e-06 6.3074e-06)
(0.106061 1.33859e-06 2.74547e-06)
(0.104403 2.28635e-07 6.23971e-06)
(0.106417 5.43288e-05 -2.81793e-05)
(0.106607 1.50565e-05 -3.15555e-05)
(0.105538 2.65917e-05 4.05381e-06)
(0.106459 6.24811e-05 -4.25818e-05)
(0.106634 2.25555e-05 -5.53386e-05)
(0.105566 3.70851e-05 -2.40881e-05)
(0.106505 6.06145e-05 -4.71143e-05)
(0.106668 2.50045e-05 -6.51004e-05)
(0.105602 3.96495e-05 -3.86024e-05)
(0.106546 5.29546e-05 -4.43445e-05)
(0.106714 2.36501e-05 -6.38578e-05)
(0.105648 3.60218e-05 -4.12436e-05)
(0.10658 4.28329e-05 -3.74496e-05)
(0.106755 2.02685e-05 -5.60653e-05)
(0.105687 2.9546e-05 -3.6976e-05)
(0.106605 3.23887e-05 -2.88535e-05)
(0.106786 1.60743e-05 -4.51382e-05)
(0.105714 2.22934e-05 -2.93425e-05)
(0.106622 2.29336e-05 -2.02634e-05)
(0.106807 1.18586e-05 -3.35628e-05)
(0.105733 1.54724e-05 -2.0754e-05)
(0.106633 1.51181e-05 -1.27322e-05)
(0.106821 8.10627e-06 -2.29744e-05)
(0.105744 9.73377e-06 -1.27947e-05)
(0.106639 9.10049e-06 -6.74709e-06)
(0.106829 5.04405e-06 -1.42226e-05)
(0.10575 5.29344e-06 -6.29054e-06)
(0.106641 4.74984e-06 -2.39444e-06)
(0.106833 2.71396e-06 -7.5629e-06)
(0.105752 2.09117e-06 -1.49236e-06)
(0.106641 1.8157e-06 4.66041e-07)
(0.106835 1.05879e-06 -2.89135e-06)
(0.105752 -4.89374e-08 1.67789e-06)
(0.106834 -1.38122e-08 7.40039e-08)
(0.105751 -1.30234e-06 3.4515e-06)
(0.10679 -1.48084e-05 -5.87107e-05)
(0.106635 -3.28935e-05 -6.68542e-05)
(0.105996 -4.18889e-05 -4.37573e-05)
(0.106834 -1.35347e-05 -7.79208e-05)
(0.106663 -3.63537e-05 -9.78254e-05)
(0.106029 -4.53839e-05 -8.24381e-05)
(0.106883 -1.11295e-05 -8.19515e-05)
(0.106698 -3.38724e-05 -0.000106905)
(0.106068 -4.15168e-05 -9.6128e-05)
(0.106927 -8.54561e-06 -7.56978e-05)
(0.106743 -2.86716e-05 -0.000100733)
(0.106116 -3.45368e-05 -9.22082e-05)
(0.106963 -6.19306e-06 -6.38651e-05)
(0.106782 -2.25459e-05 -8.63076e-05)
(0.106155 -2.68558e-05 -7.90169e-05)
(0.10699 -4.2739e-06 -4.99418e-05)
(0.10681 -1.65781e-05 -6.85659e-05)
(0.106182 -1.97762e-05 -6.21118e-05)
(0.107008 -2.85173e-06 -3.63486e-05)
(0.10683 -1.1416e-05 -5.0886e-05)
(0.106199 -1.39556e-05 -4.51395e-05)
(0.10702 -1.88493e-06 -2.45208e-05)
(0.106842 -7.33607e-06 -3.53013e-05)
(0.106209 -9.55935e-06 -3.02464e-05)
(0.107026 -1.27813e-06 -1.50784e-05)
(0.106849 -4.33826e-06 -2.2712e-05)
(0.106214 -6.44064e-06 -1.83559e-05)
(0.107029 -9.25622e-07 -8.08717e-06)
(0.106852 -2.27562e-06 -1.32482e-05)
(0.106215 -4.33557e-06 -9.57624e-06)
(0.10703 -7.31017e-07 -3.30163e-06)
(0.106852 -9.52958e-07 -6.6177e-06)
(0.106215 -2.97246e-06 -3.58436e-06)
(0.106852 -1.72914e-07 -2.33836e-06)
(0.106213 -2.10788e-06 1.12314e-07)
(0.106476 -5.1693e-05 -0.000105385)
(0.105915 -4.12631e-05 -0.000113299)
(0.105674 -8.57045e-05 -0.000106093)
(0.106518 -5.44201e-05 -0.000126275)
(0.10594 -4.95391e-05 -0.000146969)
(0.10571 -9.52378e-05 -0.000151683)
(0.106563 -4.97164e-05 -0.00012525)
(0.10597 -4.89005e-05 -0.000150131)
(0.105748 -8.7793e-05 -0.000159994)
(0.106601 -4.13494e-05 -0.000110995)
(0.106008 -4.24805e-05 -0.000134226)
(0.105788 -7.21038e-05 -0.000144764)
(0.106631 -3.19221e-05 -9.07441e-05)
(0.106039 -3.35366e-05 -0.000110054)
(0.105816 -5.46975e-05 -0.000119067)
(0.106652 -2.29901e-05 -6.93193e-05)
(0.106059 -2.42712e-05 -8.41799e-05)
(0.105832 -3.87968e-05 -9.08793e-05)
(0.106666 -1.53982e-05 -4.97071e-05)
(0.106072 -1.59905e-05 -6.047e-05)
(0.105841 -2.58045e-05 -6.48513e-05)
(0.106673 -9.45926e-06 -3.34049e-05)
(0.106078 -9.31437e-06 -4.08257e-05)
(0.105843 -1.60316e-05 -4.32676e-05)
(0.106677 -5.12738e-06 -2.08251e-05)
(0.106081 -4.36032e-06 -2.57181e-05)
(0.105843 -9.14687e-06 -2.67162e-05)
(0.106677 -2.17536e-06 -1.17424e-05)
(0.106081 -9.62407e-07 -1.48094e-05)
(0.10584 -4.57541e-06 -1.48342e-05)
(0.106676 -3.16157e-07 -5.63067e-06)
(0.10608 1.15452e-06 -7.42939e-06)
(0.105837 -1.74095e-06 -6.88635e-06)
(0.106078 2.29205e-06 -2.8051e-06)
(0.105834 -1.36557e-07 -2.04695e-06)
(0.105369 -3.33608e-05 -0.000153034)
(0.104277 2.36689e-05 -0.000138627)
(0.10444 -7.84773e-05 -0.000187276)
(0.105404 -4.01105e-05 -0.000169366)
(0.104299 8.99129e-06 -0.000168136)
(0.104471 -8.59805e-05 -0.000230613)
(0.10544 -3.92397e-05 -0.000158086)
(0.104326 -3.02832e-06 -0.000163212)
(0.104498 -7.69966e-05 -0.000222653)
(0.105468 -3.30473e-05 -0.000132605)
(0.10436 -7.11792e-06 -0.000137797)
(0.10452 -5.92178e-05 -0.000187494)
(0.105488 -2.4836e-05 -0.000103075)
(0.104384 -6.68635e-06 -0.000106699)
(0.104529 -4.10058e-05 -0.0001451)
(0.1055 -1.66483e-05 -7.51061e-05)
(0.104398 -4.13865e-06 -7.71151e-05)
(0.104528 -2.5666e-05 -0.000104984)
(0.105505 -9.57464e-06 -5.14857e-05)
(0.104405 -9.11525e-07 -5.22765e-05)
(0.104524 -1.40597e-05 -7.14248e-05)
(0.105507 -4.06857e-06 -3.3105e-05)
(0.104408 2.07264e-06 -3.3165e-05)
(0.104517 -5.98359e-06 -4.56526e-05)
(0.105507 -1.59935e-07 -1.97027e-05)
(0.104408 4.35233e-06 -1.93968e-05)
(0.104511 -7.62931e-07 -2.70851e-05)
(0.105505 2.33485e-06 -1.0511e-05)
(0.104407 5.79708e-06 -1.00411e-05)
(0.104505 2.32821e-06 -1.44306e-05)
(0.105502 3.68705e-06 -4.62266e-06)
(0.104405 6.41448e-06 -4.17674e-06)
(0.1045 3.86119e-06 -6.3554e-06)
(0.104496 4.35604e-06 -1.66185e-06)
(0.10324 6.77268e-05 -0.000152738)
(0.101375 0.000177668 -7.2159e-05)
(0.101945 3.68914e-05 -0.000238987)
(0.103278 4.69992e-05 -0.000161479)
(0.101418 0.000130505 -9.91648e-05)
(0.101977 2.42784e-05 -0.00028033)
(0.103317 2.94513e-05 -0.000142885)
(0.101463 8.54612e-05 -9.74201e-05)
(0.101998 1.939e-05 -0.000249613)
(0.103344 1.90387e-05 -0.000112238)
(0.101515 5.63309e-05 -7.77605e-05)
(0.102009 1.89546e-05 -0.000191702)
(0.103361 1.34553e-05 -8.12918e-05)
(0.101551 3.73964e-05 -5.59586e-05)
(0.102007 1.82956e-05 -0.000136184)
(0.10337 1.0912e-05 -5.48843e-05)
(0.101573 2.58876e-05 -3.69629e-05)
(0.101999 1.72067e-05 -9.09278e-05)
(0.103375 1.00541e-05 -3.45029e-05)
(0.101585 1.94635e-05 -2.21417e-05)
(0.10199 1.59282e-05 -5.71796e-05)
(0.103375 9.88111e-06 -1.99072e-05)
(0.101592 1.59012e-05 -1.15969e-05)
(0.101983 1.45791e-05 -3.36395e-05)
(0.103375 9.7896e-06 -1.008e-05)
(0.101596 1.37737e-05 -4.56426e-06)
(0.101977 1.32155e-05 -1.80319e-05)
(0.103373 9.45661e-06 -3.95314e-06)
(0.101598 1.23184e-05 -1.0594e-07)
(0.101972 1.18364e-05 -8.18825e-06)
(0.101599 1.09914e-05 2.24754e-06)
(0.101969 1.02559e-05 -2.64867e-06)
(0.0996573 0.000198001 -3.34343e-05)
(0.0950878 0.000230505 0.000128907)
(0.0976833 0.000288453 -0.000113322)
(0.0997508 0.000136929 -4.75147e-05)
(0.0952046 0.000154217 0.000100673)
(0.0977593 0.000199769 -0.000186761)
(0.0998291 9.11056e-05 -4.16796e-05)
(0.0953151 0.000100191 6.9586e-05)
(0.097809 0.00013926 -0.000159583)
(0.0998838 6.03543e-05 -2.85284e-05)
(0.0954237 6.44547e-05 4.74421e-05)
(0.0978494 9.70939e-05 -0.000108426)
(0.0999209 4.01977e-05 -1.67588e-05)
(0.0954979 4.11869e-05 3.20933e-05)
(0.0978726 6.63454e-05 -6.84826e-05)
(0.0999451 2.7942e-05 -7.85349e-06)
(0.0955443 2.74801e-05 2.25117e-05)
(0.0978863 4.56845e-05 -4.04537e-05)
(0.0999603 2.08518e-05 -1.76113e-06)
(0.0955746 1.99912e-05 1.68059e-05)
(0.0978956 3.24045e-05 -2.16755e-05)
(0.0999697 1.66732e-05 2.0153e-06)
(0.0955949 1.57376e-05 1.31469e-05)
(0.0979022 2.38706e-05 -9.91133e-06)
(0.0999756 1.40382e-05 4.22004e-06)
(0.0956088 1.29598e-05 1.05958e-05)
(0.0979073 1.82919e-05 -2.77579e-06)
(0.0999794 1.21623e-05 5.26792e-06)
(0.0956185 1.09092e-05 8.85881e-06)
(0.0979112 1.46454e-05 1.66031e-06)
(0.0956257 9.37785e-06 7.64009e-06)
(0.097915 1.19464e-05 3.76955e-06)
(0.0910592 0.000221442 0.000256256)
(0.0872595 0.000539407 0.000325056)
(0.0912847 0.000145809 0.000210666)
(0.0877026 0.000368176 0.000144325)
(0.0914566 9.03301e-05 0.000151805)
(0.0879707 0.000229876 9.20604e-05)
(0.0915697 5.55053e-05 0.000102905)
(0.0881516 0.000138092 7.27795e-05)
(0.0916459 3.48171e-05 6.7919e-05)
(0.0882614 8.04264e-05 4.91295e-05)
(0.0916971 2.35174e-05 4.50071e-05)
(0.088328 4.82282e-05 3.22953e-05)
(0.0917315 1.75577e-05 3.04627e-05)
(0.0883709 3.11124e-05 2.26972e-05)
(0.0917553 1.40845e-05 2.11235e-05)
(0.0884004 2.15986e-05 1.67667e-05)
(0.0917722 1.16656e-05 1.50857e-05)
(0.0884214 1.56522e-05 1.2676e-05)
(0.0917848 9.84569e-06 1.13502e-05)
(0.0884373 1.16025e-05 9.96204e-06)
(0.0884499 9.16577e-06 8.44662e-06)
(0.0889216 0.000688455 -0.000676606)
(0.0925817 0.000772931 -0.0005954)
(0.0817913 0.000979475 -0.000798365)
(0.0882816 0.00048862 -0.000402055)
(0.0924055 0.000633092 -0.000443109)
(0.0810506 0.000753651 -0.000472032)
(0.0877462 0.000267268 -0.000133086)
(0.0921531 0.000369447 -0.000183291)
(0.0805329 0.000362753 -5.2681e-05)
(0.0874187 0.000143876 -8.89408e-06)
(0.0918545 0.000211542 -4.09911e-05)
(0.0800687 0.000182325 5.44844e-05)
(0.0872263 8.04365e-05 2.99058e-05)
(0.0916476 0.000125819 1.27087e-05)
(0.0798368 9.89345e-05 6.86086e-05)
(0.0871172 4.31033e-05 3.65534e-05)
(0.0915309 7.20899e-05 2.91518e-05)
(0.0797487 5.15215e-05 6.22034e-05)
(0.0870603 2.10013e-05 3.23709e-05)
(0.0914652 3.91125e-05 3.01188e-05)
(0.0797148 2.59908e-05 4.82676e-05)
(0.0870334 8.61287e-06 2.56189e-05)
(0.0914287 1.97939e-05 2.57617e-05)
(0.079703 1.23734e-05 3.45923e-05)
(0.0870228 2.20759e-06 1.8965e-05)
(0.0914103 8.93394e-06 2.02441e-05)
(0.0797026 5.05933e-06 2.38841e-05)
(0.0870208 -5.32305e-07 1.32067e-05)
(0.0914026 3.14356e-06 1.50358e-05)
(0.0797071 1.69057e-06 1.5639e-05)
(0.0870236 -1.52863e-06 9.20401e-06)
(0.0914009 6.05873e-07 1.07008e-05)
(0.0797135 7.98039e-07 9.07422e-06)
(0.0914028 -1.00091e-06 8.0254e-06)
(0.0797168 -1.27267e-07 6.0076e-06)
(0.0969816 0.000663513 -0.000321857)
(0.098722 0.000510315 -0.000188168)
(0.0931637 0.000885913 -0.000262649)
(0.0970432 0.000560807 -0.000218797)
(0.0988084 0.000542134 -0.000157763)
(0.0933386 0.000786668 -0.000195682)
(0.0969385 0.000379645 -0.000101321)
(0.0987923 0.000408937 -7.83275e-05)
(0.0932707 0.000486415 -5.25344e-05)
(0.0968108 0.00024 -2.96983e-05)
(0.0987198 0.000274567 -2.15952e-05)
(0.0931313 0.000283377 1.73836e-05)
(0.0967109 0.000146478 4.64952e-06)
(0.0986433 0.000176967 6.84481e-06)
(0.0930245 0.000165972 3.77435e-05)
(0.0966418 8.58607e-05 1.80407e-05)
(0.0985856 0.000109306 1.85425e-05)
(0.0929622 9.57341e-05 3.90138e-05)
(0.0965969 4.82234e-05 2.07673e-05)
(0.098546 6.43342e-05 2.12499e-05)
(0.0929269 5.35738e-05 3.40982e-05)
(0.0965696 2.56003e-05 1.89325e-05)
(0.0985199 3.58736e-05 1.98203e-05)
(0.0929074 2.90956e-05 2.68484e-05)
(0.0965543 1.22918e-05 1.56933e-05)
(0.0985039 1.83776e-05 1.69321e-05)
(0.0928979 1.49058e-05 2.01283e-05)
(0.0965467 4.52574e-06 1.25101e-05)
(0.0984948 7.85138e-06 1.39174e-05)
(0.0928946 6.69729e-06 1.48166e-05)
(0.0965438 1.28357e-07 9.82546e-06)
(0.0984899 1.4963e-06 1.13466e-05)
(0.0928952 8.64679e-07 1.18256e-05)
(0.0984882 -1.7595e-06 9.03321e-06)
(0.0928999 -1.89856e-06 9.23256e-06)
(0.100734 0.000350694 -3.53952e-06)
(0.101945 0.000239228 3.68288e-05)
(0.0981717 0.000250038 0.000189999)
(0.100786 0.000344877 -7.20544e-07)
(0.101977 0.000280618 2.4214e-05)
(0.0982374 0.000323799 0.000136204)
(0.100791 0.000276697 1.04613e-05)
(0.101998 0.0002499 1.93458e-05)
(0.0982653 0.000270066 0.000105491)
(0.100769 0.000200299 1.8847e-05)
(0.10201 0.00019196 1.89324e-05)
(0.0982687 0.000192815 8.25206e-05)
(0.100742 0.000136103 2.2124e-05)
(0.102007 0.000136408 1.82856e-05)
(0.0982567 0.00012935 6.23465e-05)
(0.100717 8.7408e-05 2.20354e-05)
(0.101999 9.11232e-05 1.71943e-05)
(0.0982434 8.18851e-05 4.69982e-05)
(0.100698 5.30189e-05 2.01691e-05)
(0.10199 5.73571e-05 1.58989e-05)
(0.0982332 4.89242e-05 3.53043e-05)
(0.100684 3.00511e-05 1.75941e-05)
(0.101983 3.38103e-05 1.45136e-05)
(0.0982264 2.73507e-05 2.66896e-05)
(0.100675 1.53348e-05 1.49539e-05)
(0.101977 1.81881e-05 1.3087e-05)
(0.0982226 1.37977e-05 2.03973e-05)
(0.100669 6.21606e-06 1.25879e-05)
(0.101973 8.22125e-06 1.16789e-05)
(0.0982209 5.54121e-06 1.58557e-05)
(0.100665 9.50273e-07 1.04176e-05)
(0.10197 2.12118e-06 1.03431e-05)
(0.0982206 5.36167e-07 1.27371e-05)
(0.101967 -1.11003e-06 8.82276e-06)
(0.0982216 -1.98291e-06 1.00578e-05)
(0.10324 0.000153032 6.77277e-05)
(0.10396 6.91128e-05 5.27675e-05)
(0.101374 7.23328e-05 0.000177569)
(0.103278 0.000161805 4.70093e-05)
(0.103986 8.52881e-05 2.56979e-05)
(0.101418 9.93857e-05 0.000130444)
(0.103317 0.000143186 2.94745e-05)
(0.104019 8.44799e-05 4.95254e-06)
(0.101463 9.76437e-05 8.5423e-05)
(0.103345 0.000112496 1.90656e-05)
(0.104059 7.07609e-05 -4.71385e-06)
(0.101515 7.79614e-05 5.63006e-05)
(0.103362 8.1506e-05 1.34737e-05)
(0.10409 5.34188e-05 -7.37998e-06)
(0.101551 5.61335e-05 3.73609e-05)
(0.103371 5.50594e-05 1.09114e-05)
(0.104109 3.71299e-05 -6.08138e-06)
(0.101573 3.71161e-05 2.58464e-05)
(0.103375 3.46423e-05 1.00226e-05)
(0.10412 2.37189e-05 -2.95045e-06)
(0.101585 2.22837e-05 1.94156e-05)
(0.103376 2.00024e-05 9.80375e-06)
(0.104125 1.36542e-05 5.07134e-07)
(0.101593 1.17491e-05 1.58333e-05)
(0.103376 1.00758e-05 9.6595e-06)
(0.104127 6.62055e-06 3.4157e-06)
(0.101596 4.76385e-06 1.36483e-05)
(0.103374 3.69301e-06 9.33175e-06)
(0.104127 1.98873e-06 5.43364e-06)
(0.101598 3.52562e-07 1.20742e-05)
(0.103373 -6.54263e-08 8.68884e-06)
(0.104126 -8.33347e-07 6.54324e-06)
(0.101599 -2.28425e-06 1.0753e-05)
(0.104125 -2.28469e-06 6.78469e-06)
(0.101599 -3.4451e-06 9.35153e-06)
(0.1047 1.02142e-05 9.609e-06)
(0.104969 -3.14077e-05 -4.62973e-06)
(0.103151 -4.97773e-05 5.04914e-05)
(0.104747 1.51153e-05 -1.76436e-05)
(0.105003 -3.15855e-05 -4.59821e-05)
(0.10319 -4.83879e-05 -1.35678e-06)
(0.104797 1.59075e-05 -3.0456e-05)
(0.105044 -2.70735e-05 -6.47723e-05)
(0.103232 -3.94376e-05 -2.55893e-05)
(0.104839 1.34307e-05 -3.2221e-05)
(0.105092 -2.20141e-05 -6.58439e-05)
(0.103282 -3.13871e-05 -3.08423e-05)
(0.10487 9.74065e-06 -2.7798e-05)
(0.105129 -1.731e-05 -5.72932e-05)
(0.10332 -2.44979e-05 -2.72767e-05)
(0.10489 5.99335e-06 -2.06067e-05)
(0.105153 -1.32771e-05 -4.45399e-05)
(0.103345 -1.88219e-05 -2.00814e-05)
(0.104903 2.76232e-06 -1.29515e-05)
(0.105167 -1.00973e-05 -3.11928e-05)
(0.10336 -1.44831e-05 -1.21108e-05)
(0.104909 2.81558e-07 -6.22028e-06)
(0.105174 -7.7453e-06 -1.93856e-05)
(0.103368 -1.13142e-05 -5.05668e-06)
(0.104912 -1.44147e-06 -1.03685e-06)
(0.105177 -6.06158e-06 -1.00614e-05)
(0.103372 -9.02172e-06 2.99715e-07)
(0.104912 -2.51077e-06 2.50021e-06)
(0.105177 -4.87571e-06 -3.34833e-06)
(0.103373 -7.35487e-06 3.91948e-06)
(0.104911 -3.03018e-06 4.55121e-06)
(0.105176 -4.02495e-06 1.023e-06)
(0.103373 -6.11695e-06 5.96315e-06)
(0.105174 -3.35792e-06 3.47061e-06)
(0.103372 -5.07199e-06 6.73316e-06)
(0.105242 -7.15997e-05 -6.05585e-05)
(0.105075 -9.60842e-05 -7.40857e-05)
(0.103777 -0.000108793 -3.93656e-05)
(0.105295 -7.24276e-05 -9.3504e-05)
(0.105116 -0.000105562 -0.000126322)
(0.103834 -0.000121284 -0.000103765)
(0.105347 -6.40116e-05 -0.000100542)
(0.105159 -9.62815e-05 -0.000140888)
(0.103883 -0.000112706 -0.000120243)
(0.105388 -5.20431e-05 -9.1247e-05)
(0.105202 -7.86948e-05 -0.000130018)
(0.103927 -9.38786e-05 -0.000108947)
(0.105416 -3.97882e-05 -7.42983e-05)
(0.10523 -5.96273e-05 -0.000107439)
(0.103956 -7.25777e-05 -8.72732e-05)
(0.105433 -2.89665e-05 -5.53236e-05)
(0.105245 -4.24914e-05 -8.15013e-05)
(0.103971 -5.29215e-05 -6.35697e-05)
(0.105443 -2.03088e-05 -3.77684e-05)
(0.105251 -2.87128e-05 -5.72067e-05)
(0.103977 -3.68816e-05 -4.22659e-05)
(0.105446 -1.38664e-05 -2.33239e-05)
(0.105252 -1.85077e-05 -3.70448e-05)
(0.103978 -2.48818e-05 -2.52644e-05)
(0.105446 -9.32684e-06 -1.2437e-05)
(0.10525 -1.14104e-05 -2.16917e-05)
(0.103976 -1.64181e-05 -1.2818e-05)
(0.105444 -6.26583e-06 -4.86654e-06)
(0.105246 -6.73408e-06 -1.08081e-05)
(0.103973 -1.0702e-05 -4.35287e-06)
(0.105442 -4.27e-06 -8.36244e-08)
(0.105242 -3.82456e-06 -3.67105e-06)
(0.10397 -6.97159e-06 9.01972e-07)
(0.105238 -2.13105e-06 5.06155e-07)
(0.103967 -4.61176e-06 3.68673e-06)
(0.104923 -0.00012771 -0.000139046)
(0.104225 -0.00013171 -0.000166166)
(0.103452 -0.000182979 -0.000130375)
(0.104976 -0.000127106 -0.000172899)
(0.104266 -0.000137428 -0.000220091)
(0.103533 -0.000193319 -0.000202922)
(0.10502 -0.000108929 -0.000169655)
(0.104301 -0.000118891 -0.000219824)
(0.103587 -0.000169135 -0.000206633)
(0.105048 -8.4537e-05 -0.000145631)
(0.104324 -9.06513e-05 -0.000188555)
(0.103618 -0.000131133 -0.000175324)
(0.105062 -6.09643e-05 -0.000114203)
(0.104331 -6.32885e-05 -0.000147504)
(0.103626 -9.3908e-05 -0.000134741)
(0.105066 -4.12405e-05 -8.30713e-05)
(0.104328 -4.08381e-05 -0.000107243)
(0.103621 -6.31175e-05 -9.58029e-05)
(0.105064 -2.62281e-05 -5.62698e-05)
(0.104319 -2.42007e-05 -7.29226e-05)
(0.103611 -4.00434e-05 -6.33053e-05)
(0.105059 -1.56072e-05 -3.52725e-05)
(0.104309 -1.28243e-05 -4.63032e-05)
(0.103599 -2.40109e-05 -3.86131e-05)
(0.105053 -8.53684e-06 -1.99727e-05)
(0.1043 -5.55003e-06 -2.70357e-05)
(0.103588 -1.35076e-05 -2.10986e-05)
(0.105047 -4.1103e-06 -9.55407e-06)
(0.104292 -1.21106e-06 -1.38893e-05)
(0.10358 -6.97603e-06 -9.40933e-06)
(0.105042 -1.54328e-06 -3.03954e-06)
(0.104285 1.11543e-06 -5.51051e-06)
(0.103573 -3.17181e-06 -2.21526e-06)
(0.10428 2.12177e-06 -6.90059e-07)
(0.103567 -1.1618e-06 1.47579e-06)
(0.103575 -0.000128083 -0.000242427)
(0.102097 -6.42718e-05 -0.000275324)
(0.101995 -0.000245126 -0.00027389)
(0.103617 -0.000120312 -0.000263335)
(0.102138 -7.13221e-05 -0.000323855)
(0.102097 -0.000241157 -0.00033788)
(0.103639 -9.51905e-05 -0.000236196)
(0.102159 -5.56488e-05 -0.000289874)
(0.102132 -0.000185059 -0.000302063)
(0.103639 -6.61189e-05 -0.000188794)
(0.102159 -3.32435e-05 -0.000226418)
(0.102123 -0.000122558 -0.000233547)
(0.103628 -4.13062e-05 -0.000139562)
(0.102142 -1.54035e-05 -0.000164086)
(0.102091 -7.3834e-05 -0.000167422)
(0.103612 -2.2874e-05 -9.65519e-05)
(0.10212 -3.41018e-06 -0.000111786)
(0.102055 -4.03499e-05 -0.000112641)
(0.103596 -1.04367e-05 -6.2684e-05)
(0.102101 3.70258e-06 -7.18009e-05)
(0.102024 -1.91494e-05 -7.11926e-05)
(0.103582 -2.7175e-06 -3.79463e-05)
(0.102085 7.33753e-06 -4.33246e-05)
(0.101999 -6.74995e-06 -4.19918e-05)
(0.10357 1.66935e-06 -2.09105e-05)
(0.102073 8.77514e-06 -2.40725e-05)
(0.10198 -7.28496e-09 -2.24463e-05)
(0.103562 3.80907e-06 -9.84639e-06)
(0.102064 8.8789e-06 -1.16521e-05)
(0.101968 3.37461e-06 -9.88108e-06)
(0.103555 4.50495e-06 -3.18596e-06)
(0.102058 8.00671e-06 -4.31339e-06)
(0.101959 4.64572e-06 -2.28505e-06)
(0.101953 4.38445e-06 1.34606e-06)
(0.100735 -3.41544e-06 -0.000350439)
(0.0981719 0.000190173 -0.000249911)
(0.0987222 -0.000187931 -0.000510035)
(0.100786 -6.06076e-07 -0.000344614)
(0.0982375 0.00013639 -0.00032366)
(0.0988085 -0.000157557 -0.000541882)
(0.100791 1.05467e-05 -0.000276454)
(0.0982654 0.000105651 -0.000269925)
(0.0987924 -7.81628e-05 -0.000408721)
(0.100769 1.89023e-05 -0.000200086)
(0.0982689 8.26447e-05 -0.000192682)
(0.0987198 -2.14758e-05 -0.000274389)
(0.100742 2.21616e-05 -0.000135914)
(0.0982569 6.24597e-05 -0.000129222)
(0.0986433 6.92636e-06 -0.000176818)
(0.100717 2.20739e-05 -8.72305e-05)
(0.0982436 4.70761e-05 -8.17675e-05)
(0.0985857 1.86048e-05 -0.000109161)
(0.100698 2.02299e-05 -5.28358e-05)
(0.0982334 3.53737e-05 -4.88003e-05)
(0.0985461 2.13084e-05 -6.41681e-05)
(0.100684 1.77079e-05 -2.98471e-05)
(0.0982267 2.67813e-05 -2.7187e-05)
(0.0985201 1.98972e-05 -3.5649e-05)
(0.100674 1.511e-05 -1.51274e-05)
(0.0982229 2.06158e-05 -1.35125e-05)
(0.0985041 1.70555e-05 -1.80337e-05)
(0.100668 1.25479e-05 -6.30421e-06)
(0.0982211 1.64137e-05 -4.9287e-06)
(0.0984947 1.40383e-05 -7.37069e-06)
(0.0982212 1.30084e-05 -1.56405e-07)
(0.09849 1.06778e-05 -2.22787e-06)
(0.0958803 0.000288098 -0.000238184)
(0.0894223 0.00062566 3.19115e-05)
(0.0926811 4.29152e-06 -0.000627749)
(0.0959836 0.000201875 -0.000263602)
(0.0898343 0.000408691 -0.000104795)
(0.092838 3.99087e-06 -0.000626675)
(0.0960173 0.000144948 -0.000199149)
(0.0900513 0.000256571 -8.08906e-05)
(0.0928087 6.45926e-05 -0.000402196)
(0.0960216 0.000102383 -0.000132185)
(0.0901735 0.000157406 -4.90047e-05)
(0.092736 7.76509e-05 -0.000232942)
(0.0960219 7.10951e-05 -8.26975e-05)
(0.090239 9.49297e-05 -3.22902e-05)
(0.0926857 6.65198e-05 -0.000134554)
(0.0960224 4.95422e-05 -4.8683e-05)
(0.0902771 5.8766e-05 -1.95222e-05)
(0.0926624 5.2029e-05 -7.57476e-05)
(0.0960238 3.49752e-05 -2.67141e-05)
(0.0903018 3.80562e-05 -9.55458e-06)
(0.092653 3.85795e-05 -4.14847e-05)
(0.0960263 2.51776e-05 -1.31888e-05)
(0.0903194 2.57095e-05 -3.06238e-06)
(0.0926506 2.78524e-05 -2.18761e-05)
(0.0960298 1.86768e-05 -4.92841e-06)
(0.0903328 1.77525e-05 5.83109e-07)
(0.0926522 2.01133e-05 -1.04847e-05)
(0.0960337 1.42835e-05 1.0486e-08)
(0.0903437 1.2273e-05 2.49194e-06)
(0.0926562 1.55456e-05 -2.80488e-06)
(0.0903534 9.13711e-06 3.95749e-06)
(0.0926632 1.16483e-05 1.13275e-06)
(0.0841677 0.000637675 0.000102123)
(0.0772519 0.000638051 -0.000192626)
(0.0847999 0.000435788 4.89127e-05)
(0.0779823 0.000396121 -0.000301169)
(0.085098 0.000272234 5.48564e-05)
(0.0782136 0.000281676 -8.68141e-05)
(0.0852561 0.00015992 4.33095e-05)
(0.0783037 0.000177787 -8.30869e-06)
(0.0853502 9.2086e-05 2.70575e-05)
(0.0783795 0.000104419 1.21523e-06)
(0.0854081 5.48875e-05 1.78498e-05)
(0.078439 6.3132e-05 3.6018e-06)
(0.085446 3.46515e-05 1.34732e-05)
(0.0784801 3.98007e-05 5.38535e-06)
(0.0854725 2.2914e-05 1.07694e-05)
(0.0785095 2.59438e-05 5.95018e-06)
(0.0854921 1.54624e-05 8.63347e-06)
(0.0785318 1.69934e-05 5.33666e-06)
(0.0855078 1.08705e-05 7.39278e-06)
(0.0785493 1.07657e-05 3.76197e-06)
(0.0785594 7.48511e-06 4.00016e-06)
(0.0765507 0.000876917 -0.00036162)
(0.0822146 0.00156691 -0.000580097)
(0.0630878 0.00123213 -0.000406722)
(0.0748475 0.000602903 -0.000129856)
(0.0817604 0.000956366 -0.000267392)
(0.0612231 0.000662645 -7.80418e-06)
(0.0741591 0.00032041 2.95334e-05)
(0.0813933 0.000444521 -3.29194e-06)
(0.0606594 0.000281837 0.000100917)
(0.0739141 0.000168146 6.35933e-05)
(0.0810595 0.000222153 6.27742e-05)
(0.0603009 0.000142625 6.64811e-05)
(0.0738231 9.0121e-05 5.93843e-05)
(0.0809098 0.00012302 6.34859e-05)
(0.0601858 8.02036e-05 4.80324e-05)
(0.0737994 4.76113e-05 4.78879e-05)
(0.0808669 6.80464e-05 5.29002e-05)
(0.060176 4.46922e-05 3.59615e-05)
(0.0738022 2.51626e-05 3.52332e-05)
(0.0808581 3.74086e-05 4.00279e-05)
(0.0601889 2.49399e-05 2.55591e-05)
(0.0738135 1.3131e-05 2.43033e-05)
(0.0808604 2.05055e-05 2.82727e-05)
(0.0602058 1.39189e-05 1.70554e-05)
(0.0738261 6.69554e-06 1.60873e-05)
(0.0808674 1.10038e-05 1.92885e-05)
(0.0602227 7.52645e-06 1.11167e-05)
(0.0738366 3.47031e-06 1.02275e-05)
(0.0808756 5.85709e-06 1.28412e-05)
(0.0602372 4.05567e-06 7.0844e-06)
(0.0738436 1.60915e-06 6.60986e-06)
(0.0808841 2.64405e-06 8.95781e-06)
(0.0602493 2.02774e-06 4.49424e-06)
(0.0808896 7.14206e-07 6.50728e-06)
(0.0602543 7.68526e-07 3.07232e-06)
(0.0900426 0.00103226 -0.000256164)
(0.0926811 0.000627739 4.06007e-06)
(0.079874 0.00070592 0.000215962)
(0.0901099 0.000731869 -0.000110781)
(0.0928379 0.000626663 3.71543e-06)
(0.0803957 0.000682425 0.000107876)
(0.0899657 0.000409284 9.45333e-06)
(0.0928085 0.000402192 6.43482e-05)
(0.0804239 0.000348044 0.000127603)
(0.0898503 0.000224854 4.64731e-05)
(0.0927358 0.000232949 7.74491e-05)
(0.0803532 0.000171626 9.92786e-05)
(0.0897872 0.000125642 4.86712e-05)
(0.0926855 0.000134571 6.63574e-05)
(0.0803335 9.30112e-05 6.82092e-05)
(0.0897563 7.00969e-05 4.0908e-05)
(0.0926621 7.5771e-05 5.19079e-05)
(0.0803423 5.17757e-05 4.65851e-05)
(0.0897438 3.88289e-05 3.10325e-05)
(0.0926526 4.15186e-05 3.85012e-05)
(0.0803553 2.83946e-05 3.17197e-05)
(0.0897408 2.10933e-05 2.24216e-05)
(0.09265 2.19431e-05 2.78186e-05)
(0.0803684 1.50449e-05 2.15609e-05)
(0.0897423 1.08595e-05 1.59523e-05)
(0.0926512 1.07505e-05 2.0015e-05)
(0.0803809 7.48827e-06 1.4617e-05)
(0.0897466 3.94389e-06 1.21895e-05)
(0.0926544 4.43239e-06 1.45187e-05)
(0.0803919 3.5657e-06 9.59704e-06)
(0.0897541 -5.49212e-07 9.94375e-06)
(0.092659 -4.08458e-07 1.16345e-05)
(0.0804018 1.10708e-06 6.36877e-06)
(0.0926661 -2.56239e-06 9.09528e-06)
(0.0804079 -3.92495e-07 4.59648e-06)
(0.0958801 0.000238183 0.00028794)
(0.0976831 0.000113328 0.000288357)
(0.0894223 -3.19232e-05 0.000625361)
(0.0959834 0.000263617 0.000201695)
(0.0977591 0.000186779 0.000199682)
(0.089834 0.000104704 0.000408415)
(0.0960171 0.000199182 0.000144782)
(0.0978088 0.000159637 0.000139167)
(0.090051 8.07947e-05 0.000256324)
(0.0960213 0.00013223 0.000102241)
(0.0978493 0.000108498 9.70002e-05)
(0.090173 4.89289e-05 0.000157196)
(0.0960216 8.27514e-05 7.09787e-05)
(0.0978724 6.85622e-05 6.62523e-05)
(0.0902384 3.22416e-05 9.47592e-05)
(0.096022 4.87482e-05 4.94513e-05)
(0.0978862 4.05422e-05 4.55996e-05)
(0.0902764 1.94925e-05 5.8649e-05)
(0.0960233 2.68127e-05 3.49063e-05)
(0.0978954 2.17851e-05 3.23342e-05)
(0.0903011 9.53882e-06 3.80083e-05)
(0.0960256 1.33936e-05 2.50958e-05)
(0.0979019 1.00891e-05 2.3809e-05)
(0.0903185 3.05667e-06 2.57884e-05)
(0.0960286 5.47421e-06 1.84275e-05)
(0.0979068 3.17942e-06 1.81827e-05)
(0.0903317 -6.0292e-07 1.80601e-05)
(0.0960324 8.69432e-07 1.38665e-05)
(0.0979108 -7.95912e-07 1.43096e-05)
(0.0903423 -2.24115e-06 1.27595e-05)
(0.0960363 -1.66491e-06 1.06561e-05)
(0.0979141 -3.2573e-06 1.15754e-05)
(0.0903511 -2.5661e-06 8.7336e-06)
(0.0979174 -4.09206e-06 9.37608e-06)
(0.0903591 -2.93727e-06 6.49798e-06)
(0.0996571 3.35107e-05 0.000197976)
(0.100666 -6.31149e-05 0.000146043)
(0.0950874 -0.000128908 0.000230114)
(0.0997507 4.76155e-05 0.000136933)
(0.100722 -4.38192e-05 8.0828e-05)
(0.0952041 -0.000100634 0.00015396)
(0.099829 4.17919e-05 9.1091e-05)
(0.100775 -2.81085e-05 4.14142e-05)
(0.0953145 -6.95829e-05 9.99705e-05)
(0.0998838 2.864e-05 6.03143e-05)
(0.100835 -2.31889e-05 2.15041e-05)
(0.095423 -4.74482e-05 6.42623e-05)
(0.0999209 1.68689e-05 4.01396e-05)
(0.100879 -2.00132e-05 1.15794e-05)
(0.0954971 -3.20806e-05 4.10218e-05)
(0.0999451 7.96988e-06 2.78812e-05)
(0.100906 -1.70151e-05 7.75844e-06)
(0.0955435 -2.24769e-05 2.73582e-05)
(0.0999603 1.90888e-06 2.07942e-05)
(0.100922 -1.43826e-05 7.29067e-06)
(0.0955736 -1.67454e-05 1.993e-05)
(0.0999697 -1.77643e-06 1.66003e-05)
(0.100932 -1.20635e-05 8.03043e-06)
(0.0955939 -1.30454e-05 1.57539e-05)
(0.0999756 -3.80967e-06 1.38817e-05)
(0.100937 -1.00945e-05 8.81423e-06)
(0.0956077 -1.04124e-05 1.30775e-05)
(0.0999795 -4.84814e-06 1.18854e-05)
(0.10094 -8.48771e-06 9.18223e-06)
(0.0956175 -8.42487e-06 1.10212e-05)
(0.099982 -5.1341e-06 1.0192e-05)
(0.100942 -7.2117e-06 9.0507e-06)
(0.0956247 -6.93442e-06 9.29762e-06)
(0.100943 -6.00107e-06 8.40978e-06)
(0.0956303 -5.83182e-06 7.84811e-06)
(0.101723 -0.000101032 2.32253e-05)
(0.10207 -0.000116959 -3.03756e-06)
(0.097709 -0.000186948 1.04345e-05)
(0.101784 -9.65444e-05 -1.94898e-05)
(0.102131 -0.00013054 -7.00589e-05)
(0.0977202 -0.000213973 -4.78957e-05)
(0.101842 -8.16893e-05 -3.17907e-05)
(0.10218 -0.00012011 -8.44017e-05)
(0.0977408 -0.000180051 -5.51852e-05)
(0.101886 -6.54005e-05 -2.98417e-05)
(0.102227 -9.98847e-05 -7.50131e-05)
(0.0977683 -0.000135759 -4.49698e-05)
(0.101916 -5.01042e-05 -2.26033e-05)
(0.102258 -7.7581e-05 -5.80501e-05)
(0.0977902 -9.63445e-05 -3.18089e-05)
(0.101935 -3.71439e-05 -1.40284e-05)
(0.102274 -5.70286e-05 -4.00973e-05)
(0.0978048 -6.62905e-05 -1.90142e-05)
(0.101946 -2.70275e-05 -6.24214e-06)
(0.102281 -4.02968e-05 -2.43761e-05)
(0.0978144 -4.47625e-05 -8.81056e-06)
(0.101952 -1.9547e-05 -2.34568e-07)
(0.102283 -2.7835e-05 -1.22255e-05)
(0.097821 -3.01082e-05 -1.09095e-06)
(0.101954 -1.41945e-05 3.82701e-06)
(0.102282 -1.9003e-05 -3.69051e-06)
(0.0978257 -2.02613e-05 3.54226e-06)
(0.101955 -1.04499e-05 6.18269e-06)
(0.102281 -1.29217e-05 1.76689e-06)
(0.0978292 -1.37563e-05 6.00646e-06)
(0.101955 -7.81113e-06 7.1803e-06)
(0.102279 -8.88594e-06 4.84346e-06)
(0.0978319 -9.5351e-06 6.96639e-06)
(0.102277 -6.20728e-06 6.1383e-06)
(0.0978341 -6.76359e-06 6.93658e-06)
(0.102446 -0.00015357 -9.77587e-05)
(0.102264 -0.000187208 -0.000120601)
(0.0985367 -0.000187189 -0.000100905)
(0.102524 -0.00015747 -0.000136144)
(0.10236 -0.000203617 -0.000191866)
(0.0985666 -0.000225579 -0.000160455)
(0.102576 -0.000139496 -0.000128498)
(0.102418 -0.000183238 -0.000186429)
(0.0985795 -0.00020249 -0.000144709)
(0.102607 -0.000112105 -0.000103837)
(0.102451 -0.000145465 -0.000152368)
(0.0985703 -0.000160507 -0.000112627)
(0.102621 -8.40168e-05 -7.59568e-05)
(0.102461 -0.000106541 -0.000113197)
(0.0985544 -0.000116323 -8.1362e-05)
(0.102626 -5.96238e-05 -5.07161e-05)
(0.102457 -7.34673e-05 -7.76195e-05)
(0.0985396 -7.95545e-05 -5.23584e-05)
(0.102624 -4.06046e-05 -3.05318e-05)
(0.102447 -4.82131e-05 -4.89991e-05)
(0.0985274 -5.24737e-05 -2.9944e-05)
(0.10262 -2.68477e-05 -1.57852e-05)
(0.102436 -3.03672e-05 -2.79174e-05)
(0.0985183 -3.3653e-05 -1.4459e-05)
(0.102615 -1.73928e-05 -5.81187e-06)
(0.102425 -1.84588e-05 -1.34338e-05)
(0.0985121 -2.11192e-05 -4.74858e-06)
(0.102611 -1.11336e-05 3.91506e-07)
(0.102417 -1.08867e-05 -4.13092e-06)
(0.0985082 -1.30842e-05 1.39037e-06)
(0.102607 -7.12645e-06 3.78113e-06)
(0.102411 -6.21959e-06 1.30641e-06)
(0.098506 -7.99545e-06 4.50398e-06)
(0.102407 -3.59247e-06 3.77594e-06)
(0.0985051 -4.82844e-06 5.75328e-06)
(0.102146 -0.000243254 -0.00021466)
(0.101314 -0.000296098 -0.00027326)
(0.0983073 -0.00030552 -0.00021303)
(0.102253 -0.000230894 -0.000241548)
(0.101452 -0.000296825 -0.000333366)
(0.0983656 -0.000305672 -0.000261291)
(0.102301 -0.000188118 -0.000209508)
(0.101505 -0.000236872 -0.000287447)
(0.0983803 -0.000245727 -0.000212158)
(0.10231 -0.000138364 -0.000161051)
(0.101503 -0.000164369 -0.000217061)
(0.0983403 -0.000176952 -0.000157659)
(0.102299 -9.4725e-05 -0.000114363)
(0.101473 -0.000105099 -0.000152611)
(0.0982861 -0.000116927 -0.00011059)
(0.102281 -6.11241e-05 -7.55586e-05)
(0.101437 -6.27933e-05 -0.00010071)
(0.0982394 -7.32383e-05 -7.08639e-05)
(0.102261 -3.73666e-05 -4.61601e-05)
(0.101404 -3.48614e-05 -6.2182e-05)
(0.0982037 -4.36934e-05 -4.13517e-05)
(0.102244 -2.16486e-05 -2.54301e-05)
(0.101378 -1.76451e-05 -3.54331e-05)
(0.0981782 -2.47999e-05 -2.13771e-05)
(0.102231 -1.17931e-05 -1.1673e-05)
(0.101359 -7.63843e-06 -1.7786e-05)
(0.0981611 -1.32947e-05 -8.74373e-06)
(0.102221 -5.94123e-06 -3.17454e-06)
(0.101345 -2.12732e-06 -6.63063e-06)
(0.0981504 -6.55788e-06 -1.37402e-06)
(0.102214 -2.72189e-06 1.32261e-06)
(0.101336 5.89065e-07 -3.17249e-08)
(0.0981441 -2.82669e-06 2.97125e-06)
(0.10133 1.49043e-06 2.64644e-06)
(0.0981407 -8.55114e-07 4.68692e-06)
(0.100623 -0.0003493 -0.000387915)
(0.0986573 -0.00039395 -0.000535552)
(0.0968591 -0.000510387 -0.00040455)
(0.100749 -0.0002979 -0.000375005)
(0.0987984 -0.000349467 -0.000552593)
(0.0969112 -0.00044498 -0.000400847)
(0.100754 -0.000207001 -0.000291539)
(0.0987958 -0.000218012 -0.000409554)
(0.096869 -0.000299913 -0.000282052)
(0.100709 -0.000127207 -0.000206459)
(0.0987156 -0.000113123 -0.000274713)
(0.0967461 -0.000173502 -0.000189884)
(0.100654 -7.13496e-05 -0.000137779)
(0.0986256 -5.07959e-05 -0.000177018)
(0.0966248 -9.33334e-05 -0.000124455)
(0.100605 -3.59716e-05 -8.67556e-05)
(0.0985551 -1.68083e-05 -0.000109023)
(0.0965359 -4.56353e-05 -7.62093e-05)
(0.100566 -1.52502e-05 -5.12117e-05)
(0.0985051 1.10328e-07 -6.3865e-05)
(0.0964758 -1.85923e-05 -4.30322e-05)
(0.100537 -4.01798e-06 -2.77088e-05)
(0.0984711 7.24821e-06 -3.52175e-05)
(0.0964368 -4.64566e-06 -2.18602e-05)
(0.100518 1.65138e-06 -1.272e-05)
(0.0984495 9.48146e-06 -1.75174e-05)
(0.0964129 1.78693e-06 -9.07502e-06)
(0.100506 4.15131e-06 -3.47596e-06)
(0.0984364 9.62199e-06 -6.81564e-06)
(0.0963992 4.45194e-06 -1.64781e-06)
(0.100498 4.48632e-06 1.26556e-06)
(0.0984294 7.98413e-06 -1.22779e-06)
(0.0963921 5.40101e-06 3.04502e-06)
(0.0963882 4.66523e-06 4.28688e-06)
(0.0969817 -0.000321551 -0.000663265)
(0.0931637 -0.000262315 -0.000885821)
(0.0925818 -0.000595018 -0.000772633)
(0.0970433 -0.00021855 -0.000560611)
(0.0933387 -0.000195366 -0.000786604)
(0.0924055 -0.000442795 -0.000632914)
(0.0969386 -0.000101129 -0.000379491)
(0.0932708 -5.22744e-05 -0.000486364)
(0.0921532 -0.000183062 -0.000369338)
(0.0968109 -2.95567e-05 -0.000239876)
(0.0931315 1.75853e-05 -0.000283336)
(0.0918545 -4.08044e-05 -0.000211478)
(0.0967111 4.75279e-06 -0.000146362)
(0.0930246 3.78887e-05 -0.000165935)
(0.0916477 1.28611e-05 -0.00012578)
(0.0966419 1.81205e-05 -8.57256e-05)
(0.0929624 3.91204e-05 -9.56841e-05)
(0.091531 2.92606e-05 -7.20448e-05)
(0.0965971 2.08379e-05 -4.80414e-05)
(0.0929272 3.41777e-05 -5.3494e-05)
(0.0914654 3.01976e-05 -3.90466e-05)
(0.0965701 1.90067e-05 -2.53489e-05)
(0.0929078 2.68757e-05 -2.89794e-05)
(0.0914291 2.57981e-05 -1.97097e-05)
(0.0965551 1.57474e-05 -1.19842e-05)
(0.0928987 2.02034e-05 -1.46241e-05)
(0.0914111 2.01934e-05 -8.86452e-06)
(0.0965472 1.2005e-05 -4.85182e-06)
(0.0928962 1.58104e-05 -5.31845e-06)
(0.091404 1.50376e-05 -2.98513e-06)
(0.0928989 1.15e-05 -1.17362e-06)
(0.0914032 1.12149e-05 4.08348e-07)
(0.0900426 -0.00025584 -0.00103233)
(0.0798739 0.000216264 -0.000706201)
(0.0822144 -0.000579523 -0.0015669)
(0.09011 -0.00011046 -0.000731931)
(0.0803958 0.000108172 -0.000682727)
(0.0817605 -0.000266932 -0.000956351)
(0.0899658 9.72101e-06 -0.000409329)
(0.0804242 0.000127882 -0.000348288)
(0.0813935 -2.91804e-06 -0.000444548)
(0.0898505 4.66871e-05 -0.000224882)
(0.0803536 9.95187e-05 -0.000171806)
(0.0810598 6.30853e-05 -0.000222187)
(0.0897875 4.88343e-05 -0.000125653)
(0.080334 6.83917e-05 -9.31501e-05)
(0.0809103 6.37128e-05 -0.000123053)
(0.0897566 4.10172e-05 -7.00904e-05)
(0.0803429 4.67169e-05 -5.18785e-05)
(0.0808673 5.30569e-05 -6.80741e-05)
(0.0897443 3.10821e-05 -3.87985e-05)
(0.080356 3.17868e-05 -2.84716e-05)
(0.0808586 4.00963e-05 -3.74349e-05)
(0.0897415 2.24812e-05 -2.09272e-05)
(0.080369 2.14855e-05 -1.51211e-05)
(0.080861 2.82076e-05 -2.05864e-05)
(0.0897441 1.67701e-05 -9.6361e-06)
(0.0803816 1.4211e-05 -7.63615e-06)
(0.0808681 1.89904e-05 -1.12922e-05)
(0.0897512 1.27147e-05 -2.9006e-06)
(0.0803935 9.24128e-06 -3.09051e-06)
(0.0808773 1.29738e-05 -5.63332e-06)
(0.0804015 5.94065e-06 -5.35718e-07)
(0.080884 8.84582e-06 -2.44776e-06)
(0.0725404 0.000442437 -0.00045659)
(0.0614081 -0.000331255 -0.00147758)
(0.0727024 0.000269898 -0.000361023)
(0.060244 6.96868e-05 -0.000665702)
(0.0727248 0.000190939 -0.000144623)
(0.0599641 0.000189661 -0.000186248)
(0.0727852 0.000121904 -5.41745e-05)
(0.0597946 0.000124267 -6.52414e-05)
(0.0728377 7.49807e-05 -2.41324e-05)
(0.059773 7.41329e-05 -3.36653e-05)
(0.0728783 4.72576e-05 -1.08812e-05)
(0.0598004 4.63831e-05 -1.82687e-05)
(0.0729107 3.03685e-05 -4.02021e-06)
(0.0598289 2.94368e-05 -9.78267e-06)
(0.0729362 1.96481e-05 -5.71763e-07)
(0.0598534 1.87173e-05 -4.77193e-06)
(0.0729552 1.24679e-05 8.22853e-07)
(0.0598738 1.17572e-05 -1.99313e-06)
(0.0729682 7.90179e-06 1.62693e-06)
(0.0598908 7.22303e-06 -3.4711e-07)
(0.0598994 4.39404e-06 6.50581e-07)
(0.0538717 0.0012026 -0.000378598)
(0.0614083 0.00147721 -0.000331531)
(0.05161 0.000490277 2.57197e-05)
(0.0602439 0.000665291 6.94587e-05)
(0.051204 0.000138734 0.000121648)
(0.0599638 0.000185918 0.000189434)
(0.0511161 5.25633e-05 8.07451e-05)
(0.0597941 6.49425e-05 0.000124065)
(0.051097 3.00105e-05 4.8839e-05)
(0.0597723 3.34411e-05 7.39501e-05)
(0.0511095 1.75842e-05 3.08086e-05)
(0.0597997 1.80943e-05 4.62463e-05)
(0.0511311 9.823e-06 1.96453e-05)
(0.0598282 9.66661e-06 2.9346e-05)
(0.0511521 5.23162e-06 1.23944e-05)
(0.0598527 4.70913e-06 1.8727e-05)
(0.05117 2.71592e-06 7.70009e-06)
(0.0598736 1.95378e-06 1.19654e-05)
(0.0511835 1.37248e-06 4.65352e-06)
(0.0598901 6.93826e-07 7.52029e-06)
(0.0511936 5.64154e-07 2.81261e-06)
(0.0599032 2.77037e-08 4.62788e-06)
(0.0599086 -3.87582e-07 3.09768e-06)
(0.0725404 0.000456139 0.000442139)
(0.077252 0.000192448 0.000637622)
(0.0727021 0.000360575 0.000269651)
(0.0779821 0.000300897 0.000395782)
(0.0727244 0.000144269 0.000190702)
(0.0782131 8.65651e-05 0.000281372)
(0.0727846 5.39117e-05 0.000121694)
(0.0783031 8.08755e-06 0.000177532)
(0.0728369 2.39382e-05 7.48047e-05)
(0.0783787 -1.37725e-06 0.000104204)
(0.0728774 1.07464e-05 4.71123e-05)
(0.0784381 -3.72503e-06 6.29596e-05)
(0.0729098 3.93327e-06 3.02884e-05)
(0.0784791 -5.48283e-06 3.96768e-05)
(0.0729356 4.31855e-07 1.9799e-05)
(0.0785086 -6.06949e-06 2.59481e-05)
(0.0729556 -9.77364e-07 1.29106e-05)
(0.078531 -5.75253e-06 1.73593e-05)
(0.07297 -9.88623e-07 8.12436e-06)
(0.078548 -4.43423e-06 1.14758e-05)
(0.0729788 -8.55713e-07 5.22599e-06)
(0.0785614 -2.07653e-06 7.06726e-06)
(0.0785682 -1.65817e-06 4.98136e-06)
(0.0841677 -0.000102194 0.000637223)
(0.0872594 -0.000325057 0.000538809)
(0.0847995 -4.9081e-05 0.000435419)
(0.0877021 -0.000144402 0.000367721)
(0.0850974 -5.50327e-05 0.00027193)
(0.08797 -9.22014e-05 0.000229504)
(0.0852553 -4.34531e-05 0.000159665)
(0.0881506 -7.29156e-05 0.000137782)
(0.0853493 -2.71567e-05 9.18762e-05)
(0.0882603 -4.92204e-05 8.01655e-05)
(0.085407 -1.79106e-05 5.47298e-05)
(0.0883267 -3.2339e-05 4.8022e-05)
(0.0854448 -1.35087e-05 3.45855e-05)
(0.0883695 -2.26995e-05 3.09734e-05)
(0.0854713 -1.08267e-05 2.30255e-05)
(0.0883989 -1.67288e-05 2.15689e-05)
(0.0854907 -8.60701e-06 1.57873e-05)
(0.0884199 -1.25913e-05 1.57983e-05)
(0.0855055 -6.39818e-06 1.08005e-05)
(0.0884354 -9.45501e-06 1.1832e-05)
(0.0855178 -4.79823e-06 7.5436e-06)
(0.0884476 -7.12891e-06 8.86836e-06)
(0.0884575 -5.81913e-06 7.00798e-06)
(0.0910587 -0.00025628 0.000220834)
(0.0925335 -0.000334882 0.000147743)
(0.0912839 -0.000210712 0.000145347)
(0.0926074 -0.000321113 7.06094e-05)
(0.0914555 -0.000151905 8.99493e-05)
(0.0926863 -0.000239044 2.57613e-05)
(0.0915684 -0.000102992 5.51862e-05)
(0.0927637 -0.000168187 8.55318e-06)
(0.0916444 -6.79583e-05 3.4558e-05)
(0.0928174 -0.000113393 3.26513e-06)
(0.0916954 -4.49978e-05 2.33297e-05)
(0.0928519 -7.43411e-05 3.38477e-06)
(0.0917297 -3.04051e-05 1.74562e-05)
(0.0928757 -4.84898e-05 5.49068e-06)
(0.0917534 -2.10089e-05 1.40966e-05)
(0.0928929 -3.19293e-05 7.41744e-06)
(0.0917703 -1.47804e-05 1.17505e-05)
(0.0929058 -2.12827e-05 8.447e-06)
(0.0917829 -1.05646e-05 9.85865e-06)
(0.0929158 -1.43879e-05 8.55662e-06)
(0.0917926 -7.85079e-06 8.29257e-06)
(0.0929238 -9.95221e-06 8.05287e-06)
(0.0929303 -7.18113e-06 7.1922e-06)
(0.094116 -0.000297577 -1.7133e-05)
(0.0945736 -0.000230716 -2.46927e-05)
(0.094097 -0.000291154 -5.98882e-05)
(0.094558 -0.00029247 -9.93252e-05)
(0.0940974 -0.00022686 -6.28804e-05)
(0.0945454 -0.000250342 -0.000110642)
(0.0941038 -0.000160941 -4.81862e-05)
(0.0945213 -0.000187956 -8.94069e-05)
(0.0941102 -0.000108623 -3.09686e-05)
(0.0944997 -0.000130075 -6.33463e-05)
(0.0941165 -7.14654e-05 -1.62857e-05)
(0.0944852 -8.6054e-05 -3.84886e-05)
(0.0941225 -4.63737e-05 -5.61155e-06)
(0.0944766 -5.55715e-05 -1.95707e-05)
(0.0941284 -2.99455e-05 1.15819e-06)
(0.0944727 -3.52489e-05 -7.04899e-06)
(0.0941339 -1.93803e-05 4.91182e-06)
(0.0944718 -2.21414e-05 4.5079e-07)
(0.0941391 -1.26756e-05 6.56391e-06)
(0.0944729 -1.38903e-05 4.39639e-06)
(0.0941438 -8.47379e-06 6.85137e-06)
(0.0944751 -8.73782e-06 6.10346e-06)
(0.0944778 -5.55246e-06 6.39708e-06)
(0.0950911 -0.000258979 -0.000109509)
(0.0949728 -0.000284521 -0.000112767)
(0.0950316 -0.000266468 -0.000151815)
(0.0949711 -0.000317335 -0.000193691)
(0.0949722 -0.00021832 -0.000138338)
(0.0949446 -0.000263772 -0.000181949)
(0.0949218 -0.00016062 -0.000105371)
(0.094868 -0.000192049 -0.000140973)
(0.0948812 -0.000109184 -7.13956e-05)
(0.0947925 -0.000126828 -9.96323e-05)
(0.0948525 -7.0804e-05 -4.20919e-05)
(0.0947376 -7.97923e-05 -6.16351e-05)
(0.0948341 -4.46243e-05 -2.1191e-05)
(0.094701 -4.84642e-05 -3.35489e-05)
(0.0948234 -2.74874e-05 -7.86017e-06)
(0.0946781 -2.84356e-05 -1.52219e-05)
(0.0948181 -1.66233e-05 -1.20831e-07)
(0.0946648 -1.6163e-05 -4.19348e-06)
(0.0948164 -9.87163e-06 3.9087e-06)
(0.0946581 -8.78274e-06 1.8552e-06)
(0.0948167 -5.69901e-06 5.63976e-06)
(0.0946556 -4.47699e-06 4.84813e-06)
(0.0946554 -1.95205e-06 5.89722e-06)
(0.0949936 -0.000361124 -0.000198938)
(0.094229 -0.000475247 -0.000251169)
(0.0949221 -0.000315759 -0.000223287)
(0.0942107 -0.000440298 -0.000306432)
(0.094828 -0.000232218 -0.000183294)
(0.0941361 -0.00031516 -0.000240007)
(0.0947297 -0.000154728 -0.000134358)
(0.0939814 -0.000189925 -0.000170025)
(0.0946475 -9.54943e-05 -8.93492e-05)
(0.0938407 -0.00010626 -0.000113735)
(0.0945875 -5.61515e-05 -5.27479e-05)
(0.0937434 -5.63405e-05 -6.83496e-05)
(0.0945472 -3.14969e-05 -2.73685e-05)
(0.0936814 -2.72244e-05 -3.66178e-05)
(0.0945221 -1.67452e-05 -1.14405e-05)
(0.0936434 -1.13378e-05 -1.66987e-05)
(0.0945078 -8.26941e-06 -2.1721e-06)
(0.0936217 -3.33188e-06 -5.08542e-06)
(0.0945006 -3.58168e-06 2.78809e-06)
(0.0936105 4.46097e-07 1.26741e-06)
(0.0944979 -1.05702e-06 5.06954e-06)
(0.0936058 2.0527e-06 4.57195e-06)
(0.0936041 2.51289e-06 5.5028e-06)
(0.093686 -0.000584913 -0.000363152)
(0.0910888 -0.000750266 -0.000579723)
(0.0935265 -0.000439078 -0.000320729)
(0.0908389 -0.000601319 -0.000526073)
(0.0933176 -0.00026698 -0.000224064)
(0.0905552 -0.000311838 -0.000323522)
(0.0931286 -0.000142814 -0.000149135)
(0.0902222 -0.000126386 -0.000189132)
(0.0929888 -7.07254e-05 -9.33309e-05)
(0.0899896 -4.25283e-05 -0.000113812)
(0.0928947 -3.06156e-05 -5.28331e-05)
(0.0898572 -4.82203e-06 -6.43091e-05)
(0.0928361 -9.58992e-06 -2.64496e-05)
(0.0897831 1.02996e-05 -3.28873e-05)
(0.0928022 1.81054e-07 -1.07167e-05)
(0.0897424 1.40657e-05 -1.45864e-05)
(0.0927842 4.0784e-06 -1.88901e-06)
(0.0897223 1.33635e-05 -4.44087e-06)
(0.0927757 5.45228e-06 2.96184e-06)
(0.0897146 1.1508e-05 9.71046e-07)
(0.0927726 5.42991e-06 5.01623e-06)
(0.0897137 1.02506e-05 4.21439e-06)
(0.0889215 -0.000676219 -0.000688212)
(0.0817911 -0.000797733 -0.000979155)
(0.0882816 -0.000401753 -0.000488478)
(0.0810507 -0.000471627 -0.000753486)
(0.0877462 -0.000132856 -0.000267198)
(0.080533 -5.23711e-05 -0.000362684)
(0.0874188 -8.69038e-06 -0.00014384)
(0.080069 5.47702e-05 -0.000182285)
(0.0872264 3.00715e-05 -8.04031e-05)
(0.0798371 6.88273e-05 -9.89101e-05)
(0.0871173 3.66744e-05 -4.3047e-05)
(0.0797491 6.23701e-05 -5.14824e-05)
(0.0870605 3.24421e-05 -2.0907e-05)
(0.0797152 4.8336e-05 -2.59475e-05)
(0.087034 2.5592e-05 -8.46214e-06)
(0.0797035 3.44987e-05 -1.23612e-05)
(0.0870242 1.89471e-05 -1.92854e-06)
(0.0797032 2.33266e-05 -5.27924e-06)
(0.0870242 1.40573e-05 1.63937e-06)
(0.0797085 1.45673e-05 -2.0756e-06)
(0.0797124 9.85717e-06 2.88018e-07)
(0.0765506 -0.000360872 -0.000876607)
(0.0630875 -0.000406191 -0.00123207)
(0.0748477 -0.000129316 -0.00060273)
(0.0612232 -7.36839e-06 -0.000662638)
(0.0741595 2.99732e-05 -0.000320319)
(0.0606597 0.00010129 -0.000281883)
(0.0739146 6.39392e-05 -0.000168087)
(0.0603013 6.6832e-05 -0.00014269)
(0.0738237 5.96314e-05 -9.00725e-05)
(0.0601864 4.82895e-05 -8.02672e-05)
(0.0738001 4.80384e-05 -4.75624e-05)
(0.0601766 3.61486e-05 -4.47335e-05)
(0.0738029 3.52471e-05 -2.51366e-05)
(0.0601896 2.56417e-05 -2.49669e-05)
(0.073814 2.4041e-05 -1.3272e-05)
(0.0602064 1.70091e-05 -1.39402e-05)
(0.0738258 1.5554e-05 -6.95633e-06)
(0.0602229 1.08707e-05 -7.63172e-06)
(0.0738353 1.00395e-05 -3.31022e-06)
(0.0602379 6.78777e-06 -3.90024e-06)
(0.0602457 4.25463e-06 -1.64141e-06)
(0.0538717 -0.000378268 -0.00120273)
(0.0516102 2.6007e-05 -0.000490446)
(0.0512043 0.000121887 -0.00013894)
(0.0511166 8.09577e-05 -5.27576e-05)
(0.0510976 4.90186e-05 -3.01498e-05)
(0.0511102 3.0931e-05 -1.76752e-05)
(0.0511317 1.96813e-05 -9.86916e-06)
(0.0511525 1.22914e-05 -5.26907e-06)
(0.0511695 7.44761e-06 -2.6186e-06)
(0.0511831 4.31118e-06 -1.0436e-06)
)
;

boundaryField
{
    inlet
    {
        type            calculated;
        value           nonuniform List<vector> 0();
    }
    ami1
    {
        type            cyclicAMI;
        value           nonuniform List<vector> 0();
    }
    walls
    {
        type            calculated;
        value           uniform (0 0 0);
    }
    ami2
    {
        type            cyclicAMI;
        value           nonuniform List<vector> 
61
(
(0.0941574 -4.76669e-05 -0.000189099)
(0.101682 -8.44446e-05 -7.4783e-05)
(0.104673 -3.45817e-05 1.01495e-05)
(0.0951006 2.13894e-05 -0.000176808)
(0.102366 5.02708e-06 -0.000119975)
(0.105208 1.63728e-05 -5.48848e-05)
(0.0949884 0.000102398 -0.000332342)
(0.102014 0.000102139 -0.000209795)
(0.104883 8.06472e-05 -0.000102029)
(0.106449 6.79132e-05 -3.8536e-05)
(0.107316 4.0204e-05 -2.42424e-05)
(0.107601 4.22245e-06 -3.37432e-05)
(0.107316 -2.43768e-05 -4.00771e-05)
(0.106393 -9.98703e-06 -3.9143e-05)
(0.104674 3.43971e-05 -9.8499e-06)
(0.101683 8.3589e-05 7.45319e-05)
(0.0941584 4.74827e-05 0.000187968)
(0.0937513 0.000275415 -0.0005736)
(0.100416 0.000259097 -0.000301373)
(0.103545 0.000173921 -0.000107341)
(0.105348 0.000111705 -2.19948e-05)
(0.106393 3.92265e-05 -9.76569e-06)
(0.106765 -1.16414e-05 -3.04463e-05)
(0.106449 -3.86776e-05 -6.77973e-05)
(0.105348 -2.21611e-05 -0.000111546)
(0.103235 6.97912e-05 -0.000121963)
(0.0996185 0.000225503 -2.28262e-05)
(0.0909127 0.000239013 0.00019302)
(0.0895105 0.000604276 -0.000628088)
(0.096737 0.000487297 -0.000249316)
(0.100707 0.000263377 1.28528e-05)
(0.103235 0.00012215 6.98143e-05)
(0.104674 9.91379e-06 3.4514e-05)
(0.105209 -5.50152e-05 -1.64867e-05)
(0.104883 -0.000102122 -8.06548e-05)
(0.103545 -0.000107417 -0.000173777)
(0.100707 1.29508e-05 -0.000263172)
(0.0958353 0.000372833 -8.47684e-05)
(0.083274 0.000708629 0.000210702)
(0.078789 0.000782018 -0.000353343)
(0.089555 0.000652703 -3.00648e-05)
(0.0958351 8.47101e-05 0.000372741)
(0.0996181 2.28858e-05 0.000225401)
(0.101683 -7.45213e-05 8.36907e-05)
(0.102367 -0.000119847 -5.5327e-06)
(0.102015 -0.000209734 -0.000102324)
(0.100416 -0.000301289 -0.000258999)
(0.0967372 -0.000248947 -0.000487011)
(0.0895549 -2.97649e-05 -0.00065275)
(0.070971 0.000692882 -4.93355e-05)
(0.0597662 0.000812031 -7.60948e-05)
(0.0709714 4.91397e-05 0.00069243)
(0.0832744 -0.000210611 0.000708101)
(0.0909125 -0.00019268 0.000238185)
(0.0941571 -0.000187442 4.66177e-05)
(0.0951007 -0.000176155 -2.19107e-05)
(0.0949885 -0.000332034 -0.000102629)
(0.0937514 -0.000573361 -0.000275394)
(0.0895103 -0.000627418 -0.000603882)
(0.0787883 -0.000352408 -0.000781612)
(0.0597656 -7.55427e-05 -0.000812011)
)
;
    }
    outlet
    {
        type            calculated;
        value           nonuniform List<vector> 0();
    }
    procBoundary1to0
    {
        type            processor;
        value           nonuniform List<vector> 
138
(
(0.0940985 6.24697e-05 -0.000227006)
(0.0945222 8.90361e-05 -0.000188561)
(0.0945013 6.29986e-05 -0.000130306)
(0.0944873 3.81979e-05 -8.58916e-05)
(0.0944793 1.94299e-05 -5.51038e-05)
(0.0944757 7.1269e-06 -3.46712e-05)
(0.094475 -1.19675e-07 -2.16463e-05)
(0.094476 -3.82844e-06 -1.35393e-05)
(0.094478 -5.28878e-06 -8.49537e-06)
(0.0944803 -5.37388e-06 -5.31852e-06)
(0.10184 3.24802e-05 -8.18157e-05)
(0.102225 7.56631e-05 -0.000100042)
(0.102256 5.87087e-05 -7.7579e-05)
(0.102272 4.068e-05 -5.68293e-05)
(0.102279 2.49214e-05 -3.99539e-05)
(0.102281 1.27702e-05 -2.74452e-05)
(0.10228 4.24756e-06 -1.86505e-05)
(0.102279 -1.23016e-06 -1.26597e-05)
(0.102277 -4.4556e-06 -8.73188e-06)
(0.102276 -6.14731e-06 -6.20093e-06)
(0.105537 -3.98802e-06 2.67519e-05)
(0.105565 2.41167e-05 3.70359e-05)
(0.104795 3.04359e-05 1.53169e-05)
(0.1056 3.86784e-05 3.92902e-05)
(0.10509 6.5955e-05 -2.22541e-05)
(0.105127 5.75496e-05 -1.74935e-05)
(0.105151 4.48906e-05 -1.33274e-05)
(0.105165 3.15879e-05 -1.00328e-05)
(0.105172 1.97815e-05 -7.6193e-06)
(0.105175 1.04156e-05 -5.91656e-06)
(0.105175 3.61214e-06 -4.7395e-06)
(0.105174 -9.1945e-07 -3.91093e-06)
(0.105172 -3.58509e-06 -3.28015e-06)
(0.105995 4.3761e-05 -4.17579e-05)
(0.106028 8.24758e-05 -4.52872e-05)
(0.106067 9.62566e-05 -4.14682e-05)
(0.106115 9.24436e-05 -3.45088e-05)
(0.106154 7.93237e-05 -2.68136e-05)
(0.10618 6.24471e-05 -1.97078e-05)
(0.106198 4.54686e-05 -1.3871e-05)
(0.106208 3.05393e-05 -9.47623e-06)
(0.106213 1.85794e-05 -6.37345e-06)
(0.106214 9.68402e-06 -4.29106e-06)
(0.106214 3.51704e-06 -2.94594e-06)
(0.106213 -3.9439e-07 -2.09286e-06)
(0.106635 6.69819e-05 -3.27533e-05)
(0.106663 9.79773e-05 -3.62058e-05)
(0.106697 0.00010709 -3.37328e-05)
(0.106742 0.000100955 -2.85425e-05)
(0.106781 8.65545e-05 -2.24253e-05)
(0.106809 6.88164e-05 -1.64691e-05)
(0.106829 5.11154e-05 -1.1327e-05)
(0.106841 3.54824e-05 -7.27724e-06)
(0.106848 2.28129e-05 -4.31724e-06)
(0.106852 1.32277e-05 -2.29431e-06)
(0.106852 6.42798e-06 -1.0066e-06)
(0.106851 1.95776e-06 -2.59591e-07)
(0.107492 4.72576e-05 -1.31337e-05)
(0.107521 5.27571e-05 -1.55302e-05)
(0.107553 5.38584e-05 -1.59631e-05)
(0.107599 5.06384e-05 -1.49083e-05)
(0.107643 4.43416e-05 -1.28244e-05)
(0.107678 3.63745e-05 -1.02337e-05)
(0.107705 2.80255e-05 -7.58095e-06)
(0.107724 2.0267e-05 -5.17941e-06)
(0.107737 1.36659e-05 -3.19909e-06)
(0.107744 8.43759e-06 -1.69223e-06)
(0.107748 4.56511e-06 -6.34513e-07)
(0.10775 1.90097e-06 3.81145e-08)
(0.107773 2.23828e-06 -2.01558e-05)
(0.107804 1.96942e-06 -2.11048e-05)
(0.107836 2.03334e-06 -2.21109e-05)
(0.107882 2.04323e-06 -2.13041e-05)
(0.107925 1.93084e-06 -1.9014e-05)
(0.107962 1.71254e-06 -1.5837e-05)
(0.10799 1.42933e-06 -1.2347e-05)
(0.108011 1.12578e-06 -9.00828e-06)
(0.108026 8.37177e-07 -6.11578e-06)
(0.108035 5.85354e-07 -3.80217e-06)
(0.10804 3.80787e-07 -2.08686e-06)
(0.108042 2.25543e-07 -9.11274e-07)
(0.107493 -3.80246e-05 -2.61117e-05)
(0.107521 -4.03115e-05 -3.12551e-05)
(0.107553 -4.06734e-05 -3.26871e-05)
(0.1076 -3.82287e-05 -3.09562e-05)
(0.107643 -3.35167e-05 -2.71274e-05)
(0.107678 -2.74771e-05 -2.22407e-05)
(0.107705 -2.10705e-05 -1.71462e-05)
(0.107724 -1.50648e-05 -1.24459e-05)
(0.107737 -9.92951e-06 -8.47675e-06)
(0.107744 -5.85853e-06 -5.35768e-06)
(0.107748 -2.85848e-06 -3.06507e-06)
(0.10775 -8.24948e-07 -1.49646e-06)
(0.106607 -3.18027e-05 -1.50633e-05)
(0.106634 -5.5635e-05 -2.25859e-05)
(0.106668 -6.53963e-05 -2.50321e-05)
(0.106714 -6.41204e-05 -2.36645e-05)
(0.106754 -5.62781e-05 -2.02678e-05)
(0.106785 -4.52945e-05 -1.6062e-05)
(0.106806 -3.36572e-05 -1.18415e-05)
(0.10682 -2.29963e-05 -8.09253e-06)
(0.106829 -1.41525e-05 -5.04231e-06)
(0.106833 -7.37579e-06 -2.73493e-06)
(0.106834 -2.57268e-06 -1.11634e-06)
(0.106834 5.03919e-07 -8.977e-08)
(0.104969 -4.76478e-06 3.13411e-05)
(0.105003 -4.61527e-05 3.14887e-05)
(0.105043 -6.49347e-05 2.70113e-05)
(0.105091 -6.59754e-05 2.19907e-05)
(0.105128 -5.73885e-05 1.73153e-05)
(0.105152 -4.46067e-05 1.33006e-05)
(0.105166 -3.12379e-05 1.01291e-05)
(0.105173 -1.94051e-05 7.77879e-06)
(0.105176 -1.00356e-05 6.09368e-06)
(0.105176 -3.24313e-06 4.90027e-06)
(0.105174 1.22298e-06 4.01496e-06)
(0.10207 -3.1678e-06 0.000116965)
(0.10213 -7.02855e-05 0.000130498)
(0.102179 -8.45094e-05 0.000120126)
(0.102226 -7.50249e-05 9.99382e-05)
(0.102256 -5.7995e-05 7.76584e-05)
(0.102272 -4.00494e-05 5.71102e-05)
(0.102279 -2.43734e-05 4.0375e-05)
(0.102281 -1.2279e-05 2.79125e-05)
(0.102281 -3.77718e-06 1.90953e-05)
(0.102279 1.74796e-06 1.30688e-05)
(0.102278 5.05546e-06 9.07835e-06)
(0.0945748 -2.39346e-05 0.000231636)
(0.0945598 -9.85035e-05 0.000293392)
(0.0945477 -0.000109899 0.000251094)
(0.0945241 -8.87961e-05 0.000188512)
(0.0945028 -6.28772e-05 0.000130471)
(0.0944885 -3.81756e-05 8.63216e-05)
(0.0944801 -1.94232e-05 5.57381e-05)
(0.0944761 -7.08406e-06 3.53328e-05)
(0.0944751 1.8432e-07 2.21553e-05)
(0.094476 3.88259e-06 1.38357e-05)
(0.0944778 5.33372e-06 8.59493e-06)
)
;
    }
    procBoundary1to2
    {
        type            processor;
        value           nonuniform List<vector> 9((0.0925363 -0.00014906 -0.000337306) (0.0926108 -7.1603e-05 -0.000322693) (0.0926902 -2.61621e-05 -0.000239018) (0.100664 -0.000146227 -6.29995e-05) (0.10072 -8.13023e-05 -4.4124e-05) (0.100773 -4.20238e-05 -2.90346e-05) (0.103959 -5.27385e-05 6.95189e-05) (0.103984 -2.58439e-05 8.51866e-05) (0.104016 -5.30105e-06 8.3557e-05));
    }
    procBoundary1to8
    {
        type            processor;
        value           nonuniform List<vector> 
33
(
(0.0948188 -4.84432e-06 -3.127e-06)
(0.102604 -5.14328e-06 -4.55356e-06)
(0.105439 -2.77612e-06 -2.93354e-06)
(0.0944964 -4.61227e-06 4.30965e-07)
(0.102209 -3.61602e-06 -8.58086e-07)
(0.105038 -8.88004e-07 -2.69309e-07)
(0.106675 1.35305e-06 5.24762e-07)
(0.107599 1.34364e-06 1.20502e-07)
(0.107903 3.47326e-07 -1.04268e-06)
(0.0927726 -4.28242e-06 4.33629e-06)
(0.100493 -2.87219e-06 4.09291e-06)
(0.103551 -6.58563e-07 4.3608e-06)
(0.105501 7.00825e-07 3.91953e-06)
(0.10664 1.30121e-08 2.09435e-06)
(0.107029 -6.13649e-07 -3.14953e-07)
(0.0870282 -2.82244e-06 7.65169e-06)
(0.096543 -1.87318e-06 7.43361e-06)
(0.100663 -1.49037e-06 8.19009e-06)
(0.103371 -1.87097e-06 7.67174e-06)
(0.10491 -3.08133e-06 5.39554e-06)
(0.105439 -2.96829e-06 2.55797e-06)
(0.0738496 -2.02636e-08 5.21958e-06)
(0.0897616 -2.84331e-07 6.02799e-06)
(0.0960395 -2.53833e-06 8.03925e-06)
(0.0999837 -4.59575e-06 8.53819e-06)
(0.101955 -5.79339e-06 7.15413e-06)
(0.102604 -4.60212e-06 5.19438e-06)
(0.0512021 1.54925e-07 1.91919e-06)
(0.0729857 -1.60622e-06 3.94351e-06)
(0.0855278 -5.0275e-06 6.29494e-06)
(0.0918002 -6.23459e-06 7.02396e-06)
(0.0941477 -5.78075e-06 6.37777e-06)
(0.094818 -3.13215e-06 5.98631e-06)
)
;
    }
    procBoundary1to9
    {
        type            processor;
        value           nonuniform List<vector> 
30
(
(0.107598 3.75972e-07 -1.6603e-06)
(0.10664 2.55699e-06 -2.72822e-07)
(0.10575 3.87344e-06 1.04779e-06)
(0.10491 4.82058e-06 2.80413e-06)
(0.101953 7.71785e-06 8.03648e-06)
(0.0941473 6.05983e-06 8.75251e-06)
(0.106674 7.3891e-07 -1.82966e-06)
(0.1055 4.19928e-06 -1.13007e-06)
(0.104403 6.34572e-06 -7.79705e-07)
(0.103372 8.72989e-06 -5.01148e-07)
(0.0999817 1.04296e-05 5.1724e-06)
(0.0917944 8.3983e-06 9.13074e-06)
(0.105037 -1.80428e-07 5.97006e-07)
(0.103551 4.42094e-06 4.55877e-07)
(0.102054 6.86045e-06 -2.71567e-07)
(0.100664 1.0041e-05 -1.49216e-06)
(0.0960371 1.07408e-05 2.19323e-06)
(0.0855204 8.73694e-06 7.71545e-06)
(0.102209 -1.08071e-06 3.13673e-06)
(0.100493 3.54524e-06 2.62595e-06)
(0.0984247 6.01697e-06 1.62099e-06)
(0.0965428 8.89032e-06 -9.04563e-07)
(0.0897589 7.55677e-06 -1.7553e-06)
(0.0729787 5.52785e-06 2.89678e-06)
(0.0944978 2.16195e-07 5.74229e-06)
(0.0927722 3.97817e-06 5.06334e-06)
(0.089717 8.04522e-06 5.11685e-06)
(0.0870291 1.14678e-05 3.98305e-06)
(0.073844 7.33011e-06 -6.77353e-07)
(0.0511944 2.56255e-06 -1.93644e-07)
)
;
    }
}


// ************************************************************************* //
