/*--------------------------------*- C++ -*----------------------------------*\
| =========                 |                                                 |
| \\      /  F ield         | OpenFOAM: The Open Source CFD Toolbox           |
|  \\    /   O peration     | Version:  2212                                  |
|   \\  /    A nd           | Website:  www.openfoam.com                      |
|    \\/     M anipulation  |                                                 |
\*---------------------------------------------------------------------------*/
FoamFile
{
    version     2.0;
    format      ascii;
    arch        "LSB;label=32;scalar=64";
    class       vectorField;
    location    "1.45/polyMesh";
    object      points;
}
// * * * * * * * * * * * * * * * * * * * * * * * * * * * * * * * * * * * * * //


986
(
(0.04 0.00186535 -0.0199128)
(0.042 0.00186535 -0.0199128)
(0.044 0.00186535 -0.0199128)
(0.046 0.00186535 -0.0199128)
(0.04 0.00274948 -0.0168586)
(0.042 0.00274948 -0.0168586)
(0.044 0.00274948 -0.0168586)
(0.046 0.00274948 -0.0168586)
(0.04 0.00357477 -0.0135514)
(0.042 0.00357477 -0.0135514)
(0.044 0.00357477 -0.0135514)
(0.046 0.00357477 -0.0135514)
(0.04 0.00432683 -0.0100387)
(0.042 0.00432683 -0.0100387)
(0.044 0.00432683 -0.0100387)
(0.046 0.00432683 -0.0100387)
(0.04 -0.000987528 -0.0199756)
(0.042 -0.000987528 -0.0199756)
(0.044 -0.000987528 -0.0199756)
(0.046 -0.000987528 -0.0199756)
(0.048 -0.000987528 -0.0199756)
(0.05 -0.000987528 -0.0199756)
(0.052 -0.000987528 -0.0199756)
(0.054 -0.000987528 -0.0199756)
(0.056 -0.000987528 -0.0199756)
(0.058 -0.000987528 -0.0199756)
(0.06 -0.000987528 -0.0199756)
(0.062 -0.000987528 -0.0199756)
(0.064 -0.000987528 -0.0199756)
(0.04 -0.000431784 -0.0168071)
(0.042 -0.000431784 -0.0168071)
(0.044 -0.000431784 -0.0168071)
(0.046 -0.000431784 -0.0168071)
(0.048 -0.000431784 -0.0168071)
(0.05 -0.000431784 -0.0168071)
(0.052 -0.000431784 -0.0168071)
(0.054 -0.000431784 -0.0168071)
(0.056 -0.000431784 -0.0168071)
(0.058 -0.000431784 -0.0168071)
(0.06 -0.000431784 -0.0168071)
(0.062 -0.000431784 -0.0168071)
(0.064 -0.000431784 -0.0168071)
(0.04 0.000123947 -0.0133928)
(0.042 0.000123947 -0.0133928)
(0.044 0.000123947 -0.0133928)
(0.046 0.000123947 -0.0133928)
(0.048 0.000123947 -0.0133928)
(0.05 0.000123947 -0.0133928)
(0.052 0.000123947 -0.0133928)
(0.054 0.000123947 -0.0133928)
(0.056 0.000123947 -0.0133928)
(0.058 0.000123947 -0.0133928)
(0.06 0.000123947 -0.0133928)
(0.062 0.000123947 -0.0133928)
(0.064 0.000123947 -0.0133928)
(0.04 0.000670942 -0.00978091)
(0.042 0.000670942 -0.00978091)
(0.044 0.000670942 -0.00978091)
(0.046 0.000670942 -0.00978091)
(0.048 0.000670942 -0.00978091)
(0.05 0.000670942 -0.00978091)
(0.052 0.000670942 -0.00978091)
(0.054 0.000670942 -0.00978091)
(0.056 0.000670942 -0.00978091)
(0.058 0.000670942 -0.00978091)
(0.06 0.000670942 -0.00978091)
(0.062 0.000670942 -0.00978091)
(0.064 0.000670942 -0.00978091)
(0.04 -0.0038203 -0.0196317)
(0.042 -0.0038203 -0.0196317)
(0.044 -0.0038203 -0.0196317)
(0.046 -0.0038203 -0.0196317)
(0.048 -0.0038203 -0.0196317)
(0.05 -0.0038203 -0.0196317)
(0.052 -0.0038203 -0.0196317)
(0.054 -0.0038203 -0.0196317)
(0.056 -0.0038203 -0.0196317)
(0.058 -0.0038203 -0.0196317)
(0.06 -0.0038203 -0.0196317)
(0.062 -0.0038203 -0.0196317)
(0.064 -0.0038203 -0.0196317)
(0.04 -0.00360184 -0.0164223)
(0.042 -0.00360184 -0.0164223)
(0.044 -0.00360184 -0.0164223)
(0.046 -0.00360184 -0.0164223)
(0.048 -0.00360184 -0.0164223)
(0.05 -0.00360184 -0.0164223)
(0.052 -0.00360184 -0.0164223)
(0.054 -0.00360184 -0.0164223)
(0.056 -0.00360184 -0.0164223)
(0.058 -0.00360184 -0.0164223)
(0.06 -0.00360184 -0.0164223)
(0.062 -0.00360184 -0.0164223)
(0.064 -0.00360184 -0.0164223)
(0.04 -0.00332457 -0.0129742)
(0.042 -0.00332457 -0.0129742)
(0.044 -0.00332457 -0.0129742)
(0.046 -0.00332457 -0.0129742)
(0.048 -0.00332457 -0.0129742)
(0.05 -0.00332457 -0.0129742)
(0.052 -0.00332457 -0.0129742)
(0.054 -0.00332457 -0.0129742)
(0.056 -0.00332457 -0.0129742)
(0.058 -0.00332457 -0.0129742)
(0.06 -0.00332457 -0.0129742)
(0.062 -0.00332457 -0.0129742)
(0.064 -0.00332457 -0.0129742)
(0.04 -0.00299153 -0.00933633)
(0.042 -0.00299153 -0.00933633)
(0.044 -0.00299153 -0.00933633)
(0.046 -0.00299153 -0.00933633)
(0.048 -0.00299153 -0.00933633)
(0.05 -0.00299153 -0.00933633)
(0.052 -0.00299153 -0.00933633)
(0.054 -0.00299153 -0.00933633)
(0.056 -0.00299153 -0.00933633)
(0.058 -0.00299153 -0.00933633)
(0.06 -0.00299153 -0.00933633)
(0.062 -0.00299153 -0.00933633)
(0.064 -0.00299153 -0.00933633)
(0.04 -0.00260693 -0.00556139)
(0.042 -0.00260693 -0.00556139)
(0.044 -0.00260693 -0.00556139)
(0.046 -0.00260693 -0.00556139)
(0.048 -0.00260693 -0.00556139)
(0.05 -0.00260693 -0.00556139)
(0.052 -0.00260693 -0.00556139)
(0.054 -0.00260693 -0.00556139)
(0.056 -0.00260693 -0.00556139)
(0.058 -0.00260693 -0.00556139)
(0.06 -0.00260693 -0.00556139)
(0.062 -0.00260693 -0.00556139)
(0.064 -0.00260693 -0.00556139)
(0.04 -0.00217599 -0.0017049)
(0.042 -0.00217599 -0.0017049)
(0.044 -0.00217599 -0.0017049)
(0.046 -0.00217599 -0.0017049)
(0.048 -0.00217599 -0.0017049)
(0.05 -0.00217599 -0.0017049)
(0.052 -0.00217599 -0.0017049)
(0.054 -0.00217599 -0.0017049)
(0.056 -0.00217599 -0.0017049)
(0.058 -0.00217599 -0.0017049)
(0.06 -0.00217599 -0.0017049)
(0.062 -0.00217599 -0.0017049)
(0.064 -0.00217599 -0.0017049)
(0.04 -0.0017049 0.00217599)
(0.042 -0.0017049 0.00217599)
(0.044 -0.0017049 0.00217599)
(0.046 -0.0017049 0.00217599)
(0.048 -0.0017049 0.00217599)
(0.05 -0.0017049 0.00217599)
(0.052 -0.0017049 0.00217599)
(0.054 -0.0017049 0.00217599)
(0.056 -0.0017049 0.00217599)
(0.058 -0.0017049 0.00217599)
(0.06 -0.0017049 0.00217599)
(0.062 -0.0017049 0.00217599)
(0.064 -0.0017049 0.00217599)
(0.04 -0.00120066 0.00602358)
(0.042 -0.00120066 0.00602358)
(0.044 -0.00120066 0.00602358)
(0.046 -0.00120066 0.00602358)
(0.048 -0.00120066 0.00602358)
(0.05 -0.00120066 0.00602358)
(0.052 -0.00120066 0.00602358)
(0.054 -0.00120066 0.00602358)
(0.056 -0.00120066 0.00602358)
(0.058 -0.00120066 0.00602358)
(0.06 -0.00120066 0.00602358)
(0.062 -0.00120066 0.00602358)
(0.064 -0.00120066 0.00602358)
(0.04 -0.000670942 0.00978091)
(0.042 -0.000670942 0.00978091)
(0.044 -0.000670942 0.00978091)
(0.046 -0.000670942 0.00978091)
(0.048 -0.000670942 0.00978091)
(0.05 -0.000670942 0.00978091)
(0.052 -0.000670942 0.00978091)
(0.054 -0.000670942 0.00978091)
(0.056 -0.000670942 0.00978091)
(0.058 -0.000670942 0.00978091)
(0.06 -0.000670942 0.00978091)
(0.062 -0.000670942 0.00978091)
(0.064 -0.000670942 0.00978091)
(0.04 -0.000123947 0.0133928)
(0.042 -0.000123947 0.0133928)
(0.044 -0.000123947 0.0133928)
(0.046 -0.000123947 0.0133928)
(0.048 -0.000123947 0.0133928)
(0.05 -0.000123947 0.0133928)
(0.052 -0.000123947 0.0133928)
(0.054 -0.000123947 0.0133928)
(0.056 -0.000123947 0.0133928)
(0.058 -0.000123947 0.0133928)
(0.06 -0.000123947 0.0133928)
(0.062 -0.000123947 0.0133928)
(0.04 0.000431784 0.0168071)
(0.042 0.000431784 0.0168071)
(0.044 0.000431784 0.0168071)
(0.046 0.000431784 0.0168071)
(0.048 0.000431784 0.0168071)
(0.05 0.000431784 0.0168071)
(0.052 0.000431784 0.0168071)
(0.054 0.000431784 0.0168071)
(0.056 0.000431784 0.0168071)
(0.058 0.000431784 0.0168071)
(0.06 0.000431784 0.0168071)
(0.062 0.000431784 0.0168071)
(0.04 0.000987528 0.0199756)
(0.042 0.000987528 0.0199756)
(0.044 0.000987528 0.0199756)
(0.046 0.000987528 0.0199756)
(0.048 0.000987528 0.0199756)
(0.05 0.000987528 0.0199756)
(0.052 0.000987528 0.0199756)
(0.054 0.000987528 0.0199756)
(0.056 0.000987528 0.0199756)
(0.058 0.000987528 0.0199756)
(0.06 0.000987528 0.0199756)
(0.062 0.000987528 0.0199756)
(0.04 -0.0065753 -0.0188882)
(0.042 -0.0065753 -0.0188882)
(0.044 -0.0065753 -0.0188882)
(0.046 -0.0065753 -0.0188882)
(0.048 -0.0065753 -0.0188882)
(0.05 -0.0065753 -0.0188882)
(0.052 -0.0065753 -0.0188882)
(0.054 -0.0065753 -0.0188882)
(0.056 -0.0065753 -0.0188882)
(0.058 -0.0065753 -0.0188882)
(0.06 -0.0065753 -0.0188882)
(0.062 -0.0065753 -0.0188882)
(0.064 -0.0065753 -0.0188882)
(0.04 -0.00670303 -0.0157111)
(0.042 -0.00670303 -0.0157111)
(0.044 -0.00670303 -0.0157111)
(0.046 -0.00670303 -0.0157111)
(0.048 -0.00670303 -0.0157111)
(0.05 -0.00670303 -0.0157111)
(0.052 -0.00670303 -0.0157111)
(0.054 -0.00670303 -0.0157111)
(0.056 -0.00670303 -0.0157111)
(0.058 -0.00670303 -0.0157111)
(0.06 -0.00670303 -0.0157111)
(0.062 -0.00670303 -0.0157111)
(0.064 -0.00670303 -0.0157111)
(0.04 -0.00671311 -0.0123026)
(0.042 -0.00671311 -0.0123026)
(0.044 -0.00671311 -0.0123026)
(0.046 -0.00671311 -0.0123026)
(0.048 -0.00671311 -0.0123026)
(0.05 -0.00671311 -0.0123026)
(0.052 -0.00671311 -0.0123026)
(0.054 -0.00671311 -0.0123026)
(0.056 -0.00671311 -0.0123026)
(0.058 -0.00671311 -0.0123026)
(0.06 -0.00671311 -0.0123026)
(0.062 -0.00671311 -0.0123026)
(0.064 -0.00671311 -0.0123026)
(0.04 -0.00660293 -0.00871201)
(0.042 -0.00660293 -0.00871201)
(0.044 -0.00660293 -0.00871201)
(0.046 -0.00660293 -0.00871201)
(0.048 -0.00660293 -0.00871201)
(0.05 -0.00660293 -0.00871201)
(0.052 -0.00660293 -0.00871201)
(0.054 -0.00660293 -0.00871201)
(0.056 -0.00660293 -0.00871201)
(0.058 -0.00660293 -0.00871201)
(0.06 -0.00660293 -0.00871201)
(0.062 -0.00660293 -0.00871201)
(0.064 -0.00660293 -0.00871201)
(0.04 -0.00637233 -0.00499275)
(0.042 -0.00637233 -0.00499275)
(0.044 -0.00637233 -0.00499275)
(0.046 -0.00637233 -0.00499275)
(0.048 -0.00637233 -0.00499275)
(0.05 -0.00637233 -0.00499275)
(0.052 -0.00637233 -0.00499275)
(0.054 -0.00637233 -0.00499275)
(0.056 -0.00637233 -0.00499275)
(0.058 -0.00637233 -0.00499275)
(0.06 -0.00637233 -0.00499275)
(0.062 -0.00637233 -0.00499275)
(0.064 -0.00637233 -0.00499275)
(0.04 -0.00602358 -0.00120066)
(0.042 -0.00602358 -0.00120066)
(0.044 -0.00602358 -0.00120066)
(0.046 -0.00602358 -0.00120066)
(0.048 -0.00602358 -0.00120066)
(0.05 -0.00602358 -0.00120066)
(0.052 -0.00602358 -0.00120066)
(0.054 -0.00602358 -0.00120066)
(0.056 -0.00602358 -0.00120066)
(0.058 -0.00602358 -0.00120066)
(0.06 -0.00602358 -0.00120066)
(0.062 -0.00602358 -0.00120066)
(0.064 -0.00602358 -0.00120066)
(0.04 -0.00556139 0.00260693)
(0.042 -0.00556139 0.00260693)
(0.044 -0.00556139 0.00260693)
(0.046 -0.00556139 0.00260693)
(0.048 -0.00556139 0.00260693)
(0.05 -0.00556139 0.00260693)
(0.052 -0.00556139 0.00260693)
(0.054 -0.00556139 0.00260693)
(0.056 -0.00556139 0.00260693)
(0.058 -0.00556139 0.00260693)
(0.06 -0.00556139 0.00260693)
(0.062 -0.00556139 0.00260693)
(0.064 -0.00556139 0.00260693)
(0.04 -0.00499275 0.00637233)
(0.042 -0.00499275 0.00637233)
(0.044 -0.00499275 0.00637233)
(0.046 -0.00499275 0.00637233)
(0.048 -0.00499275 0.00637233)
(0.05 -0.00499275 0.00637233)
(0.052 -0.00499275 0.00637233)
(0.054 -0.00499275 0.00637233)
(0.056 -0.00499275 0.00637233)
(0.058 -0.00499275 0.00637233)
(0.06 -0.00499275 0.00637233)
(0.062 -0.00499275 0.00637233)
(0.064 -0.00499275 0.00637233)
(0.04 -0.00432683 0.0100387)
(0.042 -0.00432683 0.0100387)
(0.044 -0.00432683 0.0100387)
(0.046 -0.00432683 0.0100387)
(0.048 -0.00432683 0.0100387)
(0.05 -0.00432683 0.0100387)
(0.052 -0.00432683 0.0100387)
(0.054 -0.00432683 0.0100387)
(0.056 -0.00432683 0.0100387)
(0.058 -0.00432683 0.0100387)
(0.06 -0.00432683 0.0100387)
(0.062 -0.00432683 0.0100387)
(0.064 -0.00432683 0.0100387)
(0.04 -0.00357477 0.0135514)
(0.042 -0.00357477 0.0135514)
(0.044 -0.00357477 0.0135514)
(0.046 -0.00357477 0.0135514)
(0.048 -0.00357477 0.0135514)
(0.05 -0.00357477 0.0135514)
(0.052 -0.00357477 0.0135514)
(0.054 -0.00357477 0.0135514)
(0.056 -0.00357477 0.0135514)
(0.058 -0.00357477 0.0135514)
(0.06 -0.00357477 0.0135514)
(0.062 -0.00357477 0.0135514)
(0.04 -0.00274948 0.0168586)
(0.042 -0.00274948 0.0168586)
(0.044 -0.00274948 0.0168586)
(0.046 -0.00274948 0.0168586)
(0.048 -0.00274948 0.0168586)
(0.05 -0.00274948 0.0168586)
(0.052 -0.00274948 0.0168586)
(0.054 -0.00274948 0.0168586)
(0.056 -0.00274948 0.0168586)
(0.058 -0.00274948 0.0168586)
(0.06 -0.00274948 0.0168586)
(0.062 -0.00274948 0.0168586)
(0.04 -0.00186535 0.0199128)
(0.042 -0.00186535 0.0199128)
(0.044 -0.00186535 0.0199128)
(0.046 -0.00186535 0.0199128)
(0.048 -0.00186535 0.0199128)
(0.05 -0.00186535 0.0199128)
(0.052 -0.00186535 0.0199128)
(0.054 -0.00186535 0.0199128)
(0.056 -0.00186535 0.0199128)
(0.058 -0.00186535 0.0199128)
(0.06 -0.00186535 0.0199128)
(0.062 -0.00186535 0.0199128)
(0.04 -0.00919645 -0.0177602)
(0.042 -0.00919645 -0.0177602)
(0.044 -0.00919645 -0.0177602)
(0.046 -0.00919645 -0.0177602)
(0.048 -0.00919645 -0.0177602)
(0.05 -0.00919645 -0.0177602)
(0.052 -0.00919645 -0.0177602)
(0.054 -0.00919645 -0.0177602)
(0.056 -0.00919645 -0.0177602)
(0.058 -0.00919645 -0.0177602)
(0.06 -0.00919645 -0.0177602)
(0.062 -0.00919645 -0.0177602)
(0.064 -0.00919645 -0.0177602)
(0.04 -0.00967908 -0.0146873)
(0.042 -0.00967908 -0.0146873)
(0.044 -0.00967908 -0.0146873)
(0.046 -0.00967908 -0.0146873)
(0.048 -0.00967908 -0.0146873)
(0.05 -0.00967908 -0.0146873)
(0.052 -0.00967908 -0.0146873)
(0.054 -0.00967908 -0.0146873)
(0.056 -0.00967908 -0.0146873)
(0.058 -0.00967908 -0.0146873)
(0.06 -0.00967908 -0.0146873)
(0.062 -0.00967908 -0.0146873)
(0.064 -0.00967908 -0.0146873)
(0.04 -0.00998523 -0.01139)
(0.042 -0.00998523 -0.01139)
(0.044 -0.00998523 -0.01139)
(0.046 -0.00998523 -0.01139)
(0.048 -0.00998523 -0.01139)
(0.05 -0.00998523 -0.01139)
(0.052 -0.00998523 -0.01139)
(0.054 -0.00998523 -0.01139)
(0.056 -0.00998523 -0.01139)
(0.058 -0.00998523 -0.01139)
(0.06 -0.00998523 -0.01139)
(0.062 -0.00998523 -0.01139)
(0.064 -0.00998523 -0.01139)
(0.04 -0.0101066 -0.00791859)
(0.042 -0.0101066 -0.00791859)
(0.044 -0.0101066 -0.00791859)
(0.046 -0.0101066 -0.00791859)
(0.048 -0.0101066 -0.00791859)
(0.05 -0.0101066 -0.00791859)
(0.052 -0.0101066 -0.00791859)
(0.054 -0.0101066 -0.00791859)
(0.056 -0.0101066 -0.00791859)
(0.058 -0.0101066 -0.00791859)
(0.06 -0.0101066 -0.00791859)
(0.062 -0.0101066 -0.00791859)
(0.064 -0.0101066 -0.00791859)
(0.04 -0.0100387 -0.00432683)
(0.042 -0.0100387 -0.00432683)
(0.044 -0.0100387 -0.00432683)
(0.046 -0.0100387 -0.00432683)
(0.048 -0.0100387 -0.00432683)
(0.05 -0.0100387 -0.00432683)
(0.052 -0.0100387 -0.00432683)
(0.054 -0.0100387 -0.00432683)
(0.056 -0.0100387 -0.00432683)
(0.058 -0.0100387 -0.00432683)
(0.06 -0.0100387 -0.00432683)
(0.062 -0.0100387 -0.00432683)
(0.064 -0.0100387 -0.00432683)
(0.04 -0.00978091 -0.000670942)
(0.042 -0.00978091 -0.000670942)
(0.044 -0.00978091 -0.000670942)
(0.046 -0.00978091 -0.000670942)
(0.048 -0.00978091 -0.000670942)
(0.05 -0.00978091 -0.000670942)
(0.052 -0.00978091 -0.000670942)
(0.054 -0.00978091 -0.000670942)
(0.056 -0.00978091 -0.000670942)
(0.058 -0.00978091 -0.000670942)
(0.06 -0.00978091 -0.000670942)
(0.062 -0.00978091 -0.000670942)
(0.064 -0.00978091 -0.000670942)
(0.04 -0.00933633 0.00299153)
(0.042 -0.00933633 0.00299153)
(0.044 -0.00933633 0.00299153)
(0.046 -0.00933633 0.00299153)
(0.048 -0.00933633 0.00299153)
(0.05 -0.00933633 0.00299153)
(0.052 -0.00933633 0.00299153)
(0.054 -0.00933633 0.00299153)
(0.056 -0.00933633 0.00299153)
(0.058 -0.00933633 0.00299153)
(0.06 -0.00933633 0.00299153)
(0.062 -0.00933633 0.00299153)
(0.064 -0.00933633 0.00299153)
(0.04 -0.00871201 0.00660293)
(0.042 -0.00871201 0.00660293)
(0.044 -0.00871201 0.00660293)
(0.046 -0.00871201 0.00660293)
(0.048 -0.00871201 0.00660293)
(0.05 -0.00871201 0.00660293)
(0.052 -0.00871201 0.00660293)
(0.054 -0.00871201 0.00660293)
(0.056 -0.00871201 0.00660293)
(0.058 -0.00871201 0.00660293)
(0.06 -0.00871201 0.00660293)
(0.062 -0.00871201 0.00660293)
(0.064 -0.00871201 0.00660293)
(0.04 -0.00791859 0.0101066)
(0.042 -0.00791859 0.0101066)
(0.044 -0.00791859 0.0101066)
(0.046 -0.00791859 0.0101066)
(0.048 -0.00791859 0.0101066)
(0.05 -0.00791859 0.0101066)
(0.052 -0.00791859 0.0101066)
(0.054 -0.00791859 0.0101066)
(0.056 -0.00791859 0.0101066)
(0.058 -0.00791859 0.0101066)
(0.06 -0.00791859 0.0101066)
(0.062 -0.00791859 0.0101066)
(0.064 -0.00791859 0.0101066)
(0.04 -0.00697019 0.0134482)
(0.042 -0.00697019 0.0134482)
(0.044 -0.00697019 0.0134482)
(0.046 -0.00697019 0.0134482)
(0.048 -0.00697019 0.0134482)
(0.05 -0.00697019 0.0134482)
(0.052 -0.00697019 0.0134482)
(0.054 -0.00697019 0.0134482)
(0.056 -0.00697019 0.0134482)
(0.058 -0.00697019 0.0134482)
(0.06 -0.00697019 0.0134482)
(0.062 -0.00697019 0.0134482)
(0.04 -0.00588406 0.0165765)
(0.042 -0.00588406 0.0165765)
(0.044 -0.00588406 0.0165765)
(0.046 -0.00588406 0.0165765)
(0.048 -0.00588406 0.0165765)
(0.05 -0.00588406 0.0165765)
(0.052 -0.00588406 0.0165765)
(0.054 -0.00588406 0.0165765)
(0.056 -0.00588406 0.0165765)
(0.058 -0.00588406 0.0165765)
(0.06 -0.00588406 0.0165765)
(0.062 -0.00588406 0.0165765)
(0.04 -0.00468025 0.0194447)
(0.042 -0.00468025 0.0194447)
(0.044 -0.00468025 0.0194447)
(0.046 -0.00468025 0.0194447)
(0.048 -0.00468025 0.0194447)
(0.05 -0.00468025 0.0194447)
(0.052 -0.00468025 0.0194447)
(0.054 -0.00468025 0.0194447)
(0.056 -0.00468025 0.0194447)
(0.058 -0.00468025 0.0194447)
(0.06 -0.00468025 0.0194447)
(0.062 -0.00468025 0.0194447)
(0.04 -0.0116304 -0.0162706)
(0.042 -0.0116304 -0.0162706)
(0.044 -0.0116304 -0.0162706)
(0.046 -0.0116304 -0.0162706)
(0.048 -0.0116304 -0.0162706)
(0.05 -0.0116304 -0.0162706)
(0.052 -0.0116304 -0.0162706)
(0.054 -0.0116304 -0.0162706)
(0.056 -0.0116304 -0.0162706)
(0.058 -0.0116304 -0.0162706)
(0.06 -0.0116304 -0.0162706)
(0.062 -0.0116304 -0.0162706)
(0.064 -0.0116304 -0.0162706)
(0.04 -0.0124763 -0.0133707)
(0.042 -0.0124763 -0.0133707)
(0.044 -0.0124763 -0.0133707)
(0.046 -0.0124763 -0.0133707)
(0.048 -0.0124763 -0.0133707)
(0.05 -0.0124763 -0.0133707)
(0.052 -0.0124763 -0.0133707)
(0.054 -0.0124763 -0.0133707)
(0.056 -0.0124763 -0.0133707)
(0.058 -0.0124763 -0.0133707)
(0.06 -0.0124763 -0.0133707)
(0.062 -0.0124763 -0.0133707)
(0.064 -0.0124763 -0.0133707)
(0.04 -0.0130869 -0.0102536)
(0.042 -0.0130869 -0.0102536)
(0.044 -0.0130869 -0.0102536)
(0.046 -0.0130869 -0.0102536)
(0.048 -0.0130869 -0.0102536)
(0.05 -0.0130869 -0.0102536)
(0.052 -0.0130869 -0.0102536)
(0.054 -0.0130869 -0.0102536)
(0.056 -0.0130869 -0.0102536)
(0.058 -0.0130869 -0.0102536)
(0.06 -0.0130869 -0.0102536)
(0.062 -0.0130869 -0.0102536)
(0.064 -0.0130869 -0.0102536)
(0.04 -0.0134482 -0.00697019)
(0.042 -0.0134482 -0.00697019)
(0.044 -0.0134482 -0.00697019)
(0.046 -0.0134482 -0.00697019)
(0.048 -0.0134482 -0.00697019)
(0.05 -0.0134482 -0.00697019)
(0.052 -0.0134482 -0.00697019)
(0.054 -0.0134482 -0.00697019)
(0.056 -0.0134482 -0.00697019)
(0.058 -0.0134482 -0.00697019)
(0.06 -0.0134482 -0.00697019)
(0.062 -0.0134482 -0.00697019)
(0.064 -0.0134482 -0.00697019)
(0.04 -0.0135514 -0.00357477)
(0.042 -0.0135514 -0.00357477)
(0.044 -0.0135514 -0.00357477)
(0.046 -0.0135514 -0.00357477)
(0.048 -0.0135514 -0.00357477)
(0.05 -0.0135514 -0.00357477)
(0.052 -0.0135514 -0.00357477)
(0.054 -0.0135514 -0.00357477)
(0.056 -0.0135514 -0.00357477)
(0.058 -0.0135514 -0.00357477)
(0.06 -0.0135514 -0.00357477)
(0.062 -0.0135514 -0.00357477)
(0.064 -0.0135514 -0.00357477)
(0.04 -0.0133928 -0.000123947)
(0.042 -0.0133928 -0.000123947)
(0.044 -0.0133928 -0.000123947)
(0.046 -0.0133928 -0.000123947)
(0.048 -0.0133928 -0.000123947)
(0.05 -0.0133928 -0.000123947)
(0.052 -0.0133928 -0.000123947)
(0.054 -0.0133928 -0.000123947)
(0.056 -0.0133928 -0.000123947)
(0.058 -0.0133928 -0.000123947)
(0.06 -0.0133928 -0.000123947)
(0.062 -0.0133928 -0.000123947)
(0.064 -0.0133928 -0.000123947)
(0.04 -0.0129742 0.00332457)
(0.042 -0.0129742 0.00332457)
(0.044 -0.0129742 0.00332457)
(0.046 -0.0129742 0.00332457)
(0.048 -0.0129742 0.00332457)
(0.05 -0.0129742 0.00332457)
(0.052 -0.0129742 0.00332457)
(0.054 -0.0129742 0.00332457)
(0.056 -0.0129742 0.00332457)
(0.058 -0.0129742 0.00332457)
(0.06 -0.0129742 0.00332457)
(0.062 -0.0129742 0.00332457)
(0.064 -0.0129742 0.00332457)
(0.04 -0.0123026 0.00671311)
(0.042 -0.0123026 0.00671311)
(0.044 -0.0123026 0.00671311)
(0.046 -0.0123026 0.00671311)
(0.048 -0.0123026 0.00671311)
(0.05 -0.0123026 0.00671311)
(0.052 -0.0123026 0.00671311)
(0.054 -0.0123026 0.00671311)
(0.056 -0.0123026 0.00671311)
(0.058 -0.0123026 0.00671311)
(0.06 -0.0123026 0.00671311)
(0.062 -0.0123026 0.00671311)
(0.064 -0.0123026 0.00671311)
(0.04 -0.01139 0.00998523)
(0.042 -0.01139 0.00998523)
(0.044 -0.01139 0.00998523)
(0.046 -0.01139 0.00998523)
(0.048 -0.01139 0.00998523)
(0.05 -0.01139 0.00998523)
(0.052 -0.01139 0.00998523)
(0.054 -0.01139 0.00998523)
(0.056 -0.01139 0.00998523)
(0.058 -0.01139 0.00998523)
(0.06 -0.01139 0.00998523)
(0.062 -0.01139 0.00998523)
(0.064 -0.01139 0.00998523)
(0.04 -0.0102536 0.0130869)
(0.042 -0.0102536 0.0130869)
(0.044 -0.0102536 0.0130869)
(0.046 -0.0102536 0.0130869)
(0.048 -0.0102536 0.0130869)
(0.05 -0.0102536 0.0130869)
(0.052 -0.0102536 0.0130869)
(0.054 -0.0102536 0.0130869)
(0.056 -0.0102536 0.0130869)
(0.058 -0.0102536 0.0130869)
(0.06 -0.0102536 0.0130869)
(0.062 -0.0102536 0.0130869)
(0.04 -0.008915 0.0159674)
(0.042 -0.008915 0.0159674)
(0.044 -0.008915 0.0159674)
(0.046 -0.008915 0.0159674)
(0.048 -0.008915 0.0159674)
(0.05 -0.008915 0.0159674)
(0.052 -0.008915 0.0159674)
(0.054 -0.008915 0.0159674)
(0.056 -0.008915 0.0159674)
(0.058 -0.008915 0.0159674)
(0.06 -0.008915 0.0159674)
(0.062 -0.008915 0.0159674)
(0.04 -0.00739988 0.0185807)
(0.042 -0.00739988 0.0185807)
(0.044 -0.00739988 0.0185807)
(0.046 -0.00739988 0.0185807)
(0.048 -0.00739988 0.0185807)
(0.05 -0.00739988 0.0185807)
(0.052 -0.00739988 0.0185807)
(0.054 -0.00739988 0.0185807)
(0.056 -0.00739988 0.0185807)
(0.058 -0.00739988 0.0185807)
(0.06 -0.00739988 0.0185807)
(0.062 -0.00739988 0.0185807)
(0.04 -0.0138276 -0.0144499)
(0.042 -0.0138276 -0.0144499)
(0.044 -0.0138276 -0.0144499)
(0.046 -0.0138276 -0.0144499)
(0.048 -0.0138276 -0.0144499)
(0.05 -0.0138276 -0.0144499)
(0.052 -0.0138276 -0.0144499)
(0.054 -0.0138276 -0.0144499)
(0.056 -0.0138276 -0.0144499)
(0.058 -0.0138276 -0.0144499)
(0.06 -0.0138276 -0.0144499)
(0.062 -0.0138276 -0.0144499)
(0.064 -0.0138276 -0.0144499)
(0.04 -0.0150445 -0.0117875)
(0.042 -0.0150445 -0.0117875)
(0.044 -0.0150445 -0.0117875)
(0.046 -0.0150445 -0.0117875)
(0.048 -0.0150445 -0.0117875)
(0.05 -0.0150445 -0.0117875)
(0.052 -0.0150445 -0.0117875)
(0.054 -0.0150445 -0.0117875)
(0.056 -0.0150445 -0.0117875)
(0.058 -0.0150445 -0.0117875)
(0.06 -0.0150445 -0.0117875)
(0.062 -0.0150445 -0.0117875)
(0.064 -0.0150445 -0.0117875)
(0.04 -0.0159674 -0.008915)
(0.042 -0.0159674 -0.008915)
(0.044 -0.0159674 -0.008915)
(0.046 -0.0159674 -0.008915)
(0.048 -0.0159674 -0.008915)
(0.05 -0.0159674 -0.008915)
(0.052 -0.0159674 -0.008915)
(0.054 -0.0159674 -0.008915)
(0.056 -0.0159674 -0.008915)
(0.058 -0.0159674 -0.008915)
(0.06 -0.0159674 -0.008915)
(0.062 -0.0159674 -0.008915)
(0.064 -0.0159674 -0.008915)
(0.04 -0.0165765 -0.00588406)
(0.042 -0.0165765 -0.00588406)
(0.044 -0.0165765 -0.00588406)
(0.046 -0.0165765 -0.00588406)
(0.048 -0.0165765 -0.00588406)
(0.05 -0.0165765 -0.00588406)
(0.052 -0.0165765 -0.00588406)
(0.054 -0.0165765 -0.00588406)
(0.056 -0.0165765 -0.00588406)
(0.058 -0.0165765 -0.00588406)
(0.06 -0.0165765 -0.00588406)
(0.062 -0.0165765 -0.00588406)
(0.064 -0.0165765 -0.00588406)
(0.04 -0.0168586 -0.00274948)
(0.042 -0.0168586 -0.00274948)
(0.044 -0.0168586 -0.00274948)
(0.046 -0.0168586 -0.00274948)
(0.048 -0.0168586 -0.00274948)
(0.05 -0.0168586 -0.00274948)
(0.052 -0.0168586 -0.00274948)
(0.054 -0.0168586 -0.00274948)
(0.056 -0.0168586 -0.00274948)
(0.058 -0.0168586 -0.00274948)
(0.06 -0.0168586 -0.00274948)
(0.062 -0.0168586 -0.00274948)
(0.064 -0.0168586 -0.00274948)
(0.04 -0.0168071 0.000431784)
(0.042 -0.0168071 0.000431784)
(0.044 -0.0168071 0.000431784)
(0.046 -0.0168071 0.000431784)
(0.048 -0.0168071 0.000431784)
(0.05 -0.0168071 0.000431784)
(0.052 -0.0168071 0.000431784)
(0.054 -0.0168071 0.000431784)
(0.056 -0.0168071 0.000431784)
(0.058 -0.0168071 0.000431784)
(0.06 -0.0168071 0.000431784)
(0.062 -0.0168071 0.000431784)
(0.064 -0.0168071 0.000431784)
(0.04 -0.0164223 0.00360184)
(0.042 -0.0164223 0.00360184)
(0.044 -0.0164223 0.00360184)
(0.046 -0.0164223 0.00360184)
(0.048 -0.0164223 0.00360184)
(0.05 -0.0164223 0.00360184)
(0.052 -0.0164223 0.00360184)
(0.054 -0.0164223 0.00360184)
(0.056 -0.0164223 0.00360184)
(0.058 -0.0164223 0.00360184)
(0.06 -0.0164223 0.00360184)
(0.062 -0.0164223 0.00360184)
(0.064 -0.0164223 0.00360184)
(0.04 -0.0157111 0.00670303)
(0.042 -0.0157111 0.00670303)
(0.044 -0.0157111 0.00670303)
(0.046 -0.0157111 0.00670303)
(0.048 -0.0157111 0.00670303)
(0.05 -0.0157111 0.00670303)
(0.052 -0.0157111 0.00670303)
(0.054 -0.0157111 0.00670303)
(0.056 -0.0157111 0.00670303)
(0.058 -0.0157111 0.00670303)
(0.06 -0.0157111 0.00670303)
(0.062 -0.0157111 0.00670303)
(0.064 -0.0157111 0.00670303)
(0.04 -0.0146873 0.00967908)
(0.042 -0.0146873 0.00967908)
(0.044 -0.0146873 0.00967908)
(0.046 -0.0146873 0.00967908)
(0.048 -0.0146873 0.00967908)
(0.05 -0.0146873 0.00967908)
(0.052 -0.0146873 0.00967908)
(0.054 -0.0146873 0.00967908)
(0.056 -0.0146873 0.00967908)
(0.058 -0.0146873 0.00967908)
(0.06 -0.0146873 0.00967908)
(0.062 -0.0146873 0.00967908)
(0.064 -0.0146873 0.00967908)
(0.04 -0.0133707 0.0124763)
(0.042 -0.0133707 0.0124763)
(0.044 -0.0133707 0.0124763)
(0.046 -0.0133707 0.0124763)
(0.048 -0.0133707 0.0124763)
(0.05 -0.0133707 0.0124763)
(0.052 -0.0133707 0.0124763)
(0.054 -0.0133707 0.0124763)
(0.056 -0.0133707 0.0124763)
(0.058 -0.0133707 0.0124763)
(0.06 -0.0133707 0.0124763)
(0.062 -0.0133707 0.0124763)
(0.04 -0.0117875 0.0150445)
(0.042 -0.0117875 0.0150445)
(0.044 -0.0117875 0.0150445)
(0.046 -0.0117875 0.0150445)
(0.048 -0.0117875 0.0150445)
(0.05 -0.0117875 0.0150445)
(0.052 -0.0117875 0.0150445)
(0.054 -0.0117875 0.0150445)
(0.056 -0.0117875 0.0150445)
(0.058 -0.0117875 0.0150445)
(0.06 -0.0117875 0.0150445)
(0.062 -0.0117875 0.0150445)
(0.04 -0.00996886 0.0173384)
(0.042 -0.00996886 0.0173384)
(0.044 -0.00996886 0.0173384)
(0.046 -0.00996886 0.0173384)
(0.048 -0.00996886 0.0173384)
(0.05 -0.00996886 0.0173384)
(0.052 -0.00996886 0.0173384)
(0.054 -0.00996886 0.0173384)
(0.056 -0.00996886 0.0173384)
(0.058 -0.00996886 0.0173384)
(0.06 -0.00996886 0.0173384)
(0.062 -0.00996886 0.0173384)
(0.04 -0.0157432 -0.0123349)
(0.042 -0.0157432 -0.0123349)
(0.044 -0.0157432 -0.0123349)
(0.046 -0.0157432 -0.0123349)
(0.048 -0.0157432 -0.0123349)
(0.05 -0.0157432 -0.0123349)
(0.052 -0.0157432 -0.0123349)
(0.054 -0.0157432 -0.0123349)
(0.056 -0.0157432 -0.0123349)
(0.058 -0.0157432 -0.0123349)
(0.06 -0.0157432 -0.0123349)
(0.062 -0.0157432 -0.0123349)
(0.064 -0.0157432 -0.0123349)
(0.04 -0.0173384 -0.00996886)
(0.042 -0.0173384 -0.00996886)
(0.044 -0.0173384 -0.00996886)
(0.046 -0.0173384 -0.00996886)
(0.048 -0.0173384 -0.00996886)
(0.05 -0.0173384 -0.00996886)
(0.052 -0.0173384 -0.00996886)
(0.054 -0.0173384 -0.00996886)
(0.056 -0.0173384 -0.00996886)
(0.058 -0.0173384 -0.00996886)
(0.06 -0.0173384 -0.00996886)
(0.062 -0.0173384 -0.00996886)
(0.064 -0.0173384 -0.00996886)
(0.04 -0.0185807 -0.00739988)
(0.042 -0.0185807 -0.00739988)
(0.044 -0.0185807 -0.00739988)
(0.046 -0.0185807 -0.00739988)
(0.048 -0.0185807 -0.00739988)
(0.05 -0.0185807 -0.00739988)
(0.052 -0.0185807 -0.00739988)
(0.054 -0.0185807 -0.00739988)
(0.056 -0.0185807 -0.00739988)
(0.058 -0.0185807 -0.00739988)
(0.06 -0.0185807 -0.00739988)
(0.062 -0.0185807 -0.00739988)
(0.064 -0.0185807 -0.00739988)
(0.04 -0.0194447 -0.00468025)
(0.042 -0.0194447 -0.00468025)
(0.044 -0.0194447 -0.00468025)
(0.046 -0.0194447 -0.00468025)
(0.048 -0.0194447 -0.00468025)
(0.05 -0.0194447 -0.00468025)
(0.052 -0.0194447 -0.00468025)
(0.054 -0.0194447 -0.00468025)
(0.056 -0.0194447 -0.00468025)
(0.058 -0.0194447 -0.00468025)
(0.06 -0.0194447 -0.00468025)
(0.062 -0.0194447 -0.00468025)
(0.064 -0.0194447 -0.00468025)
(0.04 -0.0199128 -0.00186535)
(0.042 -0.0199128 -0.00186535)
(0.044 -0.0199128 -0.00186535)
(0.046 -0.0199128 -0.00186535)
(0.048 -0.0199128 -0.00186535)
(0.05 -0.0199128 -0.00186535)
(0.052 -0.0199128 -0.00186535)
(0.054 -0.0199128 -0.00186535)
(0.056 -0.0199128 -0.00186535)
(0.058 -0.0199128 -0.00186535)
(0.06 -0.0199128 -0.00186535)
(0.062 -0.0199128 -0.00186535)
(0.064 -0.0199128 -0.00186535)
(0.04 -0.0199756 0.000987528)
(0.042 -0.0199756 0.000987528)
(0.044 -0.0199756 0.000987528)
(0.046 -0.0199756 0.000987528)
(0.048 -0.0199756 0.000987528)
(0.05 -0.0199756 0.000987528)
(0.052 -0.0199756 0.000987528)
(0.054 -0.0199756 0.000987528)
(0.056 -0.0199756 0.000987528)
(0.058 -0.0199756 0.000987528)
(0.06 -0.0199756 0.000987528)
(0.062 -0.0199756 0.000987528)
(0.064 -0.0199756 0.000987528)
(0.04 -0.0196317 0.0038203)
(0.042 -0.0196317 0.0038203)
(0.044 -0.0196317 0.0038203)
(0.046 -0.0196317 0.0038203)
(0.048 -0.0196317 0.0038203)
(0.05 -0.0196317 0.0038203)
(0.052 -0.0196317 0.0038203)
(0.054 -0.0196317 0.0038203)
(0.056 -0.0196317 0.0038203)
(0.058 -0.0196317 0.0038203)
(0.06 -0.0196317 0.0038203)
(0.062 -0.0196317 0.0038203)
(0.064 -0.0196317 0.0038203)
(0.04 -0.0188882 0.0065753)
(0.042 -0.0188882 0.0065753)
(0.044 -0.0188882 0.0065753)
(0.046 -0.0188882 0.0065753)
(0.048 -0.0188882 0.0065753)
(0.05 -0.0188882 0.0065753)
(0.052 -0.0188882 0.0065753)
(0.054 -0.0188882 0.0065753)
(0.056 -0.0188882 0.0065753)
(0.058 -0.0188882 0.0065753)
(0.06 -0.0188882 0.0065753)
(0.062 -0.0188882 0.0065753)
(0.064 -0.0188882 0.0065753)
(0.04 -0.0177602 0.00919645)
(0.042 -0.0177602 0.00919645)
(0.044 -0.0177602 0.00919645)
(0.046 -0.0177602 0.00919645)
(0.048 -0.0177602 0.00919645)
(0.05 -0.0177602 0.00919645)
(0.052 -0.0177602 0.00919645)
(0.054 -0.0177602 0.00919645)
(0.056 -0.0177602 0.00919645)
(0.058 -0.0177602 0.00919645)
(0.06 -0.0177602 0.00919645)
(0.062 -0.0177602 0.00919645)
(0.064 -0.0177602 0.00919645)
(0.04 -0.0162706 0.0116304)
(0.042 -0.0162706 0.0116304)
(0.044 -0.0162706 0.0116304)
(0.046 -0.0162706 0.0116304)
(0.048 -0.0162706 0.0116304)
(0.05 -0.0162706 0.0116304)
(0.052 -0.0162706 0.0116304)
(0.054 -0.0162706 0.0116304)
(0.056 -0.0162706 0.0116304)
(0.058 -0.0162706 0.0116304)
(0.06 -0.0162706 0.0116304)
(0.062 -0.0162706 0.0116304)
(0.04 -0.0144499 0.0138276)
(0.042 -0.0144499 0.0138276)
(0.044 -0.0144499 0.0138276)
(0.046 -0.0144499 0.0138276)
(0.048 -0.0144499 0.0138276)
(0.05 -0.0144499 0.0138276)
(0.052 -0.0144499 0.0138276)
(0.054 -0.0144499 0.0138276)
(0.056 -0.0144499 0.0138276)
(0.058 -0.0144499 0.0138276)
(0.06 -0.0144499 0.0138276)
(0.062 -0.0144499 0.0138276)
(0.04 -0.0123349 0.0157432)
(0.042 -0.0123349 0.0157432)
(0.044 -0.0123349 0.0157432)
(0.046 -0.0123349 0.0157432)
(0.048 -0.0123349 0.0157432)
(0.05 -0.0123349 0.0157432)
(0.052 -0.0123349 0.0157432)
(0.054 -0.0123349 0.0157432)
(0.056 -0.0123349 0.0157432)
(0.058 -0.0123349 0.0157432)
(0.06 -0.0123349 0.0157432)
(0.062 -0.0123349 0.0157432)
)


// ************************************************************************* //
