/*--------------------------------*- C++ -*----------------------------------*\
| =========                 |                                                 |
| \\      /  F ield         | OpenFOAM: The Open Source CFD Toolbox           |
|  \\    /   O peration     | Version:  2212                                  |
|   \\  /    A nd           | Website:  www.openfoam.com                      |
|    \\/     M anipulation  |                                                 |
\*---------------------------------------------------------------------------*/
FoamFile
{
    version     2.0;
    format      ascii;
    arch        "LSB;label=32;scalar=64";
    class       surfaceVectorField;
    location    "1.85";
    object      Uf;
}
// * * * * * * * * * * * * * * * * * * * * * * * * * * * * * * * * * * * * * //

dimensions      [0 1 -1 0 0 0 0];

internalField   nonuniform List<vector> 
1826
(
(0.0244411 -1.02688e-05 4.18552e-05)
(0.0312268 -0.000115639 6.60564e-05)
(0.030185 1.79395e-05 4.06659e-05)
(0.0241681 -9.82927e-06 4.07644e-05)
(0.0308902 -0.000106564 6.18178e-05)
(0.0298639 1.34439e-05 3.91338e-05)
(0.0238997 -8.25644e-06 4.15482e-05)
(0.0305608 -0.000101113 6.25068e-05)
(0.0295499 1.2126e-05 4.01284e-05)
(0.0236359 -6.40218e-06 4.30534e-05)
(0.0302393 -9.66989e-05 6.51492e-05)
(0.0292462 1.31983e-05 4.21332e-05)
(0.0233738 -5.08762e-06 4.44699e-05)
(0.0299172 -9.33273e-05 6.77292e-05)
(0.0289428 1.39182e-05 4.47274e-05)
(0.0296008 -9.05243e-05 6.89359e-05)
(0.0286449 1.43244e-05 4.71823e-05)
(0.0409849 -0.000240202 7.67099e-05)
(0.0482325 -0.00041857 1.54184e-05)
(0.0545286 -0.000184631 9.2193e-05)
(0.0405682 -0.000225601 7.65689e-05)
(0.0477363 -0.000386803 1.80765e-05)
(0.0540923 -0.000182568 9.19269e-05)
(0.0401547 -0.000215887 7.97959e-05)
(0.0472521 -0.000367459 2.53324e-05)
(0.0536587 -0.00018267 9.50817e-05)
(0.0397469 -0.000208245 8.34342e-05)
(0.0467793 -0.000351831 3.15395e-05)
(0.0532361 -0.00018104 9.94221e-05)
(0.0393432 -0.000201895 8.54907e-05)
(0.0463043 -0.000339179 3.63592e-05)
(0.0528022 -0.000180566 0.000104468)
(0.045844 -0.000327544 3.75123e-05)
(0.0523813 -0.000181593 0.0001091)
(0.0566936 -0.000590757 -7.53016e-05)
(0.0614707 -0.000795166 -0.000174407)
(0.0727871 -0.000653538 -4.79672e-05)
(0.0561198 -0.000552673 -6.26397e-05)
(0.0608116 -0.00075969 -0.000156531)
(0.0723678 -0.000623466 -3.97003e-05)
(0.0555561 -0.000527416 -4.92105e-05)
(0.0601777 -0.000731873 -0.000140061)
(0.0719511 -0.000605982 -2.71185e-05)
(0.0550021 -0.000507637 -3.83575e-05)
(0.0595535 -0.000709237 -0.000125056)
(0.0715353 -0.000588893 -1.62295e-05)
(0.0544555 -0.000490526 -3.146e-05)
(0.058941 -0.000688751 -0.000114039)
(0.0711125 -0.000577544 -5.99545e-06)
(0.0583438 -0.0006702 -0.000107453)
(0.0706954 -0.000568327 2.19499e-06)
(0.0662002 -0.00100426 -0.000244929)
(0.069027 -0.00111416 -0.00030708)
(0.0824344 -0.00105072 -0.000239264)
(0.0654757 -0.000976377 -0.000228358)
(0.0682675 -0.00108381 -0.000297263)
(0.0819741 -0.00102568 -0.000224162)
(0.0647695 -0.000949312 -0.000213009)
(0.067531 -0.00105334 -0.000284844)
(0.0815241 -0.00100333 -0.000208361)
(0.0640811 -0.000923579 -0.000200996)
(0.0668073 -0.00102332 -0.000273432)
(0.0810741 -0.00098383 -0.000194173)
(0.0634078 -0.00089985 -0.000192393)
(0.0661038 -0.000994019 -0.000265402)
(0.0806361 -0.000968194 -0.000182082)
(0.0654123 -0.000968912 -0.00025717)
(0.0801985 -0.000952006 -0.000171941)
(0.0712711 -0.00120922 -0.000345217)
(0.071845 -0.00121242 -0.000363356)
(0.0870658 -0.00127341 -0.000313171)
(0.0704987 -0.00117704 -0.000337945)
(0.0710899 -0.00117949 -0.000357048)
(0.0866009 -0.00125051 -0.000303949)
(0.0697425 -0.00114424 -0.000327888)
(0.0703491 -0.00114526 -0.000346027)
(0.08614 -0.00122701 -0.00029295)
(0.0690021 -0.0011118 -0.000317601)
(0.0696302 -0.00111061 -0.000333146)
(0.0856867 -0.00120217 -0.000281537)
(0.0682768 -0.00108142 -0.000308797)
(0.0689252 -0.00107739 -0.000321741)
(0.0852359 -0.0011761 -0.000271102)
(0.0682377 -0.0010457 -0.000314749)
(0.0847922 -0.0011536 -0.000262506)
(0.0716692 -0.00118404 -0.000370752)
(0.0701903 -0.00109378 -0.000374487)
(0.0873642 -0.00125563 -0.00031258)
(0.0709475 -0.00114885 -0.000361162)
(0.0695088 -0.00105992 -0.000364271)
(0.0869451 -0.00122676 -0.00030318)
(0.0702429 -0.00111164 -0.000350434)
(0.068842 -0.00102122 -0.000354196)
(0.086534 -0.00120017 -0.000294564)
(0.0695575 -0.00107476 -0.000340494)
(0.0682003 -0.000979025 -0.000346605)
(0.0861305 -0.00117518 -0.000286315)
(0.0688912 -0.00103944 -0.000333042)
(0.0675665 -0.000937452 -0.000340704)
(0.0857339 -0.0011508 -0.000279105)
(0.0669574 -0.000898606 -0.000336524)
(0.0853456 -0.00112571 -0.000274689)
(0.0680714 -0.00097135 -0.000370945)
(0.0647922 -0.000792071 -0.000340316)
(0.0841998 -0.00103143 -0.000307251)
(0.0674465 -0.000933288 -0.000363357)
(0.0642193 -0.000759105 -0.000330498)
(0.0838491 -0.00100094 -0.000303107)
(0.0668377 -0.000889171 -0.000358598)
(0.0636475 -0.000706804 -0.000319916)
(0.0835061 -0.000971922 -0.000302952)
(0.066245 -0.000842417 -0.000354841)
(0.0631111 -0.00064635 -0.000307448)
(0.0831731 -0.000938407 -0.000302864)
(0.0656678 -0.000797667 -0.000351103)
(0.0625707 -0.000598362 -0.000297759)
(0.0828399 -0.000905647 -0.000302662)
(0.0620612 -0.000562246 -0.000289628)
(0.0825162 -0.000875925 -0.000302843)
(0.061183 -0.000591397 -0.000316295)
(0.0562741 -0.000412035 -0.000248256)
(0.0781306 -0.000650444 -0.000300305)
(0.0606593 -0.000545252 -0.000297339)
(0.0557986 -0.000391463 -0.000242023)
(0.0778352 -0.000629358 -0.00030193)
(0.0601534 -0.000478516 -0.00027047)
(0.0553097 -0.000358662 -0.000228372)
(0.077534 -0.000594479 -0.000297526)
(0.0596673 -0.000418007 -0.000246894)
(0.0548533 -0.000321777 -0.000211618)
(0.0772471 -0.000555087 -0.000291544)
(0.0591917 -0.000378783 -0.000230526)
(0.0543824 -0.000296917 -0.000199044)
(0.0769521 -0.000529811 -0.000291089)
(0.0539379 -0.000281542 -0.000186652)
(0.0766693 -0.000514553 -0.000292245)
(0.0515132 -0.000235072 -0.000197722)
(0.0444461 -0.000148029 -0.000147669)
(0.0686032 -0.000298076 -0.000297382)
(0.0510669 -0.000225494 -0.000191984)
(0.0440397 -0.000141335 -0.000140042)
(0.0682826 -0.000290079 -0.000297164)
(0.0506234 -0.000218675 -0.000186647)
(0.0436245 -0.000137323 -0.000132268)
(0.0679429 -0.000289 -0.000303184)
(0.0501825 -0.000213842 -0.000180076)
(0.0432304 -0.00013517 -0.000122627)
(0.0676133 -0.000290394 -0.000308725)
(0.0497419 -0.00021051 -0.000172099)
(0.0428266 -0.000134481 -0.000114212)
(0.0672588 -0.000292842 -0.000312409)
(0.0424375 -0.000134706 -0.000106449)
(0.066914 -0.000296901 -0.000315132)
(0.0383989 -6.2011e-05 -2.08194e-05)
(0.0301844 -4.30981e-05 2.0737e-05)
(0.0530718 -8.64139e-05 -0.000117441)
(0.0380187 -6.13002e-05 -2.14363e-05)
(0.0298664 -4.23346e-05 1.64373e-05)
(0.0526658 -8.63663e-05 -0.000123124)
(0.0376465 -6.22828e-05 -1.84533e-05)
(0.0295495 -4.3177e-05 1.54343e-05)
(0.0522467 -8.85708e-05 -0.000124833)
(0.0372821 -6.44415e-05 -1.4109e-05)
(0.0292453 -4.53871e-05 1.61355e-05)
(0.051849 -9.33316e-05 -0.000124743)
(0.0369235 -6.72768e-05 -1.05068e-05)
(0.0289404 -4.78519e-05 1.69429e-05)
(0.0514393 -9.87297e-05 -0.000123982)
(0.0286414 -5.01162e-05 1.69849e-05)
(0.0510424 -0.000105238 -0.000125301)
(0.0244434 -4.46753e-05 -8.62016e-06)
(0.0312278 -6.95567e-05 -0.000114628)
(0.0241691 -4.39365e-05 -8.01485e-06)
(0.0308944 -6.64009e-05 -0.000105889)
(0.023901 -4.47581e-05 -6.40418e-06)
(0.0305622 -6.71827e-05 -9.99092e-05)
(0.0236359 -4.62742e-05 -4.64824e-06)
(0.0302407 -6.99385e-05 -9.56872e-05)
(0.0233733 -4.75125e-05 -3.40919e-06)
(0.0299177 -7.241e-05 -9.21845e-05)
(0.0296009 -7.31505e-05 -8.93163e-05)
(0.0383984 -2.47155e-05 5.89586e-05)
(0.0530767 -0.000121178 8.22841e-05)
(0.0444494 -0.000151756 0.00014481)
(0.0380198 -2.54691e-05 5.79353e-05)
(0.052662 -0.000125944 8.05833e-05)
(0.044037 -0.000143666 0.000137385)
(0.0376484 -2.22969e-05 5.88911e-05)
(0.0522499 -0.000129144 8.3806e-05)
(0.0436292 -0.000135272 0.000133438)
(0.0372868 -1.78196e-05 6.09916e-05)
(0.0518521 -0.00012809 8.76462e-05)
(0.0432355 -0.000124872 0.000131167)
(0.0369297 -1.42223e-05 6.40254e-05)
(0.0514442 -0.00012778 9.31857e-05)
(0.0428344 -0.000117262 0.000131013)
(0.0510491 -0.000128439 9.97857e-05)
(0.0424479 -0.000109211 0.000131334)
(0.0710828 -0.000270337 0.000135661)
(0.0805851 -0.000552156 0.000108793)
(0.0792376 -0.000406166 0.000263464)
(0.0706338 -0.000277577 0.00013773)
(0.0802389 -0.000548834 0.000111365)
(0.0789085 -0.000410151 0.000259754)
(0.0701829 -0.00028102 0.000141048)
(0.0798842 -0.00054654 0.000114495)
(0.0785735 -0.000415708 0.000262666)
(0.069731 -0.000282723 0.000146218)
(0.0795297 -0.000539366 0.000118208)
(0.078236 -0.000418777 0.000266313)
(0.0692751 -0.000285546 0.00015367)
(0.0791572 -0.000536364 0.000124434)
(0.0778795 -0.000423563 0.000273938)
(0.0787882 -0.000535617 0.000131772)
(0.077525 -0.000429397 0.000284797)
(0.0912295 -0.000819949 -1.87143e-06)
(0.0956784 -0.00100005 -0.000126191)
(0.098154 -0.00093076 0.00014732)
(0.0909987 -0.000808079 5.72968e-06)
(0.0954946 -0.000981803 -0.000116754)
(0.0980968 -0.0009225 0.000151684)
(0.090753 -0.000797988 1.53895e-05)
(0.095295 -0.000972078 -0.000102752)
(0.0980262 -0.000920604 0.000159988)
(0.0904947 -0.000788677 2.55439e-05)
(0.0950854 -0.000959385 -8.92532e-05)
(0.0979366 -0.000915374 0.000166958)
(0.0902217 -0.000785323 3.74311e-05)
(0.0948665 -0.000954806 -7.47158e-05)
(0.0978427 -0.000918315 0.00017781)
(0.0946366 -0.000949351 -5.97227e-05)
(0.0977297 -0.00092346 0.000190267)
(0.100376 -0.00119401 -0.000224769)
(0.102311 -0.00131159 -0.000259898)
(0.106711 -0.00126871 -0.000127102)
(0.100226 -0.00117653 -0.000210689)
(0.102183 -0.00129548 -0.000246883)
(0.106744 -0.0012558 -0.000117031)
(0.100069 -0.00116215 -0.00019607)
(0.102045 -0.00128211 -0.00023299)
(0.106765 -0.00124735 -0.000105054)
(0.0999028 -0.00115225 -0.000181541)
(0.1019 -0.00126745 -0.000221221)
(0.10678 -0.00124313 -9.11267e-05)
(0.0997291 -0.00114335 -0.000167442)
(0.101748 -0.00125461 -0.000208739)
(0.106787 -0.00124601 -7.51891e-05)
(0.10159 -0.00124049 -0.000197043)
(0.106788 -0.00124242 -6.02799e-05)
(0.104222 -0.00141852 -0.000284824)
(0.104343 -0.00141065 -0.000279316)
(0.110341 -0.00145798 -0.000237954)
(0.104104 -0.00140677 -0.000271792)
(0.10425 -0.0013935 -0.000267612)
(0.110399 -0.00145067 -0.000226487)
(0.10398 -0.00139369 -0.000259559)
(0.104153 -0.00138145 -0.000259035)
(0.110452 -0.00144324 -0.000215755)
(0.103849 -0.0013767 -0.00024804)
(0.104048 -0.00137032 -0.000250368)
(0.110499 -0.00143281 -0.000205747)
(0.103713 -0.00135858 -0.000237615)
(0.103937 -0.00135547 -0.000241746)
(0.110543 -0.0014208 -0.000195616)
(0.103823 -0.00134036 -0.000236528)
(0.110586 -0.0014101 -0.000185914)
(0.104373 -0.00138559 -0.000261152)
(0.103127 -0.00127069 -0.000261747)
(0.110641 -0.00141628 -0.000285798)
(0.1043 -0.00136827 -0.000253402)
(0.103074 -0.00124699 -0.000257473)
(0.11073 -0.00139926 -0.000277407)
(0.104222 -0.00135822 -0.000248392)
(0.10302 -0.0012347 -0.000257689)
(0.110817 -0.00138917 -0.000272292)
(0.104138 -0.00134897 -0.000243659)
(0.102957 -0.0012215 -0.000257361)
(0.110899 -0.00138315 -0.000268636)
(0.104049 -0.00133728 -0.000240031)
(0.102893 -0.00120794 -0.000257921)
(0.11098 -0.00137727 -0.000266065)
(0.10282 -0.00119407 -0.000258787)
(0.111059 -0.00136485 -0.000263312)
(0.101849 -0.00113402 -0.000259058)
(0.0994109 -0.000946419 -0.000279058)
(0.108537 -0.00116534 -0.000354024)
(0.101815 -0.00111512 -0.000263622)
(0.0993712 -0.000928359 -0.000288922)
(0.108652 -0.00114579 -0.000357802)
(0.101777 -0.00109955 -0.000269219)
(0.0993318 -0.000916102 -0.00029942)
(0.108768 -0.00113431 -0.000364443)
(0.101733 -0.00108228 -0.000273375)
(0.0992785 -0.000902073 -0.000307981)
(0.108877 -0.00112037 -0.000369186)
(0.101682 -0.00106672 -0.000277765)
(0.0992207 -0.000891864 -0.000316853)
(0.108989 -0.00110739 -0.000374269)
(0.0991511 -0.000884225 -0.00032799)
(0.109093 -0.00109341 -0.000379512)
(0.0970603 -0.000750071 -0.000313252)
(0.092543 -0.000577345 -0.000370857)
(0.104354 -0.000777488 -0.000493683)
(0.0970163 -0.000738341 -0.00032948)
(0.0924271 -0.000567085 -0.00038246)
(0.104453 -0.000764511 -0.000507065)
(0.0969621 -0.000727178 -0.000344828)
(0.092299 -0.000562039 -0.000400728)
(0.104555 -0.000749699 -0.000517704)
(0.0968954 -0.00071948 -0.000360804)
(0.0921593 -0.000560034 -0.000420831)
(0.104642 -0.000736781 -0.00052948)
(0.096817 -0.000716569 -0.000377915)
(0.092 -0.000561975 -0.000439922)
(0.104727 -0.000733567 -0.000548432)
(0.0918335 -0.000568509 -0.000459107)
(0.104799 -0.000733655 -0.000567875)
(0.0883241 -0.000409673 -0.000445747)
(0.0792255 -0.000269273 -0.000403052)
(0.0966052 -0.000408055 -0.000700742)
(0.0881306 -0.000406002 -0.000455351)
(0.0789059 -0.000266569 -0.000407177)
(0.0965684 -0.000403538 -0.000705914)
(0.0879235 -0.000409878 -0.000471139)
(0.078562 -0.000268199 -0.00041135)
(0.0965179 -0.000404614 -0.000716514)
(0.0877004 -0.000417269 -0.000487206)
(0.0782285 -0.000273759 -0.00041543)
(0.0964516 -0.000409107 -0.000728032)
(0.0874585 -0.000428314 -0.000503578)
(0.0778672 -0.000280964 -0.000419233)
(0.0963706 -0.000417366 -0.000741838)
(0.0775132 -0.00029174 -0.000426255)
(0.0962773 -0.000430168 -0.000757554)
(0.0710833 -0.000142101 -0.000267049)
(0.054526 -9.70158e-05 -0.000181977)
(0.080582 -0.000114513 -0.000548461)
(0.0706327 -0.000144522 -0.000273838)
(0.0540984 -9.8418e-05 -0.000181135)
(0.080243 -0.000119085 -0.000549012)
(0.0701807 -0.000148188 -0.000276871)
(0.0536581 -0.000101372 -0.000179444)
(0.0798815 -0.000121751 -0.000542918)
(0.069727 -0.000153999 -0.000278842)
(0.0532362 -0.000106511 -0.00017887)
(0.079529 -0.00012671 -0.000537689)
(0.0692702 -0.000161468 -0.000281933)
(0.0528012 -0.0001114 -0.000177873)
(0.0791553 -0.000132462 -0.000533612)
(0.0523795 -0.000115574 -0.000178944)
(0.0787856 -0.000139508 -0.000533566)
(0.04099 -8.18386e-05 -0.000239754)
(0.0482317 -1.94744e-05 -0.000417877)
(0.0405711 -8.27831e-05 -0.000225319)
(0.0477453 -2.41369e-05 -0.000386915)
(0.0401579 -8.62767e-05 -0.000215311)
(0.047255 -3.13363e-05 -0.000366668)
(0.0397486 -8.99353e-05 -0.000207631)
(0.0467835 -3.7999e-05 -0.000351378)
(0.0393447 -9.14552e-05 -0.000200829)
(0.0463082 -4.23936e-05 -0.000338063)
(0.0458485 -4.27054e-05 -0.000325754)
(0.051513 -0.000201659 0.000230842)
(0.0686133 -0.000301128 0.000294021)
(0.0562903 -0.000252129 0.000406546)
(0.05107 -0.000194357 0.000220882)
(0.0682865 -0.000299995 0.000284608)
(0.0558013 -0.00024437 0.00038692)
(0.0506298 -0.000188168 0.000214096)
(0.067956 -0.000306438 0.000284202)
(0.0553285 -0.000229245 0.000354537)
(0.0501923 -0.000182114 0.000209841)
(0.0676233 -0.000310996 0.000284783)
(0.0548646 -0.000212848 0.000317895)
(0.0497537 -0.000174112 0.000206895)
(0.0672745 -0.000315789 0.000288275)
(0.0544044 -0.000201187 0.000293748)
(0.0669302 -0.000317632 0.000291916)
(0.0539587 -0.000186367 0.000278201)
(0.0883379 -0.000447725 0.000403479)
(0.0966174 -0.000701916 0.000401617)
(0.0925551 -0.000372683 0.000573597)
(0.0881466 -0.000459389 0.000400561)
(0.0965796 -0.000707535 0.0003972)
(0.0924406 -0.00038368 0.000560332)
(0.0879401 -0.000475519 0.000404175)
(0.0965315 -0.000719942 0.000399416)
(0.0923141 -0.000404464 0.00055649)
(0.0877181 -0.000490791 0.000410658)
(0.0964613 -0.000730103 0.000402498)
(0.0921737 -0.000423378 0.000552899)
(0.0874775 -0.00050768 0.000422281)
(0.0963856 -0.000744604 0.000411348)
(0.0920184 -0.000444002 0.000557786)
(0.0962891 -0.000760568 0.000424583)
(0.0918499 -0.000460621 0.000560179)
(0.10584 -0.000952268 0.000323401)
(0.109532 -0.00108228 0.000151845)
(0.108932 -0.000801409 0.000512777)
(0.10596 -0.000960389 0.000328044)
(0.109706 -0.00108448 0.000158571)
(0.109124 -0.000812304 0.000509529)
(0.106068 -0.000968265 0.000333215)
(0.109871 -0.00109005 0.000167904)
(0.109308 -0.000824284 0.000506059)
(0.106162 -0.00097844 0.000340629)
(0.110021 -0.00109826 0.00017704)
(0.109479 -0.000834905 0.000504755)
(0.106245 -0.000992335 0.000351947)
(0.110167 -0.00111249 0.000190632)
(0.109649 -0.0008519 0.000510238)
(0.110298 -0.00112345 0.000206206)
(0.109804 -0.000870146 0.000517492)
(0.113693 -0.00123826 3.283e-06)
(0.115216 -0.0013177 -7.67965e-05)
(0.11643 -0.00104508 0.000165913)
(0.113912 -0.00123568 1.0871e-05)
(0.11545 -0.00131416 -6.99752e-05)
(0.11672 -0.00104618 0.000169083)
(0.114125 -0.00124022 2.17314e-05)
(0.115677 -0.00131286 -6.19197e-05)
(0.117004 -0.00105042 0.00017368)
(0.114329 -0.0012523 3.67693e-05)
(0.115901 -0.00131478 -5.05798e-05)
(0.117285 -0.00106088 0.000181596)
(0.114526 -0.00126283 5.34494e-05)
(0.116119 -0.00132023 -3.62721e-05)
(0.117559 -0.00107794 0.000194557)
(0.116335 -0.00132136 -2.30326e-05)
(0.117831 -0.00108733 0.000205971)
(0.117045 -0.00139637 -0.000155051)
(0.117152 -0.00137082 -0.000221609)
(0.119744 -0.00116993 -5.18433e-05)
(0.117287 -0.0013947 -0.000146245)
(0.117406 -0.00136527 -0.000213792)
(0.12006 -0.00117002 -4.62411e-05)
(0.117526 -0.00139053 -0.00013795)
(0.117657 -0.00136057 -0.000208028)
(0.120371 -0.00117103 -4.12683e-05)
(0.117764 -0.00138474 -0.000129282)
(0.117906 -0.00135533 -0.000203362)
(0.120682 -0.00117032 -3.59751e-05)
(0.118002 -0.00137999 -0.000119766)
(0.118154 -0.00135149 -0.00019899)
(0.120993 -0.00117183 -2.89344e-05)
(0.118405 -0.00134251 -0.00019231)
(0.121305 -0.0011709 -2.14703e-05)
(0.117516 -0.00134049 -0.000277562)
(0.116576 -0.00122217 -0.000352795)
(0.120367 -0.00110741 -0.000249511)
(0.117778 -0.00133206 -0.00027219)
(0.116846 -0.00121091 -0.000352232)
(0.120696 -0.00110059 -0.000245797)
(0.118039 -0.00132675 -0.000268646)
(0.117116 -0.00120326 -0.000352681)
(0.121024 -0.00109729 -0.000243464)
(0.1183 -0.00132385 -0.000267138)
(0.117384 -0.00119741 -0.000353684)
(0.121351 -0.00109653 -0.000242601)
(0.118561 -0.00131594 -0.000265088)
(0.117654 -0.00119128 -0.000356117)
(0.121681 -0.00109766 -0.000243199)
(0.117925 -0.00117752 -0.000356819)
(0.122011 -0.00109007 -0.000241077)
(0.115917 -0.00109353 -0.000429479)
(0.114016 -0.000906864 -0.000546267)
(0.119001 -0.000877327 -0.000465067)
(0.116194 -0.00108278 -0.000435797)
(0.114283 -0.000894749 -0.000555022)
(0.119336 -0.000868567 -0.000469459)
(0.116472 -0.00107429 -0.000442)
(0.114553 -0.000884006 -0.000561742)
(0.119671 -0.000863669 -0.000474762)
(0.116749 -0.00106504 -0.000447761)
(0.114817 -0.000874689 -0.000570031)
(0.120006 -0.000859317 -0.000480286)
(0.117028 -0.00105295 -0.000453442)
(0.115084 -0.000871435 -0.0005861)
(0.120344 -0.00085596 -0.000488264)
(0.115344 -0.000866018 -0.000601372)
(0.120682 -0.000847926 -0.000494573)
(0.112456 -0.000715619 -0.000669615)
(0.108925 -0.00051761 -0.000800675)
(0.11578 -0.00052296 -0.000752536)
(0.112716 -0.000703501 -0.000678905)
(0.109114 -0.000514499 -0.000811689)
(0.116087 -0.000518931 -0.000761499)
(0.112973 -0.000691934 -0.000687988)
(0.109303 -0.00051061 -0.000822268)
(0.116396 -0.000513724 -0.000769193)
(0.113226 -0.000688728 -0.000705098)
(0.109473 -0.000508132 -0.000832637)
(0.116699 -0.000510197 -0.000779638)
(0.113474 -0.000692218 -0.000728225)
(0.109646 -0.000514721 -0.000850591)
(0.117004 -0.000516766 -0.00080122)
(0.109801 -0.000523112 -0.000868892)
(0.117299 -0.000522607 -0.00081933)
(0.105831 -0.000328625 -0.000950747)
(0.0981521 -0.000152524 -0.000928556)
(0.109527 -0.000155952 -0.00108041)
(0.105953 -0.000333584 -0.000959226)
(0.0980932 -0.000159178 -0.000924549)
(0.109698 -0.000163429 -0.00108388)
(0.10606 -0.000338681 -0.00096697)
(0.0980226 -0.000166272 -0.000918691)
(0.109866 -0.000172368 -0.00108932)
(0.106156 -0.000345807 -0.000976877)
(0.0979347 -0.000174068 -0.000914333)
(0.110015 -0.000181705 -0.00109779)
(0.10624 -0.00035699 -0.000990522)
(0.0978396 -0.0001841 -0.00091645)
(0.110161 -0.000194494 -0.00111055)
(0.0977283 -0.000196673 -0.000922535)
(0.110294 -0.000210617 -0.0011223)
(0.0912322 -5.53006e-06 -0.000820206)
(0.0727862 4.28347e-05 -0.000651239)
(0.0956854 0.000120473 -0.000996985)
(0.0909991 -1.38565e-05 -0.000808583)
(0.0723752 3.24735e-05 -0.000624133)
(0.0954975 0.000108936 -0.000985171)
(0.0907537 -2.31836e-05 -0.000796441)
(0.0719527 2.05649e-05 -0.000604048)
(0.0952993 9.62875e-05 -0.000968795)
(0.0904956 -3.35786e-05 -0.000787862)
(0.0715396 8.72713e-06 -0.000588721)
(0.0950905 8.20645e-05 -0.000961057)
(0.0902228 -4.49586e-05 -0.00078402)
(0.0711166 -8.96171e-07 -0.000575971)
(0.0948702 6.8107e-05 -0.000954252)
(0.0707003 -8.38711e-06 -0.000566313)
(0.0946401 5.30498e-05 -0.00094883)
(0.0566996 7.00891e-05 -0.00059086)
(0.0614709 0.000169298 -0.000796218)
(0.0561254 5.67521e-05 -0.00055233)
(0.0608283 0.000151351 -0.00075909)
(0.0555627 4.28215e-05 -0.000527118)
(0.060185 0.000134314 -0.000731337)
(0.0550083 3.18583e-05 -0.000507105)
(0.0595662 0.000118661 -0.000708294)
(0.054463 2.57282e-05 -0.000489044)
(0.0589549 0.000108263 -0.000686577)
(0.05836 0.000102857 -0.000667073)
(0.0612016 -0.000318661 0.000585487)
(0.0781495 -0.000303004 0.000645602)
(0.0648202 -0.000339958 0.000784582)
(0.0606805 -0.000299591 0.000541229)
(0.0778472 -0.000303905 0.000624121)
(0.0642376 -0.000332314 0.000753222)
(0.0601768 -0.000271599 0.000475165)
(0.0775554 -0.000299167 0.000589753)
(0.0636808 -0.000320734 0.000702267)
(0.0596937 -0.000247649 0.000415023)
(0.0772627 -0.000293042 0.000550562)
(0.063135 -0.00030747 0.000642521)
(0.0592207 -0.000230863 0.000375936)
(0.0769775 -0.000293948 0.000527055)
(0.0626079 -0.000297053 0.000594999)
(0.0766908 -0.000291647 0.000508242)
(0.0620946 -0.000290253 0.000559128)
(0.0970712 -0.000315429 0.00074578)
(0.10436 -0.000495351 0.000773517)
(0.0994188 -0.000282595 0.000943629)
(0.0970282 -0.000330322 0.000731404)
(0.104466 -0.000507303 0.000758251)
(0.0993848 -0.000290396 0.000923208)
(0.0969758 -0.000346386 0.000720147)
(0.104562 -0.000519277 0.000743951)
(0.0993407 -0.00030102 0.000909244)
(0.0969098 -0.000364452 0.000714819)
(0.104653 -0.000532275 0.000731765)
(0.0992925 -0.00030918 0.000894811)
(0.0968315 -0.000379893 0.000710019)
(0.104734 -0.000551975 0.000730189)
(0.0992331 -0.000320714 0.000887279)
(0.104807 -0.000567038 0.000725088)
(0.0991642 -0.000327502 0.000874612)
(0.112465 -0.000669871 0.000711003)
(0.115786 -0.000752848 0.000520047)
(0.114022 -0.000547224 0.000902277)
(0.112723 -0.00068037 0.000699583)
(0.116096 -0.000762189 0.00051594)
(0.11429 -0.000556262 0.000890591)
(0.112978 -0.000691403 0.000689544)
(0.116401 -0.000770643 0.000511039)
(0.114556 -0.000564157 0.000880388)
(0.113228 -0.000708188 0.000686012)
(0.116705 -0.000782348 0.000508946)
(0.114821 -0.000574376 0.000872532)
(0.113475 -0.000729017 0.000687149)
(0.117005 -0.00080252 0.000514154)
(0.115082 -0.000588853 0.000867117)
(0.117302 -0.000819783 0.000518369)
(0.115343 -0.000602958 0.000861511)
(0.119644 -0.000861344 0.000338636)
(0.121067 -0.000906059 0.000202268)
(0.120912 -0.000691689 0.000498758)
(0.120003 -0.000867515 0.000338948)
(0.121442 -0.000908745 0.000202215)
(0.12129 -0.000695325 0.000496226)
(0.12036 -0.000875875 0.000340658)
(0.121814 -0.000913237 0.000202948)
(0.121666 -0.000699983 0.000495321)
(0.120715 -0.000890408 0.00034638)
(0.122186 -0.000920444 0.00020634)
(0.122041 -0.000708227 0.000496014)
(0.121069 -0.000906435 0.000353794)
(0.122558 -0.000934611 0.000214007)
(0.122417 -0.000724151 0.000501382)
(0.122928 -0.000942309 0.00021987)
(0.122793 -0.000735166 0.000502595)
(0.122925 -0.000954081 5.76309e-05)
(0.123121 -0.000917364 -8.48242e-05)
(0.124134 -0.000747312 0.000162179)
(0.123314 -0.00095553 5.95312e-05)
(0.123515 -0.000915123 -8.2792e-05)
(0.124548 -0.000748119 0.000162543)
(0.123702 -0.000958679 6.16844e-05)
(0.123908 -0.000915414 -8.16082e-05)
(0.124961 -0.0007502 0.000163139)
(0.12409 -0.000964807 6.53941e-05)
(0.124301 -0.000917279 -8.10847e-05)
(0.125374 -0.00075306 0.00016453)
(0.12448 -0.000970051 7.0338e-05)
(0.124698 -0.000923452 -7.9998e-05)
(0.125791 -0.000759561 0.000167661)
(0.125092 -0.000923252 -7.69474e-05)
(0.126205 -0.000761988 0.000169955)
(0.123715 -0.000879104 -0.000223202)
(0.12296 -0.000774181 -0.000367795)
(0.124983 -0.000666022 -0.000175259)
(0.124114 -0.000875614 -0.000222089)
(0.123357 -0.000768891 -0.000368222)
(0.125408 -0.000662686 -0.000174496)
(0.124513 -0.000874796 -0.0002219)
(0.123755 -0.000766489 -0.000369475)
(0.125833 -0.000661323 -0.000174261)
(0.124913 -0.000877037 -0.000222878)
(0.124153 -0.000766068 -0.000371679)
(0.126258 -0.000661398 -0.00017464)
(0.125316 -0.000877889 -0.000223229)
(0.124554 -0.000769649 -0.000376844)
(0.126686 -0.000664312 -0.000175934)
(0.124955 -0.000766967 -0.000379506)
(0.127112 -0.000662289 -0.00017551)
(0.122609 -0.000664041 -0.000515647)
(0.120906 -0.000500312 -0.00069112)
(0.12397 -0.000474145 -0.000523013)
(0.123005 -0.000659843 -0.00051842)
(0.121284 -0.000497716 -0.0006944)
(0.124388 -0.000470527 -0.000524491)
(0.123401 -0.000657734 -0.00052246)
(0.121662 -0.000496756 -0.000698711)
(0.124806 -0.0004686 -0.000526821)
(0.1238 -0.000658388 -0.000529844)
(0.122038 -0.000497336 -0.000706451)
(0.125223 -0.000467817 -0.00053029)
(0.124201 -0.000658218 -0.000538113)
(0.122416 -0.0005027 -0.000722081)
(0.125645 -0.000469462 -0.000537299)
(0.122792 -0.000504448 -0.000732858)
(0.126065 -0.000467522 -0.000541479)
(0.119637 -0.000340517 -0.000860863)
(0.116424 -0.000168785 -0.0010439)
(0.12106 -0.000203983 -0.00090609)
(0.119997 -0.000340785 -0.000866925)
(0.116712 -0.000172035 -0.00104585)
(0.121435 -0.000203766 -0.000908505)
(0.120354 -0.000342351 -0.000875285)
(0.116999 -0.000176636 -0.00105044)
(0.121808 -0.000204379 -0.000912747)
(0.12071 -0.00034787 -0.000889717)
(0.11728 -0.000184414 -0.00106151)
(0.122179 -0.000207543 -0.000919816)
(0.121065 -0.000355509 -0.000905485)
(0.117556 -0.000196941 -0.00107695)
(0.122552 -0.000215345 -0.000933593)
(0.117828 -0.000208842 -0.00108663)
(0.122923 -0.000221661 -0.000941085)
(0.113687 -7.13599e-06 -0.00123741)
(0.106716 0.000122793 -0.00126687)
(0.115211 7.3953e-05 -0.00131662)
(0.113908 -1.49161e-05 -0.0012357)
(0.106743 0.000111745 -0.0012575)
(0.115443 6.65833e-05 -0.0013137)
(0.11412 -2.5878e-05 -0.00124063)
(0.106768 0.000100082 -0.00124554)
(0.115672 5.85128e-05 -0.00131245)
(0.114325 -4.05703e-05 -0.00125173)
(0.106783 8.56021e-05 -0.00124542)
(0.115894 4.66957e-05 -0.00131439)
(0.114523 -5.69939e-05 -0.00126176)
(0.106789 7.0359e-05 -0.001246)
(0.116113 3.28433e-05 -0.00131882)
(0.10679 5.54356e-05 -0.00124237)
(0.11633 1.93782e-05 -0.00132068)
(0.100383 0.00021901 -0.00119387)
(0.0824426 0.000233909 -0.00105027)
(0.102319 0.000255622 -0.00130948)
(0.100234 0.000204534 -0.00117612)
(0.0819877 0.000218372 -0.00102568)
(0.102186 0.000240922 -0.00129549)
(0.100077 0.000189838 -0.00116241)
(0.0815349 0.000202951 -0.00100131)
(0.102053 0.000228092 -0.0012794)
(0.0999108 0.000175083 -0.00115475)
(0.0810888 0.000188416 -0.000983442)
(0.101906 0.000215393 -0.00126854)
(0.0997359 0.000161374 -0.00114387)
(0.080651 0.000176746 -0.00096569)
(0.101754 0.000203014 -0.00125464)
(0.0802148 0.000167007 -0.000949336)
(0.101595 0.000191621 -0.00124131)
(0.0662145 0.000239581 -0.0010048)
(0.0690417 0.000301493 -0.00111521)
(0.0654907 0.000223301 -0.000975602)
(0.068293 0.000292953 -0.00108294)
(0.0647868 0.000208049 -0.000947605)
(0.0675502 0.000280171 -0.00105237)
(0.0641011 0.000196361 -0.000920243)
(0.0668338 0.000269811 -0.00102022)
(0.0634315 0.000188158 -0.000895665)
(0.0661302 0.000261516 -0.000989843)
(0.0654428 0.000253051 -0.000964501)
(0.068098 -0.000369803 0.000963845)
(0.0842179 -0.000307545 0.00102499)
(0.0702204 -0.000372726 0.0010866)
(0.0674775 -0.000362972 0.000926888)
(0.0838695 -0.00030424 0.000995858)
(0.069542 -0.000362885 0.00105318)
(0.0668721 -0.000358613 0.000884054)
(0.0835284 -0.000303812 0.000966356)
(0.0688809 -0.000354037 0.00101524)
(0.0662815 -0.000354621 0.000838009)
(0.0831962 -0.000303619 0.000933126)
(0.0682389 -0.00034732 0.000973562)
(0.0657064 -0.000350734 0.000793994)
(0.0828656 -0.000302981 0.000900228)
(0.067611 -0.000341031 0.000932024)
(0.0825425 -0.000302901 0.000871061)
(0.0670022 -0.000336074 0.000893933)
(0.10186 -0.000261914 0.00113038)
(0.108545 -0.00035601 0.00116107)
(0.103137 -0.000264148 0.00126622)
(0.101825 -0.000265802 0.00111012)
(0.108661 -0.000359997 0.00114159)
(0.103085 -0.000259728 0.00124235)
(0.101787 -0.00027038 0.00109247)
(0.108773 -0.000366262 0.00112841)
(0.103029 -0.000258734 0.00122748)
(0.101743 -0.000274431 0.00107507)
(0.108885 -0.00037114 0.00111445)
(0.102968 -0.000258387 0.00121495)
(0.101694 -0.000278271 0.00105918)
(0.108993 -0.000376439 0.00110148)
(0.102903 -0.000258708 0.00120186)
(0.109098 -0.000381178 0.00108712)
(0.10283 -0.000257917 0.00118702)
(0.115923 -0.000431053 0.00108949)
(0.119005 -0.00046617 0.000874908)
(0.11658 -0.000354117 0.00121824)
(0.116199 -0.000438066 0.00107892)
(0.11934 -0.000471065 0.000866167)
(0.116849 -0.000354268 0.00120665)
(0.116474 -0.000445144 0.00107092)
(0.119674 -0.000477095 0.000861363)
(0.117116 -0.000355225 0.00119919)
(0.116749 -0.000451226 0.00106136)
(0.120007 -0.000483388 0.000857404)
(0.117383 -0.000357158 0.00119457)
(0.117026 -0.000457187 0.0010492)
(0.120342 -0.000491611 0.000853231)
(0.11765 -0.000359409 0.00118621)
(0.120679 -0.000498742 0.000845568)
(0.11792 -0.000360556 0.00117115)
(0.122612 -0.000516615 0.000662904)
(0.123973 -0.000523309 0.000473179)
(0.12296 -0.000368755 0.00077296)
(0.123007 -0.000519968 0.000658787)
(0.124391 -0.000525288 0.000469728)
(0.123357 -0.000369844 0.000767601)
(0.123403 -0.000524654 0.000656748)
(0.124808 -0.000528197 0.000467895)
(0.123753 -0.000371764 0.000765102)
(0.1238 -0.00053275 0.000657311)
(0.125225 -0.000532306 0.000467149)
(0.12415 -0.000374699 0.000764978)
(0.124199 -0.000541805 0.000656719)
(0.125645 -0.000540072 0.000468435)
(0.12455 -0.000380835 0.000767736)
(0.126064 -0.000545138 0.000466017)
(0.124949 -0.00038474 0.000763618)
(0.125804 -0.000531552 0.000271355)
(0.126039 -0.000485459 7.36041e-05)
(0.126037 -0.000327761 0.000356071)
(0.126244 -0.000533088 0.000270341)
(0.126485 -0.000485229 7.28745e-05)
(0.126484 -0.000328465 0.000354617)
(0.126684 -0.000535432 0.000269989)
(0.126931 -0.00048604 7.2254e-05)
(0.126929 -0.000329864 0.000353977)
(0.127125 -0.000539334 0.000270569)
(0.127376 -0.00048756 7.18263e-05)
(0.127375 -0.000331694 0.000354137)
(0.127568 -0.000543297 0.000270896)
(0.127825 -0.000491205 7.18688e-05)
(0.127823 -0.000335163 0.000355168)
(0.128272 -0.000492382 7.12295e-05)
(0.128269 -0.000337176 0.000353714)
(0.126724 -0.000439509 -0.000124092)
(0.126037 -0.000356485 -0.000327087)
(0.126949 -0.000221127 -6.20005e-05)
(0.127176 -0.000438577 -0.000124297)
(0.126484 -0.000355037 -0.000327307)
(0.127408 -0.000220431 -6.19241e-05)
(0.127628 -0.000438614 -0.000124782)
(0.12693 -0.000354523 -0.000328189)
(0.127867 -0.000220319 -6.20652e-05)
(0.128081 -0.0004399 -0.000125633)
(0.127375 -0.000354733 -0.000329488)
(0.128325 -0.000220613 -6.23482e-05)
(0.128535 -0.00044079 -0.000126402)
(0.127824 -0.000356543 -0.000332172)
(0.128786 -0.000221887 -6.30965e-05)
(0.128271 -0.000356418 -0.000333114)
(0.129245 -0.000221861 -6.36625e-05)
(0.125802 -0.000271997 -0.000531449)
(0.124129 -0.000163267 -0.000747681)
(0.126037 -7.48838e-05 -0.000485533)
(0.126242 -0.000270917 -0.000532523)
(0.124544 -0.00016352 -0.000748057)
(0.126483 -7.40845e-05 -0.000484903)
(0.126682 -0.000270551 -0.00053431)
(0.124957 -0.000164056 -0.000749662)
(0.126929 -7.34586e-05 -0.000485247)
(0.127123 -0.00027127 -0.000537497)
(0.12537 -0.000165381 -0.000751958)
(0.127374 -7.30243e-05 -0.000486246)
(0.127567 -0.000271996 -0.000540597)
(0.125786 -0.000168685 -0.000757852)
(0.127823 -7.32276e-05 -0.000489271)
(0.1262 -0.000171446 -0.000759739)
(0.12827 -7.30025e-05 -0.000489853)
(0.122918 -5.90646e-05 -0.000954387)
(0.119738 4.98488e-05 -0.00116986)
(0.123116 8.29601e-05 -0.000917942)
(0.123306 -6.08433e-05 -0.000955462)
(0.120052 4.42513e-05 -0.00116966)
(0.12351 8.10344e-05 -0.000915237)
(0.123694 -6.28571e-05 -0.000958239)
(0.120364 3.9285e-05 -0.00117045)
(0.123902 7.99016e-05 -0.000915124)
(0.124082 -6.65431e-05 -0.000963885)
(0.120673 3.38862e-05 -0.00116941)
(0.124295 7.94814e-05 -0.000916596)
(0.124472 -7.17522e-05 -0.000968754)
(0.120985 2.67188e-05 -0.00117072)
(0.124691 7.83415e-05 -0.000922322)
(0.121297 1.88969e-05 -0.00116989)
(0.125086 7.49935e-05 -0.000921931)
(0.117038 0.000152552 -0.00139574)
(0.11034 0.000234831 -0.00145696)
(0.117148 0.000219167 -0.00137037)
(0.11728 0.000143599 -0.00139376)
(0.110396 0.000222869 -0.00144866)
(0.117401 0.000211417 -0.00136448)
(0.117518 0.000135029 -0.0013892)
(0.110452 0.000212108 -0.0014417)
(0.117651 0.0002052 -0.00135927)
(0.117756 0.000126118 -0.00138337)
(0.110497 0.000201759 -0.0014312)
(0.117899 0.000200426 -0.00135393)
(0.117994 0.000116389 -0.00137892)
(0.110542 0.000191453 -0.0014199)
(0.118148 0.000195894 -0.00135021)
(0.110584 0.000181674 -0.00141068)
(0.118398 0.000188767 -0.00134137)
(0.104224 0.000280687 -0.00141636)
(0.0870811 0.000308744 -0.00127317)
(0.104346 0.00027649 -0.00140983)
(0.104109 0.000267278 -0.00140436)
(0.0866174 0.000299415 -0.00124889)
(0.104252 0.000263845 -0.00139113)
(0.103985 0.000254907 -0.00139184)
(0.0861576 0.000288611 -0.0012256)
(0.104158 0.00025493 -0.00137944)
(0.103854 0.00024305 -0.00137518)
(0.0857065 0.000277093 -0.00119922)
(0.104052 0.000245682 -0.00136838)
(0.103717 0.000232577 -0.0013589)
(0.0852553 0.000266457 -0.00117301)
(0.103942 0.000236903 -0.00135429)
(0.0848131 0.000257782 -0.0011517)
(0.103827 0.000231727 -0.00134074)
(0.0712984 0.00034036 -0.00120899)
(0.0718687 0.000359285 -0.00121165)
(0.0705274 0.000333555 -0.0011762)
(0.0711168 0.000352833 -0.00117866)
(0.0697733 0.00032381 -0.00114223)
(0.070376 0.000342411 -0.00114388)
(0.0690346 0.000313621 -0.00110839)
(0.0696612 0.000329181 -0.00110828)
(0.0683111 0.000304573 -0.00107724)
(0.0689558 0.000317491 -0.00107424)
(0.0682713 0.000310052 -0.00104225)
(0.0717056 -0.000368999 0.00117758)
(0.0873868 -0.000312364 0.00124995)
(0.0718801 -0.000360787 0.00120739)
(0.0709879 -0.000360341 0.00114246)
(0.0869701 -0.000303185 0.0012207)
(0.0711304 -0.000355067 0.0011743)
(0.0702869 -0.000350834 0.00110533)
(0.086561 -0.000294993 0.00119353)
(0.0703917 -0.000345904 0.00113894)
(0.0696043 -0.000341165 0.0010684)
(0.0861586 -0.000287272 0.00116934)
(0.0696777 -0.000334023 0.00110351)
(0.068941 -0.000333142 0.00103302)
(0.0857649 -0.00027961 0.00114455)
(0.068976 -0.000322221 0.00107007)
(0.0853765 -0.000274595 0.0011188)
(0.104383 -0.000262811 0.00138014)
(0.110646 -0.000287263 0.00141157)
(0.104353 -0.00028015 0.0014058)
(0.104309 -0.000254604 0.00136139)
(0.110734 -0.000279112 0.00139359)
(0.10426 -0.000268652 0.00138708)
(0.104232 -0.000249261 0.00135154)
(0.110821 -0.000273613 0.00138261)
(0.104165 -0.00025943 0.00137538)
(0.104148 -0.000244526 0.00134353)
(0.110902 -0.000270669 0.00137861)
(0.104058 -0.00025088 0.00136618)
(0.104058 -0.000240612 0.00133142)
(0.110982 -0.000268085 0.0013718)
(0.103948 -0.000242582 0.00135067)
(0.11106 -0.000265034 0.00135723)
(0.117516 -0.00027929 0.00133636)
(0.120366 -0.000250905 0.00110492)
(0.117152 -0.000222914 0.00136674)
(0.117776 -0.000274292 0.00132765)
(0.120694 -0.000247809 0.00109772)
(0.117404 -0.000215736 0.0013607)
(0.118036 -0.000271431 0.00132323)
(0.12102 -0.000245849 0.00109429)
(0.117653 -0.000209883 0.00135616)
(0.118296 -0.000270501 0.0013196)
(0.121347 -0.000246065 0.00109473)
(0.1179 -0.000206137 0.00135129)
(0.118555 -0.000268239 0.00130824)
(0.121674 -0.000247041 0.00109365)
(0.11815 -0.000202113 0.00134382)
(0.122004 -0.000245267 0.00108323)
(0.123712 -0.000224812 0.000877731)
(0.124981 -0.000176642 0.000665373)
(0.123117 -8.64042e-05 0.000915858)
(0.124109 -0.000224327 0.000874024)
(0.125405 -0.000176424 0.000661898)
(0.12351 -8.49446e-05 0.00091341)
(0.124507 -0.000224901 0.000873334)
(0.125829 -0.00017674 0.000660336)
(0.123902 -8.43903e-05 0.000913583)
(0.124907 -0.000226727 0.000875176)
(0.126253 -0.000177741 0.000660596)
(0.124295 -8.42739e-05 0.000916872)
(0.125309 -0.000228004 0.000874317)
(0.12668 -0.000179758 0.00066212)
(0.124689 -8.44355e-05 0.000919185)
(0.127106 -0.00018036 0.00065785)
(0.126722 -0.000125759 0.000439339)
(0.126948 -6.35624e-05 0.000220479)
(0.126036 7.1589e-05 0.00048503)
(0.127173 -0.000126412 0.000438233)
(0.127407 -6.38859e-05 0.000219668)
(0.126482 7.04519e-05 0.000484769)
(0.127624 -0.000127296 0.000438106)
(0.127865 -6.43793e-05 0.000219294)
(0.126927 6.93942e-05 0.000485294)
(0.128077 -0.000128679 0.000438716)
(0.128323 -6.49382e-05 0.000219438)
(0.127373 6.91145e-05 0.000487222)
(0.128531 -0.000130339 0.000437918)
(0.128784 -6.60044e-05 0.000219647)
(0.127819 6.74299e-05 0.000488048)
(0.129242 -6.69341e-05 0.00021794)
(0.127637 -1.55356e-06 3.03346e-07)
(0.126948 6.04105e-05 -0.000220341)
(0.126948 0.000218168 6.21734e-05)
(0.128103 -1.76912e-06 4.20082e-07)
(0.127408 6.03612e-05 -0.000219239)
(0.127407 0.000217011 6.24448e-05)
(0.128569 -1.97648e-06 4.66709e-07)
(0.127866 6.04515e-05 -0.000218739)
(0.127865 0.000216389 6.2747e-05)
(0.129034 -2.23863e-06 2.94488e-07)
(0.128324 6.06747e-05 -0.000218684)
(0.128324 0.000216346 6.31911e-05)
(0.129502 -2.61049e-06 -2.54352e-07)
(0.128785 6.10408e-05 -0.000219751)
(0.128784 0.000216726 6.31307e-05)
(0.129244 6.09263e-05 -0.0002197)
(0.129243 0.000215771 6.20576e-05)
(0.126723 0.000122192 -0.000439373)
(0.124981 0.000173137 -0.00066642)
(0.126038 0.000324348 -0.000356342)
(0.127175 0.00012248 -0.000438015)
(0.125406 0.000172463 -0.000662617)
(0.126484 0.000324685 -0.000354573)
(0.127626 0.000123024 -0.000437603)
(0.12583 0.000172274 -0.00066074)
(0.12693 0.000325673 -0.000353697)
(0.128079 0.000123875 -0.00043846)
(0.126255 0.000172712 -0.000660378)
(0.127375 0.000327136 -0.000353554)
(0.128533 0.000124511 -0.000438988)
(0.126682 0.00017396 -0.000662878)
(0.127824 0.000329948 -0.000355173)
(0.127109 0.000173351 -0.000660572)
(0.12827 0.000330845 -0.000354995)
(0.123712 0.00022094 -0.000879512)
(0.120364 0.000247079 -0.00110764)
(0.12296 0.000365067 -0.000774724)
(0.12411 0.000219893 -0.000875518)
(0.120692 0.00024341 -0.00110032)
(0.123357 0.000365588 -0.000769064)
(0.124508 0.000219767 -0.00087426)
(0.12102 0.000240952 -0.00109647)
(0.123754 0.000366909 -0.000766256)
(0.124908 0.000220776 -0.000876142)
(0.121347 0.000240093 -0.00109565)
(0.124152 0.000369136 -0.00076552)
(0.125311 0.00022105 -0.000876729)
(0.121676 0.000240652 -0.00109665)
(0.124552 0.000374217 -0.000768809)
(0.122005 0.000238264 -0.00108878)
(0.124953 0.000376778 -0.000765987)
(0.117514 0.000274982 -0.00133996)
(0.110641 0.000283306 -0.00141572)
(0.116577 0.000350131 -0.00122176)
(0.117774 0.000269467 -0.00133097)
(0.11073 0.000274467 -0.0013979)
(0.116846 0.000349601 -0.00121011)
(0.118035 0.000265725 -0.00132541)
(0.110817 0.000268947 -0.0013871)
(0.117116 0.000349904 -0.00120203)
(0.118296 0.000264134 -0.0013226)
(0.110899 0.000265049 -0.00138143)
(0.117383 0.000350828 -0.00119634)
(0.118556 0.000261873 -0.00131458)
(0.110979 0.000262305 -0.00137591)
(0.117652 0.000353177 -0.00119036)
(0.111058 0.000259336 -0.00136377)
(0.117923 0.000353528 -0.00117643)
(0.104376 0.000258439 -0.00138467)
(0.0873769 0.000310117 -0.00125476)
(0.103131 0.000259428 -0.00127004)
(0.104303 0.00024998 -0.00136634)
(0.0869592 0.00030014 -0.00122554)
(0.103077 0.000254415 -0.00124528)
(0.104226 0.000244494 -0.00135605)
(0.0865495 0.000291176 -0.00119837)
(0.103025 0.000254085 -0.00123227)
(0.104142 0.000239401 -0.00134728)
(0.0861469 0.000282427 -0.00117317)
(0.102962 0.000253514 -0.00121928)
(0.104053 0.000235541 -0.00133611)
(0.0857518 0.000274595 -0.00114869)
(0.102898 0.000254222 -0.00120701)
(0.0853638 0.00026962 -0.00112387)
(0.102825 0.000255051 -0.00119433)
(0.0716922 0.000367849 -0.00118248)
(0.0702071 0.000372349 -0.00109218)
(0.0709728 0.000358034 -0.00114738)
(0.0695276 0.000361844 -0.00105866)
(0.0702702 0.000347014 -0.00110993)
(0.068862 0.000351289 -0.00102005)
(0.0695867 0.000336427 -0.00107266)
(0.0682223 0.000343003 -0.000977576)
(0.0689218 0.000328095 -0.00103713)
(0.06759 0.000336004 -0.000935597)
(0.0669834 0.000330651 -0.000896601)
(0.0713098 -0.000342293 0.00120548)
(0.0870897 -0.000311433 0.00126957)
(0.0705415 -0.000336342 0.00117203)
(0.0866282 -0.000302703 0.00124564)
(0.068301 -0.00029454 0.0010811)
(0.0697893 -0.000327801 0.0011373)
(0.0861688 -0.000292911 0.00122118)
(0.0675636 -0.000284497 0.0010481)
(0.069053 -0.000317938 0.00110389)
(0.085718 -0.000282062 0.00119586)
(0.06685 -0.000273777 0.00101662)
(0.0852689 -0.000271543 0.00116908)
(0.0661451 -0.00026589 0.000986699)
(0.104232 -0.000284812 0.0014128)
(0.110345 -0.000238383 0.001453)
(0.104116 -0.000272234 0.0014011)
(0.110403 -0.000227408 0.00144452)
(0.102197 -0.00024665 0.00128776)
(0.103992 -0.000260396 0.00138988)
(0.110457 -0.000216941 0.00143846)
(0.102061 -0.000233298 0.00127899)
(0.103859 -0.00024897 0.00137304)
(0.110501 -0.000207215 0.00142899)
(0.101914 -0.000221988 0.0012647)
(0.110547 -0.000197544 0.00141437)
(0.101762 -0.00021025 0.00124906)
(0.117042 -0.000156646 0.00139183)
(0.119741 -5.34085e-05 0.00116694)
(0.115216 -7.76242e-05 0.00131334)
(0.117283 -0.000148089 0.00139008)
(0.120055 -4.84179e-05 0.0011667)
(0.115449 -7.15652e-05 0.00130879)
(0.117521 -0.000139787 0.0013856)
(0.120366 -4.36602e-05 0.00116816)
(0.115677 -6.25346e-05 0.00131016)
(0.117759 -0.000131674 0.00137736)
(0.120675 -3.84078e-05 0.00116791)
(0.115897 -5.14866e-05 0.00131088)
(0.120987 -3.26825e-05 0.00116435)
(0.116119 -3.90208e-05 0.00131131)
(0.12292 5.55015e-05 0.000952236)
(0.12413 0.000159941 0.000746104)
(0.121064 0.000200729 0.000903733)
(0.123307 5.68862e-05 0.000953594)
(0.124544 0.000159805 0.000746823)
(0.121437 0.000200205 0.000906354)
(0.123695 5.87891e-05 0.000957922)
(0.124956 0.000159926 0.000748623)
(0.121809 0.000200496 0.000911178)
(0.124083 6.16666e-05 0.000962014)
(0.12537 0.000161517 0.000752955)
(0.122181 0.00020471 0.000921833)
(0.125782 0.000162677 0.000754374)
(0.122552 0.000209525 0.000929345)
(0.125801 0.000268521 0.000530816)
(0.126036 0.000353292 0.000326656)
(0.12397 0.000470753 0.000521857)
(0.12624 0.000267021 0.000532182)
(0.126482 0.000351421 0.000327281)
(0.124387 0.000466835 0.000523852)
(0.12668 0.000266588 0.000534754)
(0.126927 0.000350388 0.000328333)
(0.124804 0.000464337 0.000526586)
(0.127121 0.000266258 0.000536965)
(0.127374 0.000350592 0.00033059)
(0.125223 0.000464425 0.000531879)
(0.12782 0.000350751 0.000330812)
(0.12564 0.000461933 0.000535001)
(0.126722 0.000436205 0.000124172)
(0.126037 0.000482206 -7.38483e-05)
(0.12498 0.000662687 0.000174583)
(0.127174 0.000434751 0.000124657)
(0.126484 0.000481561 -7.28237e-05)
(0.125405 0.000658775 0.000174218)
(0.127625 0.00043436 0.000125372)
(0.126929 0.000481914 -7.20163e-05)
(0.125829 0.000656777 0.000174201)
(0.128078 0.000434975 0.00012593)
(0.127375 0.000483121 -7.13763e-05)
(0.126254 0.000656654 0.000174884)
(0.128531 0.000434797 0.000125352)
(0.127823 0.000485946 -7.19567e-05)
(0.126681 0.000658188 0.0001753)
(0.128269 0.000486161 -7.26191e-05)
(0.127107 0.000655052 0.000173224)
(0.125804 0.000527915 -0.000271552)
(0.123972 0.000519706 -0.000474177)
(0.124132 0.000743803 -0.000163147)
(0.126244 0.000529068 -0.00027023)
(0.12439 0.000521216 -0.000470321)
(0.124547 0.000744181 -0.000163205)
(0.126684 0.000531038 -0.000269605)
(0.124808 0.000523584 -0.000468082)
(0.12496 0.000745844 -0.000163483)
(0.127125 0.000534475 -0.000270217)
(0.125225 0.000527109 -0.000467022)
(0.125373 0.000748428 -0.000164515)
(0.127568 0.000537732 -0.000271074)
(0.125647 0.000534071 -0.000468467)
(0.125788 0.000754399 -0.000167813)
(0.126066 0.000538228 -0.000466572)
(0.126202 0.000756099 -0.000170763)
(0.122612 0.000512602 -0.000664337)
(0.119004 0.000462313 -0.000877271)
(0.120911 0.000688068 -0.000500858)
(0.123008 0.000515387 -0.000659888)
(0.119339 0.000466664 -0.000868229)
(0.121289 0.000691316 -0.000498072)
(0.123404 0.000519365 -0.000657522)
(0.119674 0.000471923 -0.00086308)
(0.121666 0.000695422 -0.000496837)
(0.123802 0.000526561 -0.000657953)
(0.120008 0.000477332 -0.000858768)
(0.122042 0.000702708 -0.000497079)
(0.124202 0.000534651 -0.000657632)
(0.120345 0.000485041 -0.000855606)
(0.12242 0.000717875 -0.000502179)
(0.120682 0.000490978 -0.000847546)
(0.122796 0.000728538 -0.000503801)
(0.115921 0.000426942 -0.00109281)
(0.108541 0.000351555 -0.00116435)
(0.114021 0.000544207 -0.000906343)
(0.116197 0.000433177 -0.00108181)
(0.108656 0.000354893 -0.00114412)
(0.114287 0.000553017 -0.000894293)
(0.116475 0.000439271 -0.00107333)
(0.108772 0.000361335 -0.00113236)
(0.114556 0.00055952 -0.000883397)
(0.116751 0.00044478 -0.00106434)
(0.108881 0.000365934 -0.00111857)
(0.114819 0.000567045 -0.000873907)
(0.117029 0.00044995 -0.0010524)
(0.108993 0.000371161 -0.00110678)
(0.115086 0.000582112 -0.000870752)
(0.109097 0.000376114 -0.00109375)
(0.115346 0.000596478 -0.000865373)
(0.101854 0.000256402 -0.00113259)
(0.0842083 0.000305303 -0.00103047)
(0.0994154 0.000276651 -0.00094527)
(0.101821 0.00026039 -0.00111291)
(0.0838585 0.000300686 -0.00099985)
(0.0993768 0.000285613 -0.000926362)
(0.101783 0.000265705 -0.00109705)
(0.083516 0.000299902 -0.000970519)
(0.0993375 0.000296408 -0.000914171)
(0.101739 0.000270088 -0.00108081)
(0.0831843 0.000299281 -0.000936733)
(0.0992846 0.000305073 -0.000900506)
(0.101688 0.000274819 -0.0010672)
(0.0828521 0.000298917 -0.000904421)
(0.099227 0.000314037 -0.000891464)
(0.0825302 0.000298669 -0.000875322)
(0.0991576 0.000324519 -0.000884651)
(0.0680838 0.000368956 -0.000970126)
(0.0648018 0.000338182 -0.000790738)
(0.0674601 0.000360858 -0.000932399)
(0.0642295 0.000328232 -0.000758561)
(0.0668527 0.000355374 -0.000888285)
(0.0636591 0.000316886 -0.000706561)
(0.0662618 0.000350901 -0.000841142)
(0.0631247 0.000303937 -0.000645862)
(0.0656871 0.000346397 -0.000795903)
(0.0625862 0.000294442 -0.000597447)
(0.0620797 0.00028631 -0.000561169)
(0.0655017 -0.000227092 0.000973275)
(0.0819957 -0.000222926 0.00102062)
(0.0608321 -0.000155923 0.000757168)
(0.0647984 -0.00021309 0.00094425)
(0.081545 -0.000207744 0.00100024)
(0.060198 -0.000139462 0.000728481)
(0.0641132 -0.000202259 0.000917041)
(0.0811017 -0.000194865 0.000978947)
(0.0595803 -0.000126397 0.000704442)
(0.0806607 -0.000183951 0.000960812)
(0.0589699 -0.000117021 0.000682465)
(0.100244 -0.000210155 0.00117143)
(0.106753 -0.000117235 0.00124843)
(0.09551 -0.000114894 0.000976514)
(0.100087 -0.000196108 0.00116014)
(0.106776 -0.00010475 0.00124536)
(0.0953102 -0.000102113 0.000969262)
(0.0999204 -0.000182911 0.00114762)
(0.106789 -9.15539e-05 0.00124021)
(0.0951038 -8.93802e-05 0.000957694)
(0.106799 -7.73743e-05 0.00123902)
(0.0948835 -7.59402e-05 0.000950611)
(0.113695 2.78606e-06 0.00123322)
(0.116429 0.000165388 0.00104134)
(0.109535 0.000152639 0.00107786)
(0.113913 1.03016e-05 0.00123215)
(0.116719 0.00016779 0.00104168)
(0.109709 0.000158462 0.00107935)
(0.114126 2.15144e-05 0.00123829)
(0.117004 0.000172372 0.00104919)
(0.109874 0.000167644 0.00108762)
(0.114331 3.55526e-05 0.00124685)
(0.117283 0.000181284 0.00106137)
(0.110023 0.000179549 0.00109901)
(0.11756 0.000191308 0.00107157)
(0.110167 0.000189904 0.00110737)
(0.119641 0.000337236 0.000858503)
(0.120909 0.000497118 0.00068928)
(0.115784 0.000519731 0.000749622)
(0.12 0.000336943 0.000864951)
(0.121287 0.000494063 0.000692938)
(0.116092 0.000514966 0.000758978)
(0.120357 0.000339435 0.000875945)
(0.121663 0.000492468 0.000697927)
(0.116399 0.000509611 0.000768042)
(0.120712 0.000344141 0.000889352)
(0.122039 0.000495022 0.000709018)
(0.116701 0.00050874 0.0007832)
(0.122415 0.000495411 0.000719191)
(0.117003 0.000510663 0.000799746)
(0.122609 0.000660517 0.000514519)
(0.122958 0.000770697 0.000366469)
(0.119001 0.000873499 0.000463466)
(0.123004 0.000655803 0.000517896)
(0.123356 0.000764887 0.000367444)
(0.119336 0.000864387 0.000468325)
(0.1234 0.000654081 0.000523378)
(0.123752 0.000761768 0.000369041)
(0.11967 0.000858531 0.000474283)
(0.123798 0.000652525 0.000529671)
(0.124151 0.000761986 0.000372605)
(0.120005 0.000854573 0.000481646)
(0.124549 0.00076184 0.000374929)
(0.120341 0.000844714 0.00048586)
(0.123711 0.00087515 0.000222179)
(0.123118 0.00091378 8.34272e-05)
(0.120363 0.00110324 0.000247887)
(0.12411 0.000870929 0.000221388)
(0.123512 0.000910971 8.17414e-05)
(0.120692 0.00109557 0.000244529)
(0.124508 0.000869637 0.000221471)
(0.123904 0.000910691 8.07433e-05)
(0.121019 0.00109129 0.000242267)
(0.124908 0.000870979 0.00022217)
(0.124297 0.000912351 8.04877e-05)
(0.121347 0.00109067 0.000241678)
(0.12531 0.000870518 0.000221365)
(0.124693 0.000917446 7.89297e-05)
(0.121676 0.00108962 0.000241426)
(0.125087 0.000916486 7.49503e-05)
(0.122005 0.00107958 0.000237653)
(0.122922 0.000950293 -5.90387e-05)
(0.121065 0.000902576 -0.000204351)
(0.119741 0.00116574 4.95035e-05)
(0.123311 0.000951298 -6.06182e-05)
(0.12144 0.000904898 -0.000203997)
(0.120056 0.00116513 4.40835e-05)
(0.123698 0.000954081 -6.23816e-05)
(0.121813 0.000908822 -0.000204257)
(0.120368 0.00116601 3.9333e-05)
(0.124086 0.000959783 -6.58928e-05)
(0.122184 0.000915558 -0.000206862)
(0.120678 0.00116586 3.41244e-05)
(0.124476 0.00096451 -7.11246e-05)
(0.122557 0.000929035 -0.000214385)
(0.120989 0.00116669 2.69485e-05)
(0.122927 0.000936333 -0.000220855)
(0.1213 0.00116448 1.89289e-05)
(0.119643 0.00085781 -0.000341109)
(0.115785 0.000750193 -0.000523248)
(0.116429 0.00104089 -0.000169642)
(0.120002 0.000863566 -0.000341176)
(0.116092 0.000759162 -0.000519232)
(0.116718 0.00104217 -0.000172631)
(0.12036 0.000871383 -0.000342378)
(0.116401 0.000766441 -0.000513856)
(0.117004 0.00104661 -0.000177142)
(0.120715 0.000885227 -0.000347492)
(0.116703 0.000775969 -0.000509873)
(0.117284 0.00105707 -0.000184494)
(0.121071 0.000900613 -0.00035489)
(0.117008 0.000796692 -0.000516136)
(0.117561 0.00107189 -0.000196655)
(0.117303 0.000814152 -0.000521828)
(0.117833 0.00108146 -0.000208557)
(0.112461 0.00066785 -0.000715394)
(0.104358 0.000491134 -0.000776135)
(0.108929 0.000800229 -0.00051829)
(0.11272 0.000677075 -0.000703426)
(0.104459 0.000504311 -0.000763042)
(0.109117 0.000809493 -0.000514362)
(0.112977 0.000685348 -0.000691523)
(0.10456 0.000515192 -0.000748841)
(0.109305 0.000819734 -0.000510517)
(0.113229 0.000701275 -0.000687929)
(0.104647 0.000526615 -0.000736127)
(0.109475 0.000828757 -0.000507505)
(0.113477 0.000723359 -0.000691357)
(0.104731 0.00054493 -0.00073296)
(0.109648 0.000845842 -0.000513937)
(0.104804 0.000563376 -0.000732924)
(0.109803 0.000863176 -0.000522322)
(0.0970655 0.000310156 -0.000748369)
(0.0781365 0.00029787 -0.000649595)
(0.092548 0.000368094 -0.000576164)
(0.097022 0.000326319 -0.000736627)
(0.077842 0.000299359 -0.000628729)
(0.0924343 0.000378995 -0.000564908)
(0.0969683 0.000342129 -0.00072618)
(0.0775417 0.000294693 -0.000593942)
(0.092306 0.000398545 -0.000561254)
(0.0969017 0.000358195 -0.000718985)
(0.077256 0.000288654 -0.000554549)
(0.0921676 0.000418159 -0.000559359)
(0.0968237 0.000374724 -0.000716119)
(0.0769624 0.000288315 -0.000529378)
(0.0920085 0.000437303 -0.000561725)
(0.076681 0.000289253 -0.000514292)
(0.0918433 0.000455645 -0.000568104)
(0.0611901 0.000313898 -0.000590725)
(0.0562816 0.000246045 -0.000411474)
(0.0606679 0.000294838 -0.000545286)
(0.0558041 0.000239989 -0.000391432)
(0.0601638 0.000267573 -0.000478586)
(0.0553193 0.000225862 -0.000358743)
(0.0596799 0.000244028 -0.000417832)
(0.0548643 0.00020936 -0.000321668)
(0.0592065 0.000227938 -0.00037857)
(0.0543959 0.000196983 -0.000296787)
(0.0539533 0.000184584 -0.000281556)
(0.0561365 -6.24544e-05 0.000549946)
(0.0723829 -3.84376e-05 0.000620237)
(0.0477479 1.84861e-05 0.000384774)
(0.0555753 -4.9934e-05 0.000524113)
(0.0719663 -2.67146e-05 0.000602692)
(0.0472678 2.51249e-05 0.000364887)
(0.0550243 -4.08296e-05 0.000503269)
(0.071554 -1.64402e-05 0.000587626)
(0.0467941 3.0714e-05 0.000350234)
(0.0711348 -8.53698e-06 0.00057334)
(0.0463253 3.27346e-05 0.000335695)
(0.0910131 7.34962e-06 0.000804832)
(0.098106 0.000152981 0.000919289)
(0.0802539 0.000113424 0.000547266)
(0.0907686 1.64037e-05 0.000795775)
(0.0980346 0.000160731 0.000916569)
(0.0798976 0.000116034 0.000544185)
(0.0905104 2.54298e-05 0.000787231)
(0.0979487 0.000169222 0.000914791)
(0.0795464 0.000118461 0.000538209)
(0.0978498 0.000176837 0.000915579)
(0.0791794 0.000123705 0.000535901)
(0.105844 0.000324055 0.000947526)
(0.108932 0.000513494 0.000797201)
(0.0966238 0.000403826 0.000698565)
(0.105964 0.000328388 0.000956456)
(0.109124 0.000509601 0.000808375)
(0.0965874 0.000397795 0.000702885)
(0.106071 0.000335149 0.000968242)
(0.109309 0.000505931 0.000821231)
(0.0965382 0.000398552 0.000714908)
(0.106164 0.000342022 0.000978613)
(0.10948 0.00050597 0.000837087)
(0.0964716 0.000405001 0.000731296)
(0.109647 0.000508279 0.000850356)
(0.096391 0.000411208 0.00074222)
(0.112462 0.000711143 0.000666329)
(0.114018 0.000902158 0.000543821)
(0.10436 0.000775588 0.000492069)
(0.11272 0.000699178 0.000677158)
(0.114286 0.00089005 0.000552646)
(0.104464 0.000757514 0.000502365)
(0.112975 0.000688717 0.000689483)
(0.114554 0.000878837 0.000561202)
(0.104564 0.000743219 0.000515)
(0.113227 0.000683935 0.000707078)
(0.114817 0.000870419 0.000572836)
(0.104653 0.000731925 0.000529809)
(0.115082 0.000860884 0.000585345)
(0.104736 0.000725973 0.000547423)
(0.115917 0.00108864 0.000427737)
(0.116575 0.00121741 0.000350799)
(0.108541 0.00116115 0.000352188)
(0.116194 0.00107722 0.000434613)
(0.116844 0.00120539 0.000350824)
(0.108656 0.00114166 0.000356094)
(0.116471 0.00106815 0.000441995)
(0.117113 0.00119681 0.000351456)
(0.10877 0.0011275 0.000362184)
(0.116747 0.00105506 0.000446921)
(0.117381 0.00119117 0.000353247)
(0.108881 0.00111304 0.000367844)
(0.117651 0.00117988 0.000353631)
(0.108992 0.00109465 0.000371036)
(0.117512 0.00133517 0.000275681)
(0.117149 0.00136597 0.000219085)
(0.110642 0.00141133 0.000283561)
(0.117774 0.00132572 0.000270443)
(0.117402 0.00135949 0.000211436)
(0.110731 0.00139335 0.000274892)
(0.118035 0.00132019 0.000267017)
(0.117653 0.00135425 0.000205391)
(0.110818 0.00138216 0.000269718)
(0.118296 0.00131615 0.000265212)
(0.117902 0.00135008 0.000200758)
(0.110901 0.00137507 0.000266018)
(0.118557 0.00130493 0.000261808)
(0.11815 0.00134442 0.000195791)
(0.110983 0.0013673 0.000263425)
(0.118401 0.00133254 0.000187855)
(0.111062 0.0013521 0.000259464)
(0.117041 0.00139109 0.000152)
(0.115215 0.00131285 7.29006e-05)
(0.110343 0.00145284 0.000234233)
(0.117284 0.00138886 0.000143243)
(0.115447 0.00130901 6.59658e-05)
(0.1104 0.00144466 0.00022247)
(0.117523 0.00138534 0.000134856)
(0.115676 0.00130801 5.81634e-05)
(0.110456 0.00143742 0.000211895)
(0.117761 0.00137992 0.000125968)
(0.115899 0.00131049 4.67853e-05)
(0.110502 0.00142743 0.00020171)
(0.117998 0.00137373 0.000116044)
(0.116118 0.00131407 3.30632e-05)
(0.110548 0.00141499 0.000191483)
(0.116334 0.0013147 1.93086e-05)
(0.11059 0.00140366 0.000181706)
(0.113692 0.0012335 -8.03849e-06)
(0.10953 0.00107904 -0.000157615)
(0.106718 0.00126294 0.000122285)
(0.113912 0.0012315 -1.56306e-05)
(0.109701 0.00108035 -0.00016363)
(0.106746 0.00125346 0.000111442)
(0.114124 0.00123633 -2.64122e-05)
(0.109868 0.00108591 -0.0001728)
(0.106772 0.00124115 9.9721e-05)
(0.114329 0.00124678 -4.07173e-05)
(0.110017 0.00109343 -0.000181717)
(0.106787 0.00124093 8.52272e-05)
(0.114527 0.00125642 -5.7019e-05)
(0.110164 0.00110533 -0.000194206)
(0.106794 0.00124178 6.99551e-05)
(0.110297 0.00111655 -0.000210153)
(0.106794 0.00123747 5.4919e-05)
(0.105833 0.000949561 -0.000329391)
(0.0966089 0.000699178 -0.000407492)
(0.0981543 0.000928207 -0.00015344)
(0.105954 0.000956385 -0.00033343)
(0.0965738 0.00070254 -0.000401936)
(0.0980958 0.000921765 -0.000158678)
(0.106061 0.000963349 -0.000338354)
(0.0965224 0.000714267 -0.000404309)
(0.0980248 0.000915661 -0.000165955)
(0.106157 0.000972136 -0.000345186)
(0.0964572 0.000724581 -0.000408396)
(0.0979375 0.000910345 -0.000173664)
(0.10624 0.000984921 -0.000356275)
(0.0963764 0.000738032 -0.000416961)
(0.0978429 0.000911952 -0.000183972)
(0.0962843 0.000752956 -0.000429784)
(0.0977331 0.000917488 -0.000196772)
(0.0883304 0.000442728 -0.000408007)
(0.0686099 0.000295746 -0.000298346)
(0.0792327 0.000401432 -0.000268409)
(0.0881388 0.000452792 -0.000404736)
(0.0682885 0.000294573 -0.000289487)
(0.0789137 0.000405141 -0.000265227)
(0.0879326 0.000469078 -0.000409383)
(0.0679519 0.000301264 -0.000288816)
(0.078572 0.000410197 -0.000267973)
(0.0877107 0.000484607 -0.000416831)
(0.0676236 0.000306447 -0.000289957)
(0.0782401 0.000413609 -0.000273427)
(0.0874701 0.00050057 -0.000428104)
(0.0672708 0.000310383 -0.000292759)
(0.0778802 0.000417165 -0.000281138)
(0.0669277 0.000312763 -0.000296922)
(0.0775281 0.000423239 -0.000292006)
(0.0515188 0.00019564 -0.000235108)
(0.0444517 0.000146278 -0.000148132)
(0.0510744 0.000189752 -0.000225511)
(0.0440439 0.000138137 -0.00014134)
(0.0506331 0.000184558 -0.000218586)
(0.0436331 0.000130835 -0.000137368)
(0.0501945 0.00017833 -0.000213772)
(0.0432398 0.000121192 -0.000135146)
(0.0497557 0.000170562 -0.000210588)
(0.0428384 0.000113027 -0.000134639)
(0.0424503 0.000105223 -0.000135064)
(0.0405781 7.69894e-05 0.000223958)
(0.0541037 9.35415e-05 0.000181472)
(0.0308966 6.27441e-05 0.000106028)
(0.0401679 7.94299e-05 0.000214769)
(0.0536729 9.60164e-05 0.000181347)
(0.0305716 6.28655e-05 0.000100301)
(0.0397608 8.14632e-05 0.000207218)
(0.0532492 9.9517e-05 0.000181598)
(0.0302484 6.45871e-05 9.65005e-05)
(0.0528231 0.00010338 0.000181283)
(0.029929 6.60188e-05 9.29096e-05)
(0.0706484 0.000140093 0.000277001)
(0.0789223 0.000261625 0.000407544)
(0.052673 8.20403e-05 0.000124688)
(0.0701996 0.000142441 0.000280062)
(0.0785855 0.000262875 0.000411943)
(0.052264 8.46943e-05 0.000127584)
(0.0697509 0.000147262 0.000283398)
(0.0782512 0.000268628 0.000417681)
(0.051865 8.93927e-05 0.000128507)
(0.0779001 0.000274869 0.000422682)
(0.0514649 9.3946e-05 0.000128602)
(0.0883472 0.000405736 0.000444492)
(0.0925607 0.000577205 0.00036997)
(0.0686233 0.000297028 0.000299894)
(0.0881577 0.000400087 0.000453784)
(0.0924466 0.000560204 0.000378914)
(0.0682997 0.000285322 0.000295852)
(0.0879529 0.000405329 0.000472645)
(0.0923218 0.000555417 0.000398416)
(0.0679685 0.00028367 0.000301082)
(0.0877303 0.000413038 0.000490284)
(0.0921827 0.000555575 0.000421375)
(0.0676391 0.000286905 0.000309334)
(0.0920277 0.000555715 0.000440215)
(0.0672967 0.000287656 0.000311963)
(0.0970727 0.000746973 0.000310821)
(0.0994182 0.000945671 0.000279009)
(0.0781578 0.000647961 0.000299353)
(0.0970313 0.000730701 0.000324593)
(0.0993831 0.000923282 0.000284955)
(0.0778587 0.000625184 0.000299359)
(0.0969795 0.000720519 0.000341766)
(0.0993428 0.000909191 0.000295998)
(0.0775647 0.000591132 0.000294944)
(0.0969138 0.00071285 0.000358763)
(0.0992923 0.000895065 0.000305627)
(0.0772761 0.000551113 0.000287883)
(0.0992348 0.000882402 0.0003141)
(0.0769904 0.000524298 0.000287005)
(0.101857 0.00113129 0.000257543)
(0.103133 0.00126663 0.000259962)
(0.0842255 0.0010261 0.00030325)
(0.101822 0.00111085 0.000261309)
(0.103081 0.0012432 0.000255215)
(0.0838773 0.000997168 0.000300164)
(0.101784 0.00109235 0.000266031)
(0.103026 0.00122815 0.000254435)
(0.0835375 0.00096683 0.000299416)
(0.101741 0.00107242 0.000269839)
(0.102965 0.00121296 0.000254284)
(0.0832048 0.000932596 0.000298942)
(0.102902 0.00119678 0.000254846)
(0.0828768 0.000897079 0.00029814)
(0.104379 0.00138049 0.00025844)
(0.10435 0.00140574 0.000276213)
(0.0873907 0.0012511 0.000308523)
(0.104306 0.00136218 0.000250257)
(0.104256 0.00138759 0.000263722)
(0.0869742 0.00122147 0.000298816)
(0.104229 0.00135036 0.000245074)
(0.104161 0.0013756 0.000255175)
(0.0865655 0.00119424 0.000290852)
(0.104147 0.00133925 0.000240533)
(0.104056 0.00136301 0.00024609)
(0.0861647 0.00116827 0.000283207)
(0.104059 0.00132579 0.000236876)
(0.103949 0.00134736 0.000237853)
(0.0857711 0.00114257 0.000276729)
(0.103835 0.00133142 0.00023257)
(0.0853861 0.00111569 0.000271937)
(0.104228 0.00141292 0.00028025)
(0.102322 0.00130558 0.000255099)
(0.0870883 0.00127021 0.000307684)
(0.104113 0.00140116 0.000267066)
(0.10219 0.00129225 0.000240777)
(0.086626 0.0012456 0.000298444)
(0.10399 0.00138831 0.000254948)
(0.102056 0.00127553 0.000228108)
(0.0861672 0.001222 0.000288016)
(0.10386 0.00137086 0.000243342)
(0.101911 0.00126471 0.000215225)
(0.085718 0.00119579 0.000277255)
(0.103725 0.00135291 0.000233097)
(0.10176 0.00125073 0.000202675)
(0.0852695 0.00116859 0.000267324)
(0.101602 0.00123578 0.000191601)
(0.0848306 0.00114551 0.000259036)
(0.100386 0.00119006 0.000219089)
(0.0956877 0.0009949 0.000120693)
(0.0824458 0.00104667 0.000234006)
(0.100237 0.00117223 0.000204595)
(0.0955003 0.000982159 0.000109414)
(0.0819919 0.00102216 0.000218329)
(0.10008 0.00115824 0.000189674)
(0.0953023 0.000965411 9.63941e-05)
(0.0815403 0.000997795 0.000202649)
(0.0999147 0.00115122 0.00017451)
(0.0950949 0.00095732 8.18617e-05)
(0.0810957 0.000980041 0.000187766)
(0.0997406 0.00114034 0.000160559)
(0.0948752 0.000950926 6.756e-05)
(0.08066 0.00096236 0.000175904)
(0.0946468 0.000944784 5.21613e-05)
(0.0802268 0.000945255 0.000166181)
(0.0912349 0.000818957 -5.20566e-06)
(0.0805879 0.000547991 -0.000113829)
(0.072792 0.000650269 4.36857e-05)
(0.0910026 0.00080593 -1.32049e-05)
(0.0802483 0.000547534 -0.000118269)
(0.0723817 0.000621881 3.33331e-05)
(0.0907579 0.000793247 -2.27827e-05)
(0.0798894 0.000541228 -0.000121069)
(0.0719608 0.000601737 2.10002e-05)
(0.0905011 0.00078425 -3.36213e-05)
(0.0795382 0.000535394 -0.000126378)
(0.0715491 0.000586133 8.61795e-06)
(0.0902299 0.000780177 -4.55616e-05)
(0.0791661 0.000531105 -0.000132799)
(0.0711277 0.000573555 -1.75567e-06)
(0.0787984 0.000530296 -0.000140337)
(0.0707136 0.000563861 -9.92063e-06)
(0.0710906 0.000266657 -0.000141497)
(0.0530779 0.000117372 -8.67487e-05)
(0.0545329 0.00018213 -9.62431e-05)
(0.0706425 0.000273499 -0.000144169)
(0.0526715 0.000122501 -8.63469e-05)
(0.0541048 0.000180867 -9.79737e-05)
(0.0701926 0.000276266 -0.00014811)
(0.0522561 0.000124454 -8.87601e-05)
(0.0536679 0.000179216 -0.000101237)
(0.069741 0.000277667 -0.000154238)
(0.0518595 0.000123963 -9.34938e-05)
(0.0532472 0.000178113 -0.000106646)
(0.0692862 0.000279887 -0.000162063)
(0.0514519 0.000122943 -9.92309e-05)
(0.0528145 0.000176878 -0.000112123)
(0.051056 0.000123524 -0.000105993)
(0.0523942 0.000177337 -0.00011681)
(0.038403 1.99605e-05 -6.21355e-05)
(0.0301877 -2.08003e-05 -4.31183e-05)
(0.038025 2.04905e-05 -6.13654e-05)
(0.0298701 -1.6889e-05 -4.23534e-05)
(0.0376544 1.76571e-05 -6.23863e-05)
(0.0295554 -1.57822e-05 -4.32832e-05)
(0.0372917 1.32214e-05 -6.46285e-05)
(0.029252 -1.66219e-05 -4.55564e-05)
(0.0369343 9.36634e-06 -6.76549e-05)
(0.0289489 -1.76323e-05 -4.82318e-05)
(0.0286505 -1.80512e-05 -5.07319e-05)
(0.0241745 4.12325e-05 9.4501e-06)
(0.02987 3.97911e-05 -1.4176e-05)
(0.0239082 4.16594e-05 8.19986e-06)
(0.0295607 4.04899e-05 -1.27975e-05)
(0.0236442 4.26127e-05 6.72502e-06)
(0.0292552 4.26368e-05 -1.26889e-05)
(0.0289545 4.46319e-05 -1.31815e-05)
(0.0380291 5.82932e-05 2.35135e-05)
(0.0440475 0.00013804 0.000140378)
(0.0376619 5.96449e-05 2.15987e-05)
(0.0436436 0.00013355 0.000131747)
(0.0373004 6.1904e-05 1.79576e-05)
(0.0432491 0.000132028 0.000123688)
(0.0428564 0.000130879 0.000114182)
(0.0515254 0.000232507 0.000199532)
(0.0563025 0.000408529 0.000249368)
(0.0510845 0.000221448 0.000190333)
(0.0558192 0.000388516 0.000240692)
(0.0506479 0.000214268 0.000183902)
(0.0553422 0.000355917 0.000225352)
(0.0502138 0.000209593 0.000177727)
(0.0548842 0.000318611 0.000207257)
(0.0544295 0.000293136 0.000195471)
(0.0612182 0.000587416 0.000314884)
(0.0648357 0.0007862 0.000335845)
(0.0606979 0.000543767 0.000296189)
(0.0642574 0.000754964 0.000329072)
(0.0601949 0.000477208 0.000267142)
(0.0636964 0.00070418 0.000316867)
(0.0597131 0.000415415 0.00024167)
(0.0631561 0.000643171 0.000302187)
(0.0626292 0.000594092 0.000291812)
(0.0681158 0.000965312 0.00036578)
(0.0702348 0.00108848 0.000368824)
(0.0674961 0.000927984 0.000358991)
(0.0695568 0.00105454 0.000358895)
(0.0668914 0.0008845 0.000354067)
(0.0688963 0.00101594 0.000350188)
(0.0663018 0.000837351 0.000349897)
(0.0682557 0.000973785 0.000342877)
(0.0676284 0.000931256 0.00033746)
(0.0717171 0.00117934 0.000365206)
(0.0718858 0.00120939 0.000357201)
(0.0709996 0.00114348 0.000356261)
(0.0711358 0.00117525 0.000351182)
(0.0702992 0.00110589 0.000346761)
(0.0703971 0.00113984 0.000341634)
(0.0696177 0.00106851 0.00033792)
(0.069685 0.00110414 0.00033007)
(0.0689556 0.00103225 0.000330957)
(0.0689819 0.00106969 0.000319541)
(0.0683022 0.00103668 0.000312745)
(0.0713098 0.00120657 0.000338899)
(0.069049 0.00111295 0.00030081)
(0.0705406 0.00117284 0.000332316)
(0.0683019 0.00107992 0.00029203)
(0.0697891 0.00113839 0.000323303)
(0.0675615 0.00104908 0.000279067)
(0.0690537 0.00110414 0.000314216)
(0.066847 0.00101683 0.000269032)
(0.0683341 0.00107214 0.000306046)
(0.0661473 0.00098584 0.000261531)
(0.0654644 0.000959583 0.000253462)
(0.0662197 0.00100186 0.000239588)
(0.0614775 0.000793726 0.000170675)
(0.0654975 0.000972438 0.000222925)
(0.060836 0.000756497 0.000151861)
(0.0647957 0.000944476 0.000207278)
(0.0601953 0.000728805 0.000134122)
(0.0641128 0.000916885 0.000195452)
(0.0595779 0.000705929 0.000117779)
(0.063447 0.000891751 0.000187304)
(0.0589694 0.000684246 0.000106746)
(0.0583778 0.000664553 0.000101007)
(0.0567077 0.000588956 7.13959e-05)
(0.0482384 0.000417377 -1.85188e-05)
(0.0561361 0.000550284 5.73993e-05)
(0.0477526 0.000385812 -2.33969e-05)
(0.0555754 0.000525082 4.27908e-05)
(0.047265 0.000365247 -3.08547e-05)
(0.0550229 0.000505269 3.1009e-05)
(0.0467949 0.000349823 -3.80378e-05)
(0.0544795 0.000487478 2.40396e-05)
(0.0463218 0.00033667 -4.3229e-05)
(0.0458634 0.000324532 -4.43833e-05)
(0.0409952 0.000239697 -8.11857e-05)
(0.0312317 0.000114704 -6.90565e-05)
(0.0405782 0.000224939 -8.25123e-05)
(0.0308985 0.000105817 -6.63379e-05)
(0.0401668 0.000214624 -8.62946e-05)
(0.0305685 9.9707e-05 -6.72581e-05)
(0.0397594 0.00020681 -9.0487e-05)
(0.0302478 9.52787e-05 -7.02355e-05)
(0.039357 0.000200023 -9.27257e-05)
(0.0299267 9.1691e-05 -7.31214e-05)
(0.0296106 8.87075e-05 -7.43348e-05)
(0.0244463 8.59257e-06 -4.45774e-05)
(0.0241732 7.86118e-06 -4.39646e-05)
(0.023906 6.18713e-06 -4.49042e-05)
(0.0236422 4.30482e-06 -4.66196e-05)
(0.0233806 2.92441e-06 -4.81505e-05)
)
;

boundaryField
{
    inlet
    {
        type            calculated;
        value           nonuniform List<vector> 0();
    }
    ami1
    {
        type            cyclicAMI;
        value           nonuniform List<vector> 0();
    }
    walls
    {
        type            calculated;
        value           uniform (0 0 0);
    }
    ami2
    {
        type            cyclicAMI;
        value           nonuniform List<vector> 0();
    }
    outlet
    {
        type            calculated;
        value           nonuniform List<vector> 0();
    }
    procBoundary7to5
    {
        type            processor;
        value           nonuniform List<vector> 
131
(
(0.023114 -3.76834e-06 4.48358e-05)
(0.0389438 -0.000195219 8.46757e-05)
(0.0539151 -0.000475564 -2.71502e-05)
(0.0627465 -0.000874021 -0.000184105)
(0.0675678 -0.00105426 -0.000301568)
(0.0682422 -0.00100694 -0.000330512)
(0.0651035 -0.000760089 -0.000349679)
(0.0587196 -0.000355171 -0.000217995)
(0.0493013 -0.000207201 -0.00016143)
(0.036568 -6.9183e-05 -6.34112e-06)
(0.0231131 -4.76509e-05 -2.28541e-06)
(0.036576 -1.00516e-05 6.61327e-05)
(0.0688146 -0.000284681 0.000159561)
(0.0899352 -0.000778187 4.73995e-05)
(0.0995521 -0.00113081 -0.00015385)
(0.103573 -0.00134286 -0.00022911)
(0.103955 -0.00132168 -0.000237437)
(0.101627 -0.00104638 -0.000279292)
(0.0967293 -0.000707908 -0.000388141)
(0.0871974 -0.000435988 -0.000512088)
(0.068808 -0.000167182 -0.000281704)
(0.0389461 -8.98419e-05 -0.000193699)
(0.0493178 -0.000163318 0.000203785)
(0.0872176 -0.000516962 0.000430517)
(0.106319 -0.000998989 0.000360609)
(0.11472 -0.00126645 6.81997e-05)
(0.118239 -0.0013773 -0.000110358)
(0.118824 -0.00130339 -0.000261193)
(0.117311 -0.00104038 -0.000459103)
(0.113719 -0.000690121 -0.000743714)
(0.106314 -0.000365842 -0.000997766)
(0.0899356 -5.46975e-05 -0.000777305)
(0.0539246 2.28148e-05 -0.000473143)
(0.058752 -0.000218181 0.000352455)
(0.0967462 -0.000388781 0.000699688)
(0.113718 -0.00074619 0.000687088)
(0.121423 -0.000913875 0.000356724)
(0.12487 -0.000969418 7.46614e-05)
(0.12572 -0.000872642 -0.000221164)
(0.124603 -0.000652479 -0.000542046)
(0.121421 -0.000358802 -0.00091289)
(0.114717 -7.24135e-05 -0.00126671)
(0.0995575 0.000147959 -0.00113018)
(0.0627727 0.000180825 -0.000870686)
(0.0651454 -0.000348771 0.000756895)
(0.101639 -0.000279816 0.00104023)
(0.117304 -0.000463958 0.00103763)
(0.124599 -0.000546493 0.000650726)
(0.128011 -0.000544652 0.000269697)
(0.12899 -0.000439314 -0.000126487)
(0.12801 -0.000271211 -0.000541237)
(0.124862 -7.64279e-05 -0.000967942)
(0.118232 0.000106568 -0.00137643)
(0.103577 0.000223513 -0.00134108)
(0.0676029 0.00029701 -0.00105086)
(0.0682952 -0.000329532 0.001001)
(0.0682923 -0.000314834 0.00103896)
(0.103963 -0.000238048 0.00131439)
(0.103831 -0.000238376 0.00133366)
(0.118817 -0.000265524 0.0012948)
(0.118399 -0.000196048 0.00133382)
(0.12571 -0.000226423 0.000867861)
(0.125084 -8.26752e-05 0.000916128)
(0.128984 -0.000130591 0.000435199)
(0.128267 6.54982e-05 0.000486096)
(0.129968 -2.76425e-06 -6.70091e-07)
(0.128987 0.0001244 -0.000437172)
(0.125714 0.000218862 -0.00087137)
(0.118819 0.000257865 -0.00130206)
(0.103959 0.000232521 -0.00132025)
(0.0682735 0.000324207 -0.00100523)
(0.0683319 -0.000309151 0.00107384)
(0.103722 -0.000239023 0.00135317)
(0.117997 -0.00012346 0.00137134)
(0.124471 6.47082e-05 0.000962183)
(0.127562 0.000264666 0.000536743)
(0.128267 0.000349 0.000329124)
(0.128984 0.00043277 0.000124913)
(0.12801 0.000538363 -0.000270164)
(0.124604 0.000538601 -0.000651852)
(0.117311 0.000455165 -0.00103987)
(0.101632 0.000275754 -0.00104742)
(0.0651257 0.000343832 -0.000758236)
(0.0634437 -0.000194256 0.000893215)
(0.099747 -0.000170033 0.00113607)
(0.11453 4.98416e-05 0.00125384)
(0.121066 0.000347263 0.000898789)
(0.124197 0.000647961 0.000533901)
(0.124949 0.000757134 0.000375317)
(0.125711 0.000865652 0.000219452)
(0.124865 0.000963205 -7.54957e-05)
(0.121426 0.000907877 -0.000358112)
(0.113722 0.000738301 -0.000689634)
(0.0967367 0.000384378 -0.000707805)
(0.0587365 0.00021514 -0.0003551)
(0.0544825 -3.52591e-05 0.000485598)
(0.090238 3.41536e-05 0.000780031)
(0.106247 0.00034773 0.000985086)
(0.113473 0.000681775 0.000725195)
(0.117026 0.00103901 0.000450499)
(0.117922 0.00116392 0.000353245)
(0.11882 0.00129069 0.000257478)
(0.118235 0.00136906 0.000106168)
(0.114721 0.00126083 -7.2337e-05)
(0.106316 0.000991014 -0.000364918)
(0.0872103 0.000508757 -0.000436206)
(0.0493171 0.000159643 -0.000207376)
(0.0393608 8.17745e-05 0.000199696)
(0.069298 0.000151925 0.000284618)
(0.0874909 0.00041907 0.000502001)
(0.0968373 0.000705882 0.000374006)
(0.101692 0.00105252 0.000272588)
(0.10283 0.00117953 0.000253505)
(0.103967 0.0013074 0.000233106)
(0.103587 0.00133379 0.000224249)
(0.0995637 0.0011255 0.000147114)
(0.0899448 0.000771632 -5.52861e-05)
(0.068826 0.000278513 -0.000168176)
(0.0365799 4.75147e-06 -6.97585e-05)
(0.0233839 4.32112e-05 5.37151e-06)
(0.0369465 6.35809e-05 1.39916e-05)
(0.04978 0.000205873 0.00017075)
(0.0592441 0.000375028 0.000226013)
(0.0657287 0.000792037 0.000346466)
(0.0670217 0.00089196 0.000333189)
(0.0683115 0.000999392 0.000326749)
(0.0676313 0.00104441 0.000298412)
(0.0627933 0.00086707 0.000179679)
(0.0539435 0.000471729 2.0327e-05)
(0.0389599 0.000192637 -9.17558e-05)
(0.0231216 1.72375e-06 -4.86052e-05)
)
;
    }
    procBoundary7to8
    {
        type            processor;
        value           nonuniform List<vector> 
68
(
(0.0247272 -8.75305e-06 4.46474e-05)
(0.041415 -0.000259989 8.19001e-05)
(0.0572815 -0.000653427 -8.11253e-05)
(0.0669445 -0.0010328 -0.000259941)
(0.0720604 -0.00124053 -0.000348973)
(0.0387905 -1.9823e-05 6.1671e-05)
(0.0715279 -0.000253742 0.000130922)
(0.0914464 -0.000833417 -6.36511e-06)
(0.100515 -0.00121552 -0.000237299)
(0.104331 -0.00142976 -0.000298051)
(0.0519627 -0.000212114 0.000244618)
(0.0885181 -0.000436542 0.000408673)
(0.105703 -0.000941298 0.000318506)
(0.113467 -0.00124506 -2.45293e-06)
(0.116798 -0.00140115 -0.000164785)
(0.0617338 -0.000331619 0.00061217)
(0.0971091 -0.000303784 0.000764924)
(0.112202 -0.000655476 0.000719659)
(0.119282 -0.00085635 0.000339513)
(0.122535 -0.000955237 5.53694e-05)
(0.0687364 -0.000380163 0.000996788)
(0.101895 -0.000262585 0.00115873)
(0.115646 -0.000425867 0.00110482)
(0.122216 -0.000514231 0.000669782)
(0.125363 -0.000531311 0.000273096)
(0.126271 -0.000441797 -0.000124297)
(0.0724385 -0.000377051 0.00120931)
(0.104455 -0.000275535 0.00140836)
(0.117255 -0.000285857 0.00134979)
(0.123314 -0.000226129 0.000885052)
(0.126269 -0.00012548 0.000441622)
(0.127169 -1.35574e-06 1.0071e-07)
(0.0720952 -0.000345681 0.00123698)
(0.0690564 -0.000303516 0.00111228)
(0.104341 -0.000297428 0.00142492)
(0.102323 -0.000259123 0.00130678)
(0.116796 -0.000165648 0.00139709)
(0.122531 5.38397e-05 0.000953542)
(0.12536 0.000270766 0.000530515)
(0.126269 0.000438965 0.000123959)
(0.0662239 -0.000242415 0.00100293)
(0.100391 -0.000223886 0.00118719)
(0.106719 -0.000126427 0.00126398)
(0.113469 -2.22376e-06 0.0012409)
(0.11928 0.000338623 0.000853555)
(0.122212 0.000667916 0.000512152)
(0.123312 0.00088298 0.000223706)
(0.0567076 -7.36394e-05 0.000590185)
(0.0912425 3.64795e-07 0.000816885)
(0.0981631 0.000148988 0.00092653)
(0.105705 0.000320035 0.00093709)
(0.112199 0.000720172 0.000651836)
(0.11564 0.00110434 0.000422706)
(0.11725 0.00134897 0.000282553)
(0.0409923 7.78963e-05 0.00023946)
(0.0710964 0.000137128 0.00026745)
(0.0792479 0.000265242 0.000402267)
(0.0885269 0.00041224 0.00043452)
(0.09711 0.000767316 0.000299993)
(0.101891 0.00115956 0.000258373)
(0.10445 0.00140861 0.00027178)
(0.0244468 4.24304e-05 9.79693e-06)
(0.0384047 5.9874e-05 2.33685e-05)
(0.0444561 0.000146647 0.000151605)
(0.0519742 0.000247002 0.000211068)
(0.0617495 0.000614063 0.000327874)
(0.0687538 0.000998693 0.0003763)
(0.0724502 0.00121174 0.000373618)
)
;
    }
    procBoundary7to9
    {
        type            processor;
        value           nonuniform List<vector> 
59
(
(0.0724062 -0.00121565 -0.000378748)
(0.0687142 -0.00100411 -0.000381403)
(0.0617199 -0.000618846 -0.000329799)
(0.0519637 -0.000248647 -0.000207575)
(0.0387899 -6.42606e-05 -1.6285e-05)
(0.0247285 -4.69055e-05 -7.23316e-06)
(0.104446 -0.00141292 -0.000274293)
(0.101883 -0.00116314 -0.000260619)
(0.097097 -0.000764749 -0.000297984)
(0.0885077 -0.000414245 -0.000434956)
(0.0715292 -0.000136632 -0.000250737)
(0.0414192 -8.54138e-05 -0.000259032)
(0.117254 -0.00135357 -0.00028493)
(0.11564 -0.00110865 -0.000424995)
(0.112193 -0.000724406 -0.000655825)
(0.105693 -0.000324777 -0.000941727)
(0.0914495 9.25543e-07 -0.000829978)
(0.0572877 7.67204e-05 -0.000654618)
(0.123315 -0.000886296 -0.000225168)
(0.122211 -0.000671151 -0.000513891)
(0.119275 -0.000341617 -0.000856275)
(0.113462 -1.44258e-06 -0.00124402)
(0.100521 0.000232655 -0.00121191)
(0.0669588 0.000254347 -0.00103501)
(0.12536 -0.000273904 -0.000531604)
(0.122529 -5.7006e-05 -0.000955974)
(0.116791 0.000162132 -0.00140074)
(0.104333 0.000294438 -0.00142894)
(0.0720858 0.000343888 -0.00124044)
(0.12627 0.000122284 -0.000442012)
(0.123313 0.000222799 -0.000887098)
(0.117252 0.000282203 -0.00135335)
(0.104448 0.000271982 -0.00141266)
(0.0724269 0.000376204 -0.00121384)
(0.125362 0.000528073 -0.000273661)
(0.122215 0.000510831 -0.00067159)
(0.115643 0.000422412 -0.00110809)
(0.101888 0.000258436 -0.00116217)
(0.0687257 0.000379682 -0.00100263)
(0.122533 0.000951939 -5.71277e-05)
(0.11928 0.000853267 -0.000342277)
(0.112198 0.000653595 -0.000723846)
(0.0971021 0.000295411 -0.000763482)
(0.0617258 0.000327128 -0.00061752)
(0.116794 0.00139654 0.00016152)
(0.113466 0.00124051 -2.49158e-06)
(0.105697 0.000939598 -0.000325026)
(0.0885128 0.000433586 -0.000414119)
(0.0519679 0.000205518 -0.000248303)
(0.104336 0.0014249 0.000293823)
(0.100523 0.00120785 0.000232675)
(0.0914523 0.000826716 2.12256e-06)
(0.071534 0.000250079 -0.000135964)
(0.0387925 1.59041e-05 -6.43547e-05)
(0.0720962 0.00123904 0.000342494)
(0.0669629 0.00103283 0.000254435)
(0.0572936 0.000652626 7.86621e-05)
(0.0414235 0.000258645 -8.39839e-05)
(0.0247306 7.35017e-06 -4.66086e-05)
)
;
    }
}


// ************************************************************************* //
