/*--------------------------------*- C++ -*----------------------------------*\
| =========                 |                                                 |
| \\      /  F ield         | OpenFOAM: The Open Source CFD Toolbox           |
|  \\    /   O peration     | Version:  2212                                  |
|   \\  /    A nd           | Website:  www.openfoam.com                      |
|    \\/     M anipulation  |                                                 |
\*---------------------------------------------------------------------------*/
FoamFile
{
    version     2.0;
    format      ascii;
    arch        "LSB;label=32;scalar=64";
    class       surfaceVectorField;
    location    "0.5";
    object      Uf;
}
// * * * * * * * * * * * * * * * * * * * * * * * * * * * * * * * * * * * * * //

dimensions      [0 1 -1 0 0 0 0];

internalField   nonuniform List<vector> 
1769
(
(0.0456581 -1.17769e-06 0.000145005)
(0.0543572 0.000123857 0.000204007)
(0.0544141 0.000109409 0.000278527)
(0.0448252 -6.0286e-05 0.000167211)
(0.0533661 4.38469e-05 0.000217694)
(0.0534633 7.61603e-05 0.000283095)
(0.0442009 -0.000187662 0.000200769)
(0.0525239 -7.82699e-05 0.000251053)
(0.0526953 9.56923e-06 0.000299758)
(0.0440512 -0.000399434 0.000204499)
(0.0519635 -0.000320152 0.000274675)
(0.0522823 -0.000148037 0.000335818)
(0.0450203 -0.00185517 -0.000778516)
(0.0520603 -0.000799628 0.000177902)
(0.0526953 -0.000385326 0.000340669)
(0.051029 -0.0037373 -0.00166662)
(0.051285 -0.0022377 -0.000952601)
(0.066129 0.000353811 0.000392664)
(0.0734795 0.000673959 0.000620095)
(0.0760121 0.000338042 0.000358598)
(0.0650716 0.000170721 0.000406917)
(0.0724543 0.000514282 0.000633025)
(0.0752014 0.000220239 0.000388823)
(0.064155 -0.000115093 0.00041493)
(0.0714961 0.00028793 0.000661776)
(0.0744914 5.06216e-05 0.000439408)
(0.0635079 -0.000674952 0.000331822)
(0.0706413 -8.76072e-05 0.000698936)
(0.0739348 -0.00026587 0.000452576)
(0.0636571 -0.00235391 -0.000382308)
(0.0699497 -0.000846136 0.000640783)
(0.0735975 -0.000966172 0.000227939)
(0.0687084 -0.00273162 0.000371628)
(0.0729106 -0.00314292 -0.00120906)
(0.0814198 0.000775905 0.000870605)
(0.0860786 0.000767409 0.000971132)
(0.0887124 0.000760252 0.000885507)
(0.0805105 0.000573086 0.000900559)
(0.0852619 0.000606816 0.000989556)
(0.088132 0.000602599 0.000915333)
(0.0795917 0.000273498 0.000972219)
(0.0843953 0.000397995 0.00104619)
(0.0875705 0.000396641 0.000983273)
(0.0785918 -0.000238141 0.00107669)
(0.0833927 9.82152e-05 0.00117954)
(0.0869911 8.72644e-05 0.00111431)
(0.0773191 -0.000941311 0.00166327)
(0.0821415 -0.000345556 0.00137616)
(0.0863425 -0.000414972 0.00129471)
(0.0806369 -0.000632932 0.00246101)
(0.0856551 -0.000976732 0.00207359)
(0.0904673 0.000678552 0.00112608)
(0.0926657 0.00057075 0.00113382)
(0.096144 0.000667225 0.00119501)
(0.0897107 0.00055335 0.00118163)
(0.0920679 0.0005278 0.00116363)
(0.0957518 0.000556053 0.00123529)
(0.0887861 0.000412143 0.00131795)
(0.0913562 0.000508109 0.00124194)
(0.0952837 0.000431559 0.00133932)
(0.0875537 0.000240785 0.00156148)
(0.0904317 0.00051405 0.00141108)
(0.0946688 0.000288876 0.0015572)
(0.0857969 0.00039574 0.00229724)
(0.0891824 0.000586986 0.00167564)
(0.093839 0.000115874 0.0019136)
(0.0878798 0.00114736 0.00251859)
(0.093023 0.000387227 0.00301894)
(0.0943885 0.000383032 0.00116918)
(0.0946987 0.000126512 0.00112919)
(0.0993709 0.000345506 0.0012875)
(0.09385 0.000436486 0.00122)
(0.0942648 0.000210062 0.00114364)
(0.0991521 0.000361194 0.00131955)
(0.0931678 0.000539521 0.00132672)
(0.0937539 0.000355794 0.00118626)
(0.0988549 0.000413546 0.00139758)
(0.0922647 0.00073347 0.00150749)
(0.0931165 0.000584775 0.00127537)
(0.0984361 0.000503642 0.00155412)
(0.0910318 0.00122138 0.00186912)
(0.0922954 0.000978366 0.001417)
(0.0978553 0.000682838 0.00179782)
(0.0915737 0.00181076 0.00172941)
(0.0974757 0.00113708 0.00227205)
(0.0945857 -7.01785e-05 0.00110366)
(0.0929054 -0.000399723 0.00106329)
(0.0994919 -0.000140062 0.00123872)
(0.094182 8.85411e-05 0.0011099)
(0.0924715 -0.000237853 0.0010379)
(0.0993539 -2.65588e-05 0.00123514)
(0.0937247 0.000328639 0.00113492)
(0.0920359 -1.07068e-05 0.00101449)
(0.0991828 0.000136298 0.00125149)
(0.0931936 0.000697062 0.00118488)
(0.0915887 0.000312229 0.000999385)
(0.0989635 0.000374284 0.00129542)
(0.0925929 0.00128863 0.00127729)
(0.0911118 0.000773716 0.00100102)
(0.0986848 0.000725323 0.00136871)
(0.0906303 0.00146144 0.00100097)
(0.0985231 0.00125143 0.00148815)
(0.0913936 -0.000714 0.00104182)
(0.0870681 -0.00089504 0.000922798)
(0.0966592 -0.00072925 0.0011307)
(0.090895 -0.000547114 0.000999509)
(0.0863859 -0.000759191 0.000883438)
(0.0964092 -0.000600771 0.00109051)
(0.0904313 -0.000321692 0.000946431)
(0.0857802 -0.000582565 0.000827765)
(0.0961843 -0.000438715 0.00104605)
(0.0900105 -5.45772e-06 0.000884304)
(0.0852767 -0.000340836 0.000747852)
(0.0959877 -0.000225195 0.000994661)
(0.0896294 0.000452705 0.000818832)
(0.0849123 1.27789e-05 0.000615835)
(0.0958204 7.12983e-05 0.000937587)
(0.0892329 0.0011352 0.000718461)
(0.0847499 0.000605375 0.000419932)
(0.0956809 0.000489162 0.000878082)
(0.0842353 0.00169248 -6.96858e-05)
(0.0955371 0.00107946 0.000792058)
(0.0825788 -0.000985877 0.000794076)
(0.0746967 -0.00086867 0.000566918)
(0.0894625 -0.000943148 0.00080605)
(0.0818031 -0.000848969 0.000744336)
(0.0736882 -0.000789241 0.00053547)
(0.0889378 -0.000840509 0.000759977)
(0.0811677 -0.000676093 0.000668779)
(0.0728094 -0.000699761 0.000481824)
(0.0885035 -0.000720559 0.000693714)
(0.0807225 -0.000421521 0.000530337)
(0.0721118 -0.000568186 0.00039355)
(0.0881843 -0.000566967 0.000589425)
(0.0805389 3.84505e-05 0.000285317)
(0.0717386 -0.000330906 0.000172886)
(0.0880065 -0.000324493 0.00039197)
(0.0807242 0.00106341 -0.000283701)
(0.0719786 0.000160616 -0.000204759)
(0.088025 0.000121005 6.86024e-05)
(0.0705688 0.00167091 -0.00121691)
(0.08775 0.00112 -0.000685204)
(0.0674063 -0.0006066 0.000317395)
(0.0555023 -0.000282266 0.000134377)
(0.0769638 -0.000513565 0.000260685)
(0.0663175 -0.000564783 0.000280751)
(0.0544145 -0.000278416 0.000109529)
(0.0760916 -0.000487194 0.000223605)
(0.0653913 -0.000504928 0.000213609)
(0.0534639 -0.000282934 7.62769e-05)
(0.0753372 -0.000467829 0.000161193)
(0.0647221 -0.000405442 5.72334e-05)
(0.0526962 -0.000299543 9.67173e-06)
(0.0747306 -0.000435281 5.57258e-05)
(0.0646141 -0.000259736 -0.000230305)
(0.0522836 -0.000335561 -0.000147976)
(0.0743793 -0.00034343 -0.000211612)
(0.0657405 6.45198e-05 -0.000769568)
(0.0526971 -0.000340389 -0.000385275)
(0.0744821 -6.12429e-05 -0.000848805)
(0.051287 0.000952799 -0.00223767)
(0.0732692 0.00113969 -0.00305341)
(0.0466366 -0.000135867 3.42698e-05)
(0.0554678 -0.000199809 0.000184781)
(0.0456586 -0.000144912 -1.0634e-06)
(0.0543576 -0.000203937 0.000123935)
(0.0448259 -0.000167092 -6.0176e-05)
(0.0533667 -0.000217616 4.39316e-05)
(0.0442019 -0.000200631 -0.000187581)
(0.0525248 -0.000250962 -7.82072e-05)
(0.0440526 -0.000204381 -0.000399387)
(0.0519647 -0.000274598 -0.000320134)
(0.0450222 0.000778605 -0.00185511)
(0.0520619 -0.000177853 -0.000799698)
(0.0510312 0.00166695 -0.00373793)
(0.0663169 0.000280666 0.00056505)
(0.0760911 0.000223546 0.000487376)
(0.0736877 0.0005354 0.000789473)
(0.0653904 0.00021354 0.000505288)
(0.0753364 0.000161125 0.000468056)
(0.0728087 0.000481792 0.00070011)
(0.0647209 5.71862e-05 0.000405887)
(0.0747296 5.56607e-05 0.000435582)
(0.0721108 0.00039354 0.000568651)
(0.0646124 -0.000230346 0.000260279)
(0.0743779 -0.000211628 0.000343801)
(0.0717371 0.000172916 0.00033153)
(0.0657379 -0.000769408 -6.37756e-05)
(0.07448 -0.000848863 6.16801e-05)
(0.0719765 -0.000204673 -0.000159698)
(0.0732664 -0.00305323 -0.00113902)
(0.0705664 -0.00121652 -0.00166967)
(0.0875026 0.000217743 0.000426033)
(0.091905 0.000498193 0.000691376)
(0.0919739 0.000535747 0.000637651)
(0.087113 9.64747e-05 0.000435775)
(0.0915878 0.000369588 0.000694614)
(0.0916936 0.000437742 0.00059247)
(0.0868159 -0.000125279 0.000421456)
(0.0913298 0.000196194 0.000721644)
(0.0914874 0.000298652 0.000545923)
(0.0865766 -0.000575839 0.000271323)
(0.0911134 -9.02753e-05 0.000729573)
(0.0913377 3.61664e-05 0.000440832)
(0.0860832 -0.00155456 -0.000335061)
(0.0908936 -0.000517594 0.000655462)
(0.0911878 -0.00043334 0.000211845)
(0.0908813 -0.00116226 0.000287345)
(0.0911596 -0.00133469 -0.000288425)
(0.0966394 0.000581084 0.000971566)
(0.099352 0.000605869 0.0011429)
(0.0997104 0.00076472 0.00101618)
(0.0964676 0.000410737 0.000997236)
(0.099237 0.000470967 0.00115894)
(0.0996666 0.000625562 0.000994004)
(0.0963252 0.000180357 0.001054)
(0.0991236 0.0003037 0.00121769)
(0.0996471 0.000451183 0.000991097)
(0.0961961 -0.000140396 0.00113522)
(0.098997 7.7106e-05 0.0013306)
(0.0996369 0.000213804 0.000995087)
(0.0960335 -0.000541005 0.00125038)
(0.0988598 -0.000219084 0.00149813)
(0.0996306 -0.000103811 0.000989039)
(0.0989856 -0.000542637 0.00172537)
(0.0998101 -0.000444823 0.00101298)
(0.102189 0.000542191 0.00135545)
(0.103426 0.000469138 0.00141193)
(0.104341 0.000637796 0.00136052)
(0.102136 0.000426241 0.00140817)
(0.103447 0.000413435 0.00143265)
(0.104444 0.000534848 0.00136116)
(0.102049 0.000289944 0.00153002)
(0.103431 0.000361192 0.00150152)
(0.104526 0.000420903 0.00140366)
(0.101926 0.000126068 0.00174044)
(0.10337 0.000308957 0.00164537)
(0.104583 0.000286791 0.00150216)
(0.101767 -1.7206e-05 0.00203961)
(0.103273 0.000258929 0.00186959)
(0.104628 0.000132514 0.00165512)
(0.10346 0.000270871 0.00215139)
(0.104873 2.36301e-05 0.00185046)
(0.104739 0.000322075 0.00149071)
(0.104742 9.16978e-05 0.00145479)
(0.106475 0.000310201 0.00148918)
(0.1048 0.000332996 0.00152727)
(0.10485 0.000144944 0.00145194)
(0.106687 0.000301963 0.00148679)
(0.104815 0.000366348 0.00161732)
(0.104926 0.000225707 0.00147852)
(0.106866 0.000307299 0.00151797)
(0.10478 0.000430808 0.00177371)
(0.104964 0.000346602 0.00155175)
(0.107008 0.000328944 0.00159825)
(0.104688 0.000547051 0.00197915)
(0.104974 0.000522229 0.00167062)
(0.107131 0.000373922 0.00172647)
(0.105209 0.000760591 0.00180858)
(0.107452 0.000459044 0.0018732)
(0.104855 -9.96918e-05 0.00141602)
(0.10357 -0.000364505 0.00131922)
(0.106543 -0.000185779 0.00143096)
(0.104979 1.6521e-05 0.00140319)
(0.103672 -0.000244128 0.00127532)
(0.106792 -0.000106784 0.00139254)
(0.105082 0.000173879 0.00141296)
(0.103772 -9.08651e-05 0.00123726)
(0.107021 -6.14263e-06 0.00137003)
(0.10516 0.000387275 0.00144866)
(0.103867 0.000111916 0.00120629)
(0.107229 0.00012754 0.00136686)
(0.105209 0.000656929 0.00150005)
(0.103964 0.000381295 0.00117954)
(0.10743 0.000302181 0.00138254)
(0.104183 0.000716672 0.00114559)
(0.107749 0.000508164 0.00140337)
(0.102377 -0.000619209 0.00124715)
(0.0995852 -0.000750263 0.00107231)
(0.104313 -0.000733469 0.00131118)
(0.102437 -0.000494778 0.00118276)
(0.0995234 -0.000648749 0.00100099)
(0.10448 -0.000632745 0.00122954)
(0.102515 -0.000345485 0.00111539)
(0.0995013 -0.000535836 0.000920821)
(0.104656 -0.000522588 0.00114669)
(0.102611 -0.000154803 0.00103898)
(0.0995203 -0.000398875 0.00081875)
(0.104842 -0.000394707 0.00105749)
(0.102718 9.43515e-05 0.000948885)
(0.0995691 -0.000208066 0.000666306)
(0.105036 -0.000234552 0.000956205)
(0.102823 0.000406731 0.000841911)
(0.099635 5.65286e-05 0.000446205)
(0.105246 -3.27841e-05 0.00084148)
(0.0997712 0.000459331 0.000122632)
(0.105529 0.000208859 0.000715931)
(0.0969632 -0.000804474 0.000849158)
(0.0923301 -0.000688085 0.000611631)
(0.0998319 -0.000958237 0.000963977)
(0.0968274 -0.000716909 0.000763693)
(0.0919744 -0.000637515 0.000535818)
(0.099789 -0.000881669 0.000865801)
(0.0967519 -0.000617974 0.000651442)
(0.0916942 -0.000592276 0.000437785)
(0.0997872 -0.000808081 0.000751374)
(0.0967398 -0.000484102 0.000478509)
(0.0914883 -0.00054562 0.000298618)
(0.0998267 -0.000729126 0.000605318)
(0.0967529 -0.000277417 0.000204242)
(0.0913389 -0.000440384 3.60186e-05)
(0.0998923 -0.00062105 0.00039228)
(0.0966879 6.59737e-05 -0.000217069)
(0.0911895 -0.000211221 -0.000433601)
(0.0999657 -0.000458071 0.000100072)
(0.0911623 0.000289325 -0.00133551)
(0.100127 -0.000217114 -0.000244939)
(0.0879808 -0.000433641 0.000304349)
(0.0769159 -0.000346707 0.000420904)
(0.0922856 -0.000708621 0.000599911)
(0.0875032 -0.000425935 0.000217845)
(0.0760126 -0.000358593 0.000338157)
(0.0919055 -0.00069129 0.000498146)
(0.0871139 -0.000435635 9.6548e-05)
(0.0752021 -0.000388804 0.000220334)
(0.0915884 -0.000694497 0.000369507)
(0.086817 -0.00042124 -0.000125284)
(0.0744924 -0.000439368 5.06547e-05)
(0.0913306 -0.000721455 0.000196024)
(0.0865783 -0.000271032 -0.000575953)
(0.0739362 -0.000452542 -0.000265914)
(0.0911145 -0.000729301 -9.05855e-05)
(0.0860856 0.000335714 -0.00155529)
(0.0735994 -0.000227915 -0.000966353)
(0.0908953 -0.000655136 -0.000518054)
(0.0729137 0.00120925 -0.0031438)
(0.090884 -0.000286705 -0.00116312)
(0.0672937 -0.000386538 0.00048124)
(0.0745712 -0.000619357 0.00079614)
(0.0661296 -0.000392645 0.000353886)
(0.0734799 -0.000620031 0.000673882)
(0.0650724 -0.000406884 0.000170739)
(0.0724549 -0.000632934 0.000514137)
(0.0641562 -0.000414903 -0.000115155)
(0.0714971 -0.000661672 0.000287682)
(0.0635095 -0.000331808 -0.000675146)
(0.0706425 -0.000698843 -8.79811e-05)
(0.0636593 0.000382382 -0.00235445)
(0.0699513 -0.000640698 -0.000846727)
(0.0687107 -0.000371454 -0.00273269)
(0.0818026 0.000744357 0.000849363)
(0.0889374 0.000759968 0.000840779)
(0.0863855 0.000883482 0.000759581)
(0.0811669 0.000668843 0.000676622)
(0.0885029 0.000693752 0.000720946)
(0.0857796 0.000827857 0.000583095)
(0.0807214 0.000530446 0.000422261)
(0.0881834 0.000589497 0.000567482)
(0.0852759 0.000747978 0.000341522)
(0.0805372 0.000285489 -3.74194e-05)
(0.0880053 0.000392096 0.000325246)
(0.0849111 0.000615996 -1.19001e-05)
(0.080722 -0.000283446 -0.00106214)
(0.0880233 6.8752e-05 -0.000120016)
(0.0847483 0.000420186 -0.000604106)
(0.0877479 -0.00068507 -0.00111887)
(0.0842333 -6.9356e-05 -0.00169087)
(0.096827 0.000763689 0.000717159)
(0.0997886 0.000865874 0.000881848)
(0.099523 0.00100102 0.000649008)
(0.0967513 0.000651515 0.000618342)
(0.0997867 0.000751522 0.000808354)
(0.0995008 0.000920916 0.000536198)
(0.096739 0.000478694 0.000484641)
(0.0998261 0.000605574 0.000729527)
(0.0995198 0.00081893 0.000399386)
(0.0967517 0.000204529 0.000278156)
(0.0998916 0.000392692 0.000621628)
(0.0995683 0.000666602 0.0002088)
(0.0966864 -0.000216737 -6.50662e-05)
(0.0999647 0.000100618 0.000458811)
(0.099634 0.000446567 -5.56859e-05)
(0.100126 -0.000244385 0.000217909)
(0.09977 0.00012304 -0.000458154)
(0.103085 0.000809453 0.000977894)
(0.104791 0.000767053 0.00114949)
(0.104828 0.00102348 0.000851536)
(0.103208 0.000669037 0.000928919)
(0.104974 0.000652591 0.00110889)
(0.105028 0.000910792 0.00078284)
(0.103347 0.000493628 0.000882761)
(0.105161 0.000521169 0.00108653)
(0.105238 0.000782332 0.000717834)
(0.103481 0.000271851 0.000827966)
(0.105347 0.000361134 0.00107797)
(0.105452 0.000626001 0.000647693)
(0.10357 3.35539e-05 0.000776862)
(0.105538 0.000174571 0.00107483)
(0.105672 0.000439992 0.000567464)
(0.105843 8.12466e-06 0.00109219)
(0.105985 0.000265535 0.000493123)
(0.106806 0.000626176 0.00129396)
(0.107528 0.000489221 0.0013697)
(0.107897 0.000753408 0.00110188)
(0.107058 0.000525972 0.0012817)
(0.107832 0.000430962 0.00134358)
(0.108241 0.000664918 0.00106206)
(0.1073 0.000415785 0.00129957)
(0.10812 0.000372341 0.00134527)
(0.108571 0.000571733 0.00104234)
(0.107538 0.000294703 0.00134614)
(0.108394 0.000311135 0.00137754)
(0.108892 0.000470286 0.00104233)
(0.107775 0.000179578 0.00141496)
(0.108673 0.000249076 0.00143512)
(0.10922 0.00036287 0.00105524)
(0.10906 0.000201962 0.00150412)
(0.10963 0.000272289 0.00106868)
(0.108583 0.000286278 0.00142128)
(0.108428 3.83304e-05 0.00140764)
(0.109342 0.000304966 0.00121162)
(0.108925 0.000271298 0.00140913)
(0.108791 5.83759e-05 0.00136673)
(0.109777 0.000282388 0.00117612)
(0.109246 0.000263128 0.00142518)
(0.109133 8.69794e-05 0.0013466)
(0.110186 0.000263991 0.00116147)
(0.109553 0.000262446 0.00146838)
(0.109458 0.000126917 0.00134608)
(0.110575 0.000249361 0.00116641)
(0.109859 0.000271675 0.00152603)
(0.109786 0.000179589 0.00136203)
(0.110965 0.000239203 0.00118263)
(0.110197 0.000241704 0.00138133)
(0.111427 0.000238049 0.00119368)
(0.108635 -0.000194809 0.00135309)
(0.107588 -0.000466289 0.001282)
(0.10937 -0.000266677 0.00117102)
(0.108998 -0.00013368 0.0013042)
(0.10792 -0.000394686 0.00120516)
(0.109815 -0.000224216 0.00111279)
(0.109346 -6.01915e-05 0.00126749)
(0.108243 -0.000316065 0.00113276)
(0.110238 -0.000176192 0.00106645)
(0.109682 2.97246e-05 0.00123973)
(0.10856 -0.000223823 0.00105966)
(0.110643 -0.000119763 0.00102655)
(0.110011 0.000134057 0.00121733)
(0.108885 -0.000113195 0.00098496)
(0.111047 -5.24138e-05 0.000990275)
(0.109274 1.37257e-05 0.000914911)
(0.1115 2.23007e-05 0.000955821)
(0.106607 -0.00074589 0.00123414)
(0.104638 -0.000927377 0.00112892)
(0.107564 -0.000869766 0.00110127)
(0.106899 -0.000661866 0.0011378)
(0.104828 -0.000851376 0.00102336)
(0.107936 -0.000795899 0.0010106)
(0.107193 -0.000576812 0.0010385)
(0.105028 -0.000782599 0.000910575)
(0.108298 -0.000727645 0.000921011)
(0.107489 -0.000484856 0.000931166)
(0.105238 -0.000717483 0.000782002)
(0.108653 -0.000663201 0.000827531)
(0.107787 -0.000379633 0.000813063)
(0.105453 -0.000647207 0.000625533)
(0.109004 -0.000597074 0.000726495)
(0.108084 -0.000258854 0.000693033)
(0.105673 -0.000566882 0.000439413)
(0.109363 -0.000523831 0.000618143)
(0.105985 -0.000492586 0.000264981)
(0.109781 -0.000438697 0.000519353)
(0.102982 -0.00103716 0.000930206)
(0.0997814 -0.00105681 0.000885063)
(0.104614 -0.00120809 0.000873585)
(0.103085 -0.000977709 0.000809298)
(0.0997107 -0.0010161 0.00076463)
(0.104791 -0.00114938 0.000766915)
(0.103208 -0.000928632 0.000668771)
(0.099667 -0.000993847 0.000625386)
(0.104974 -0.00110869 0.000652363)
(0.103348 -0.000882345 0.000493214)
(0.0996477 -0.000990844 0.000450883)
(0.105162 -0.00108623 0.00052082)
(0.103481 -0.000827422 0.00027128)
(0.0996377 -0.000994708 0.000213327)
(0.105348 -0.00107755 0.000360632)
(0.103571 -0.000776282 3.29209e-05)
(0.0996316 -0.000988554 -0.000104477)
(0.105538 -0.00107432 0.000173947)
(0.0998112 -0.00101239 -0.000445686)
(0.105843 -0.00109173 7.52244e-06)
(0.0968417 -0.000974617 0.000718177)
(0.0893244 -0.000879382 0.000891466)
(0.0994754 -0.00115712 0.000722734)
(0.0966398 -0.000971502 0.000580972)
(0.0887128 -0.000885494 0.000760176)
(0.0993523 -0.00114286 0.000605738)
(0.0964682 -0.00099711 0.000410526)
(0.0881326 -0.000915282 0.00060244)
(0.0992374 -0.00115884 0.000470758)
(0.096326 -0.0010538 0.000179996)
(0.0875713 -0.000983199 0.000396355)
(0.0991241 -0.00121753 0.000303366)
(0.0961972 -0.00113495 -0.000140956)
(0.0869921 -0.00111423 8.68076e-05)
(0.0989977 -0.00133035 7.65827e-05)
(0.096035 -0.00125002 -0.000541861)
(0.0863439 -0.00129468 -0.00041565)
(0.0988607 -0.00149782 -0.000219768)
(0.0856569 -0.00207355 -0.000977773)
(0.0989866 -0.00172492 -0.000543756)
(0.0823507 -0.000863378 0.000934858)
(0.0868842 -0.000972386 0.00089958)
(0.0814203 -0.000870534 0.000775764)
(0.086079 -0.000971065 0.000767238)
(0.0805112 -0.000900461 0.000572828)
(0.0852625 -0.000989456 0.000606555)
(0.0795927 -0.00097211 0.000273077)
(0.084396 -0.00104608 0.000397608)
(0.0785931 -0.00107659 -0.00023878)
(0.0833937 -0.0011794 9.7655e-05)
(0.0773208 -0.00166316 -0.000942276)
(0.0821427 -0.00137605 -0.000346386)
(0.0806383 -0.00246079 -0.00063408)
(0.0908946 0.000999631 0.000547658)
(0.0964089 0.0010906 0.000601173)
(0.0929052 0.00106339 0.000400181)
(0.0904307 0.000946592 0.00032239)
(0.0961839 0.00104619 0.000439245)
(0.0924713 0.00103803 0.000238436)
(0.0900097 0.0008845 6.33864e-06)
(0.0959872 0.000994839 0.000225883)
(0.0920354 0.00101465 1.14434e-05)
(0.0896283 0.000819078 -0.000451584)
(0.0958197 0.000937816 -7.04137e-05)
(0.0915881 0.00099957 -0.00031131)
(0.0892316 0.000718755 -0.00113373)
(0.09568 0.000878378 -0.000488016)
(0.091111 0.00100126 -0.00077254)
(0.095536 0.000792335 -0.001078)
(0.0906294 0.00100123 -0.00145989)
(0.102437 0.00118289 0.000495161)
(0.10448 0.00122968 0.000633009)
(0.10357 0.00131934 0.000364852)
(0.102515 0.00111559 0.000346001)
(0.104656 0.00114691 0.000522948)
(0.103672 0.00127549 0.000244583)
(0.102611 0.00103927 0.000155495)
(0.104841 0.00105779 0.000395191)
(0.103772 0.00123748 9.14589e-05)
(0.102717 0.000949273 -9.34384e-05)
(0.105035 0.000956609 0.000235191)
(0.103866 0.00120657 -0.000111098)
(0.102822 0.000842357 -0.00040559)
(0.105246 0.000841974 3.35719e-05)
(0.103963 0.00117987 -0.000380326)
(0.105529 0.000716456 -0.000208011)
(0.104182 0.00114595 -0.000715513)
(0.106899 0.001138 0.000662096)
(0.107936 0.00101075 0.000796053)
(0.107588 0.00128215 0.000466506)
(0.107193 0.00103878 0.000577125)
(0.108298 0.000921235 0.000727852)
(0.107919 0.00120536 0.00039497)
(0.107489 0.000931547 0.000485269)
(0.108653 0.000827839 0.000663475)
(0.108243 0.00113302 0.000316426)
(0.107787 0.000813531 0.000380122)
(0.109004 0.000726886 0.000597415)
(0.10856 0.00106 0.00022425)
(0.108084 0.000693517 0.000259307)
(0.109363 0.000618572 0.000524172)
(0.108885 0.000985337 0.000113623)
(0.109781 0.000519699 0.000438887)
(0.109274 0.000915255 -1.34556e-05)
(0.109407 0.000797916 0.000868779)
(0.109752 0.000579944 0.000939625)
(0.109757 0.000897223 0.00060655)
(0.109835 0.000717149 0.000822463)
(0.110228 0.000526212 0.000891754)
(0.110235 0.000828031 0.000565931)
(0.110249 0.000633649 0.000785686)
(0.110684 0.000472284 0.000856481)
(0.110692 0.000762184 0.000529382)
(0.110656 0.000547171 0.000753931)
(0.111123 0.000416933 0.000831293)
(0.111133 0.000697197 0.000495587)
(0.111057 0.000466052 0.000719059)
(0.111565 0.000360792 0.000809524)
(0.111574 0.000632806 0.000459609)
(0.112053 0.000315043 0.000780879)
(0.112059 0.000576956 0.000416169)
(0.110589 0.000301719 0.000963961)
(0.110336 2.08918e-06 0.000972106)
(0.110759 0.000329658 0.000672901)
(0.111095 0.000275471 0.000927263)
(0.110855 2.98494e-06 0.000921056)
(0.111319 0.000304578 0.000640643)
(0.111577 0.000250239 0.000903757)
(0.111349 5.1712e-06 0.000881578)
(0.11185 0.000281048 0.000616668)
(0.112043 0.000225705 0.000888778)
(0.111823 8.29871e-06 0.00085085)
(0.112359 0.000257617 0.0005986)
(0.112496 0.000204769 0.000873477)
(0.112293 1.32267e-05 0.000824539)
(0.112857 0.000230271 0.00057902)
(0.1128 2.17346e-05 0.000797412)
(0.113393 0.000215633 0.000561583)
(0.110601 -0.000299094 0.0009292)
(0.109757 -0.000606427 0.000897096)
(0.110764 -0.000332467 0.00065531)
(0.11111 -0.000270655 0.000875371)
(0.110235 -0.000565786 0.000827869)
(0.111325 -0.000308719 0.000614369)
(0.111596 -0.000240929 0.000828672)
(0.110692 -0.000529219 0.000761982)
(0.111859 -0.000285588 0.000578756)
(0.112063 -0.000208766 0.000786612)
(0.111133 -0.000495442 0.000696966)
(0.112369 -0.000261784 0.000546091)
(0.112513 -0.000173118 0.000748475)
(0.111574 -0.000459561 0.0006326)
(0.112866 -0.000231332 0.000512315)
(0.112058 -0.000416355 0.00057688)
(0.113398 -0.000207376 0.000488102)
(0.108961 -0.000925799 0.000878852)
(0.107538 -0.00115926 0.000841991)
(0.10925 -0.000999567 0.000635492)
(0.109407 -0.000868651 0.000797746)
(0.107897 -0.00110178 0.000753264)
(0.109752 -0.000939544 0.000579824)
(0.109835 -0.0008223 0.000716919)
(0.108241 -0.00106191 0.000664705)
(0.110228 -0.000891653 0.000526056)
(0.110249 -0.000785492 0.000633365)
(0.108572 -0.00104212 0.000571438)
(0.110683 -0.000856355 0.000472093)
(0.110655 -0.00075375 0.000546872)
(0.108892 -0.00104205 0.000469907)
(0.111123 -0.000831152 0.000416727)
(0.111056 -0.000718997 0.000465833)
(0.10922 -0.00105495 0.000362462)
(0.111564 -0.000809421 0.000360635)
(0.10963 -0.00106851 0.000271993)
(0.112052 -0.00078092 0.000315056)
(0.106544 -0.00133261 0.000721608)
(0.104224 -0.00139071 0.000735423)
(0.107207 -0.00142014 0.000548761)
(0.106806 -0.00129384 0.000625989)
(0.104342 -0.00136046 0.00063765)
(0.107528 -0.00136964 0.000489078)
(0.107058 -0.0012815 0.000525695)
(0.104444 -0.00136103 0.000534622)
(0.107832 -0.00134346 0.000430755)
(0.1073 -0.00129928 0.000415398)
(0.104526 -0.00140345 0.000420565)
(0.10812 -0.00134508 0.000372057)
(0.107538 -0.00134578 0.000294222)
(0.104583 -0.00150185 0.000286304)
(0.108393 -0.00137726 0.000310773)
(0.107775 -0.0014146 0.000179103)
(0.104628 -0.00165472 0.000131885)
(0.108673 -0.0014348 0.000248685)
(0.104873 -0.00185001 2.29612e-05)
(0.109059 -0.00150381 0.000201668)
(0.102218 -0.00134858 0.000646801)
(0.0964969 -0.00118928 0.000769846)
(0.103378 -0.00142572 0.000527969)
(0.102189 -0.00135539 0.000542007)
(0.0961443 -0.00119498 0.000667065)
(0.103426 -0.00141192 0.000468975)
(0.102136 -0.00140805 0.000425958)
(0.0957522 -0.00123522 0.000555807)
(0.103447 -0.00143258 0.000413195)
(0.10205 -0.00152982 0.000289513)
(0.0952841 -0.00133923 0.000431203)
(0.103431 -0.00150138 0.000360847)
(0.101926 -0.00174016 0.000125447)
(0.0946693 -0.00155706 0.000288348)
(0.10337 -0.00164515 0.000308471)
(0.101767 -0.00203924 -1.80001e-05)
(0.0938396 -0.00191347 0.00011513)
(0.103273 -0.00186929 0.000258292)
(0.0930237 -0.00301876 0.000386511)
(0.10346 -0.00215097 0.000270116)
(0.0911388 -0.00111117 0.000791092)
(0.0931959 -0.0011276 0.000623764)
(0.0904677 -0.001126 0.000678326)
(0.092666 -0.00113376 0.000570558)
(0.0897112 -0.00118153 0.000553024)
(0.0920683 -0.00116354 0.000527517)
(0.0887867 -0.00131782 0.000411676)
(0.0913567 -0.00124183 0.000507713)
(0.0875545 -0.00156135 0.000240115)
(0.0904322 -0.00141095 0.000513516)
(0.0857978 -0.00229708 0.000395034)
(0.089183 -0.00167552 0.000586264)
(0.0878804 -0.00251817 0.00114638)
(0.0945857 0.00110377 7.06667e-05)
(0.0994918 0.00123883 0.000140464)
(0.0946987 0.00112926 -0.000126089)
(0.0941818 0.00111003 -8.79192e-05)
(0.0993538 0.00123527 2.70709e-05)
(0.0942648 0.00114372 -0.000209513)
(0.0937245 0.00113507 -0.000327857)
(0.0991827 0.00125164 -0.00013565)
(0.0937539 0.00118635 -0.000355085)
(0.0931933 0.00118506 -0.000696072)
(0.0989633 0.00129559 -0.000373465)
(0.0931165 0.00127548 -0.000583909)
(0.0925925 0.0012775 -0.00128732)
(0.0986846 0.0013689 -0.000724291)
(0.0922953 0.00141713 -0.00097727)
(0.0985228 0.00148838 -0.00125011)
(0.0915734 0.00172932 -0.0018093)
(0.104855 0.00141617 0.000100115)
(0.106543 0.00143111 0.000186097)
(0.104742 0.0014549 -9.1318e-05)
(0.104979 0.00140336 -1.59874e-05)
(0.106792 0.0013927 0.000107175)
(0.10485 0.00145206 -0.000144461)
(0.105082 0.00141315 -0.000173198)
(0.10702 0.00137023 6.62598e-06)
(0.104926 0.00147864 -0.000225093)
(0.105159 0.00144889 -0.00038642)
(0.107229 0.00136709 -0.000126951)
(0.104964 0.00155187 -0.000345821)
(0.105209 0.00150031 -0.000655903)
(0.10743 0.00138278 -0.000301509)
(0.104974 0.00167072 -0.000521276)
(0.107748 0.00140362 -0.000507475)
(0.105209 0.00180863 -0.000759487)
(0.108635 0.00135324 0.000195088)
(0.10937 0.00117115 0.000266878)
(0.108428 0.00140774 -3.80588e-05)
(0.108998 0.00130438 0.000134011)
(0.109815 0.00111293 0.000224446)
(0.108791 0.00136683 -5.80514e-05)
(0.109346 0.00126771 6.05704e-05)
(0.110238 0.00106663 0.000176448)
(0.109133 0.0013467 -8.65982e-05)
(0.109682 0.00123997 -2.9338e-05)
(0.110643 0.00102676 0.000120013)
(0.109458 0.00134619 -0.0001265)
(0.110011 0.00121757 -0.000133752)
(0.111047 0.00099048 5.25875e-05)
(0.109786 0.00136211 -0.000179196)
(0.1115 0.000955966 -2.23222e-05)
(0.110196 0.00138138 -0.000241461)
(0.110601 0.000929318 0.000299242)
(0.110764 0.0006554 0.000332579)
(0.110336 0.000972181 -1.92238e-06)
(0.11111 0.000875503 0.000270805)
(0.111325 0.000614465 0.000308829)
(0.110855 0.000921134 -2.80935e-06)
(0.111596 0.000828818 0.00024105)
(0.111859 0.000578859 0.000285683)
(0.111349 0.000881659 -5.00526e-06)
(0.112063 0.000786747 0.000208793)
(0.112369 0.000546193 0.000261831)
(0.111823 0.000850929 -8.18878e-06)
(0.112514 0.000748537 0.000172951)
(0.112866 0.000512385 0.000231282)
(0.112292 0.000824595 -1.3255e-05)
(0.113399 0.000488038 0.000207102)
(0.1128 0.00079741 -2.20223e-05)
(0.1115 0.00033294 0.000342736)
(0.111198 -3.63592e-06 0.000348524)
(0.111198 0.00034857 3.73607e-06)
(0.112087 0.00031064 0.000324409)
(0.111801 -5.27637e-06 0.000327086)
(0.111801 0.000327131 5.36498e-06)
(0.112646 0.000288975 0.000307328)
(0.112372 -7.33071e-06 0.000307899)
(0.112372 0.000307942 7.39341e-06)
(0.113181 0.000262718 0.000285293)
(0.112919 -9.62049e-06 0.000288346)
(0.112919 0.000288387 9.63427e-06)
(0.113691 0.000241704 0.000266616)
(0.113445 -1.14572e-05 0.000259625)
(0.113445 0.000259657 1.13961e-05)
(0.114007 -1.24827e-05 0.000248742)
(0.114007 0.000248721 1.22078e-05)
(0.1115 -0.000342665 0.000332873)
(0.110759 -0.000672841 0.000329577)
(0.111198 -0.000348458 -3.67459e-06)
(0.112087 -0.000324356 0.000310576)
(0.111319 -0.000640584 0.000304489)
(0.111801 -0.000327034 -5.30908e-06)
(0.112646 -0.000307307 0.000288918)
(0.11185 -0.000616615 0.000280956)
(0.112372 -0.000307865 -7.35585e-06)
(0.113181 -0.000285324 0.000262678)
(0.112359 -0.000598565 0.000257537)
(0.112919 -0.000288341 -9.62986e-06)
(0.113691 -0.000266773 0.000241751)
(0.112856 -0.000579031 0.00023024)
(0.113445 -0.000259657 -1.14349e-05)
(0.113392 -0.000561737 0.00021576)
(0.114006 -0.000248887 -1.23369e-05)
(0.110056 -0.00101459 0.000329302)
(0.108882 -0.00126698 0.000331077)
(0.109785 -0.00103419 1.58834e-06)
(0.110589 -0.000963907 0.000301616)
(0.109342 -0.00121158 0.000304851)
(0.110336 -0.000972071 2.0193e-06)
(0.111094 -0.0009272 0.000275355)
(0.109777 -0.00117605 0.000282242)
(0.110855 -0.000921017 2.91164e-06)
(0.111577 -0.000903685 0.000250124)
(0.110186 -0.00116136 0.000263813)
(0.111349 -0.000881532 5.10096e-06)
(0.112043 -0.000888717 0.000225633)
(0.110575 -0.00116627 0.000249169)
(0.111823 -0.000850796 8.2564e-06)
(0.112496 -0.000873478 0.000204818)
(0.110964 -0.00118247 0.000239047)
(0.112292 -0.000824492 1.32666e-05)
(0.111427 -0.00119356 0.000238018)
(0.1128 -0.000797404 2.19386e-05)
(0.108218 -0.00145912 0.000307377)
(0.106233 -0.00151935 0.000328005)
(0.108045 -0.00146811 2.49411e-05)
(0.108583 -0.00142121 0.000286121)
(0.106475 -0.00148915 0.000310048)
(0.108428 -0.00140761 3.82155e-05)
(0.108925 -0.00140902 0.000271092)
(0.106687 -0.00148672 0.000301751)
(0.108791 -0.00136667 5.82334e-05)
(0.109246 -0.00142501 0.000262877)
(0.106866 -0.00151784 0.000307016)
(0.109133 -0.00134649 8.68043e-05)
(0.109553 -0.00146814 0.000262175)
(0.107008 -0.00159803 0.000328584)
(0.109458 -0.00134592 0.000126724)
(0.109859 -0.00152574 0.000271446)
(0.107131 -0.00172617 0.000373499)
(0.109785 -0.00136181 0.000179421)
(0.107452 -0.00187276 0.000458601)
(0.110196 -0.00138107 0.000241644)
(0.104638 -0.00149057 0.000327643)
(0.0995309 -0.00128351 0.000349324)
(0.104606 -0.00148261 5.74804e-05)
(0.104739 -0.00149068 0.00032187)
(0.099371 -0.00128747 0.000345325)
(0.104742 -0.0014548 9.15288e-05)
(0.1048 -0.00152719 0.00033271)
(0.0991523 -0.00131948 0.000360934)
(0.10485 -0.0014519 0.000144718)
(0.104815 -0.00161717 0.000365963)
(0.0988552 -0.00139749 0.000413185)
(0.104927 -0.00147843 0.000225408)
(0.10478 -0.00177348 0.000430307)
(0.0984363 -0.001554 0.000503178)
(0.104965 -0.0015516 0.000346211)
(0.104688 -0.00197879 0.000546433)
(0.0978556 -0.00179767 0.000682238)
(0.104974 -0.00167039 0.000521746)
(0.0974759 -0.00227172 0.00113612)
(0.105209 -0.00180824 0.000760033)
(0.0948332 -0.00114838 0.000367408)
(0.0950754 -0.00112892 7.61619e-05)
(0.0943888 -0.00116911 0.000382798)
(0.0946989 -0.00112915 0.000126306)
(0.0938503 -0.00121991 0.000436153)
(0.094265 -0.00114358 0.000209778)
(0.0931682 -0.00132661 0.000539082)
(0.0937542 -0.00118619 0.00035542)
(0.0922651 -0.00150737 0.000732906)
(0.0931169 -0.00127528 0.000584312)
(0.0910323 -0.00186874 0.00122044)
(0.0922958 -0.00141689 0.000977779)
(0.091574 -0.00172907 0.00180996)
(0.0943886 0.00116921 -0.000382576)
(0.0993709 0.00128756 -0.000345121)
(0.0926659 0.00113384 -0.000570364)
(0.0938501 0.00122004 -0.000435879)
(0.0991522 0.00131961 -0.000360693)
(0.0920681 0.00116366 -0.000527299)
(0.093168 0.00132677 -0.00053875)
(0.098855 0.00139764 -0.000412885)
(0.0913565 0.00124197 -0.000507449)
(0.0922648 0.00150755 -0.000732504)
(0.0984362 0.00155419 -0.000502825)
(0.090432 0.00141112 -0.000513197)
(0.091032 0.00186895 -0.00121996)
(0.0978554 0.00179787 -0.00068181)
(0.0891827 0.0016757 -0.00058589)
(0.0974757 0.00227193 -0.00113563)
(0.08788 0.00251835 -0.00114589)
(0.104739 0.00149078 -0.000321646)
(0.106475 0.00148925 -0.000309868)
(0.103426 0.00141199 -0.000468781)
(0.1048 0.00152733 -0.000332442)
(0.106687 0.00148684 -0.000301541)
(0.103447 0.00143269 -0.000412972)
(0.104815 0.00161735 -0.000365643)
(0.106866 0.001518 -0.000306773)
(0.103431 0.00150152 -0.000360585)
(0.10478 0.00177371 -0.000429932)
(0.107008 0.00159823 -0.000328311)
(0.10337 0.00164533 -0.000308164)
(0.104688 0.00197905 -0.000545999)
(0.107131 0.00172639 -0.000373199)
(0.103273 0.00186948 -0.000257933)
(0.107452 0.00187298 -0.000458288)
(0.10346 0.00215117 -0.000269708)
(0.108583 0.00142133 -0.000285957)
(0.109342 0.00121167 -0.000304728)
(0.107528 0.00136972 -0.000488926)
(0.108925 0.00140916 -0.00027091)
(0.109777 0.00117615 -0.000282109)
(0.107833 0.00134356 -0.000430591)
(0.109246 0.00142518 -0.000262686)
(0.110186 0.00116149 -0.000263679)
(0.10812 0.00134521 -0.000371884)
(0.109553 0.00146833 -0.000261985)
(0.110575 0.0011664 -0.000249049)
(0.108394 0.0013774 -0.000310597)
(0.109859 0.00152593 -0.000271278)
(0.110965 0.0011826 -0.000238955)
(0.108673 0.00143493 -0.000248509)
(0.111427 0.00119363 -0.000237981)
(0.10906 0.00150391 -0.000201509)
(0.110589 0.000963997 -0.000301526)
(0.110759 0.000672936 -0.000329503)
(0.109752 0.000939622 -0.000579731)
(0.111094 0.00092729 -0.000275273)
(0.111319 0.000640673 -0.000304418)
(0.110228 0.000891731 -0.000525965)
(0.111577 0.00090377 -0.000250064)
(0.11185 0.000616693 -0.000280902)
(0.110684 0.00085643 -0.000472014)
(0.112043 0.000888777 -0.000225615)
(0.112359 0.000598621 -0.000257518)
(0.111123 0.000831213 -0.000416674)
(0.112496 0.000873469 -0.000204862)
(0.112856 0.000579039 -0.000230276)
(0.111564 0.00080944 -0.000360621)
(0.113392 0.000561624 -0.000215866)
(0.112053 0.000780851 -0.000315098)
(0.1115 0.000342761 -0.000332819)
(0.111198 3.74781e-06 -0.000348462)
(0.110764 0.000332573 -0.000655248)
(0.112086 0.000324432 -0.000310534)
(0.111801 5.37168e-06 -0.000327029)
(0.111325 0.000308811 -0.000614305)
(0.112646 0.000307354 -0.000288905)
(0.112372 7.40377e-06 -0.00030786)
(0.111858 0.00028566 -0.000578703)
(0.113181 0.000285326 -0.000262715)
(0.112919 9.66037e-06 -0.000288341)
(0.112369 0.00026182 -0.000546065)
(0.113691 0.000266674 -0.000241849)
(0.113445 1.14495e-05 -0.000259664)
(0.112866 0.000231308 -0.000512332)
(0.114006 1.23018e-05 -0.000248873)
(0.113398 0.000207225 -0.000488174)
(0.1115 -0.000332827 -0.000342673)
(0.110764 -0.000655278 -0.000332496)
(0.110759 -0.000329526 -0.000672823)
(0.112086 -0.000310542 -0.000324356)
(0.111325 -0.000614341 -0.000308741)
(0.111319 -0.000304451 -0.000640562)
(0.112645 -0.000288899 -0.000307296)
(0.111858 -0.000578732 -0.000285601)
(0.11185 -0.00028093 -0.00061659)
(0.113181 -0.000262675 -0.000285291)
(0.112369 -0.00054607 -0.000261775)
(0.112359 -0.000257518 -0.000598535)
(0.113691 -0.000241772 -0.000266689)
(0.112866 -0.000512295 -0.000231271)
(0.112856 -0.000230216 -0.000578982)
(0.113398 -0.00048809 -0.000207211)
(0.113392 -0.000215725 -0.000561634)
(0.110065 -0.00099168 -0.000327375)
(0.108902 -0.00124139 -0.00030602)
(0.109253 -0.000971745 -0.000652717)
(0.110601 -0.000929181 -0.000299136)
(0.10937 -0.00117101 -0.000266749)
(0.109757 -0.000897074 -0.000606443)
(0.11111 -0.000875349 -0.00027069)
(0.109815 -0.00111276 -0.000224293)
(0.110235 -0.000827853 -0.000565797)
(0.111596 -0.000828644 -0.000240945)
(0.110238 -0.00106641 -0.000176275)
(0.110692 -0.000761965 -0.000529225)
(0.112063 -0.000786571 -0.000208729)
(0.110643 -0.00102649 -0.000119834)
(0.111133 -0.000696938 -0.000495426)
(0.112513 -0.000748418 -0.000172976)
(0.111047 -0.000990178 -5.24326e-05)
(0.111574 -0.00063254 -0.000459485)
(0.1115 -0.000955686 2.23974e-05)
(0.112058 -0.000576762 -0.000416163)
(0.108255 -0.00141661 -0.000247687)
(0.106276 -0.00148496 -0.000249071)
(0.107247 -0.00136566 -0.00053401)
(0.108635 -0.00135307 -0.000194914)
(0.106543 -0.00143097 -0.000185912)
(0.107588 -0.00128198 -0.000466355)
(0.108998 -0.00130415 -0.000133803)
(0.106792 -0.0013925 -0.000106947)
(0.107919 -0.00120513 -0.00039477)
(0.109346 -0.00126741 -6.03282e-05)
(0.10702 -0.00136997 -6.34578e-06)
(0.108243 -0.0011327 -0.000316166)
(0.109682 -0.0012396 2.96014e-05)
(0.107229 -0.00136675 0.000127297)
(0.10856 -0.00105958 -0.000223926)
(0.110011 -0.00121714 0.000133999)
(0.10743 -0.00138237 0.000301916)
(0.108884 -0.00098481 -0.000113256)
(0.107748 -0.00140312 0.000507921)
(0.109273 -0.000914639 1.37813e-05)
(0.10471 -0.00144684 -0.000187803)
(0.0996023 -0.00125623 -0.000223278)
(0.103469 -0.00137165 -0.000462878)
(0.104855 -0.00141602 -9.98789e-05)
(0.099492 -0.00123871 -0.000140254)
(0.10357 -0.00131921 -0.00036465)
(0.104979 -0.00140314 1.62831e-05)
(0.099354 -0.0012351 -2.6804e-05)
(0.103672 -0.00127529 -0.000244314)
(0.105082 -0.00141287 0.000173575)
(0.099183 -0.00125143 0.000135989)
(0.103772 -0.0012372 -9.11014e-05)
(0.10516 -0.00144852 0.0003869)
(0.0989636 -0.00129534 0.000373897)
(0.103867 -0.00120619 0.00011161)
(0.105209 -0.00149985 0.000656493)
(0.0986849 -0.00136859 0.000724844)
(0.103964 -0.00117937 0.000380958)
(0.0985233 -0.00148803 0.00125084)
(0.104183 -0.00114528 0.000716339)
(0.0949477 -0.0011097 -0.000178609)
(0.0933377 -0.00108781 -0.000519662)
(0.0945859 -0.00110363 -7.04259e-05)
(0.0929055 -0.00106326 -0.000399951)
(0.0941822 -0.00110986 8.82288e-05)
(0.0924716 -0.00103785 -0.000238126)
(0.0937249 -0.00113485 0.000328251)
(0.0920359 -0.00101442 -1.10371e-05)
(0.0931938 -0.0011848 0.000696579)
(0.0915888 -0.000999308 0.000311831)
(0.0925932 -0.00127722 0.00128801)
(0.0911118 -0.00100093 0.00077323)
(0.0906305 -0.00100087 0.00146081)
(0.0904676 0.00112611 -0.00067813)
(0.0961442 0.00119506 -0.000666879)
(0.0860789 0.000971157 -0.000767082)
(0.0897111 0.00118165 -0.000552802)
(0.0957521 0.00123533 -0.0005556)
(0.0852623 0.000989576 -0.000606389)
(0.0887866 0.00131797 -0.000411405)
(0.095284 0.00133936 -0.00043096)
(0.0843959 0.00104622 -0.000397407)
(0.0875543 0.00156151 -0.000239798)
(0.0946692 0.0015572 -0.000288049)
(0.0833935 0.00117956 -9.7399e-05)
(0.0857976 0.00229724 -0.000394636)
(0.0938396 0.00191361 -0.000114793)
(0.0821425 0.00137621 0.000346684)
(0.0930236 0.0030189 -0.000386081)
(0.0806381 0.00246093 0.00063449)
(0.102189 0.00135546 -0.000541807)
(0.104342 0.00136052 -0.000637481)
(0.0993522 0.00114291 -0.000605565)
(0.102136 0.00140815 -0.000425727)
(0.104444 0.00136111 -0.000534435)
(0.0992374 0.00115893 -0.000470559)
(0.10205 0.00152995 -0.000289244)
(0.104526 0.00140355 -0.000420356)
(0.0991241 0.00121764 -0.000303135)
(0.101926 0.0017403 -0.000125132)
(0.104583 0.00150196 -0.00028607)
(0.0989977 0.00133049 -7.63173e-05)
(0.101767 0.00203939 1.83618e-05)
(0.104628 0.00165483 -0.000131617)
(0.0988607 0.00149796 0.00022007)
(0.104874 0.00185008 -2.26687e-05)
(0.0989867 0.00172501 0.000544168)
(0.106806 0.00129391 -0.000625835)
(0.107897 0.00110184 -0.000753141)
(0.104791 0.00114944 -0.00076677)
(0.107058 0.00128159 -0.000525533)
(0.108241 0.00106199 -0.000664578)
(0.104974 0.00110877 -0.000652213)
(0.1073 0.00129937 -0.000415229)
(0.108572 0.0010422 -0.000571311)
(0.105162 0.00108633 -0.000520661)
(0.107538 0.00134586 -0.000294043)
(0.108892 0.00104212 -0.000469783)
(0.105348 0.00107765 -0.00036046)
(0.107775 0.00141466 -0.000178915)
(0.10922 0.00105499 -0.000362341)
(0.105538 0.0010744 -0.000173747)
(0.10963 0.00106849 -0.000271883)
(0.105843 0.00109176 -7.28702e-06)
(0.109407 0.000868718 -0.000797652)
(0.109757 0.00060651 -0.000897016)
(0.107936 0.000795972 -0.00101051)
(0.109835 0.000822364 -0.000716829)
(0.110235 0.000565866 -0.000827784)
(0.108298 0.000727724 -0.000920918)
(0.110249 0.000785544 -0.000633286)
(0.110692 0.00052929 -0.000761901)
(0.108653 0.00066328 -0.000827437)
(0.110655 0.00075377 -0.00054681)
(0.111133 0.000495487 -0.000696897)
(0.109004 0.000597141 -0.000726395)
(0.111056 0.000718955 -0.000465796)
(0.111574 0.000459552 -0.000632551)
(0.109363 0.000523858 -0.000618032)
(0.112058 0.000416257 -0.000576863)
(0.109781 0.000438656 -0.000519232)
(0.110601 0.000299195 -0.000929129)
(0.110336 -1.96094e-06 -0.000972027)
(0.10937 0.000266804 -0.00117095)
(0.11111 0.000270743 -0.000875294)
(0.110855 -2.86377e-06 -0.000920965)
(0.109815 0.00022434 -0.0011127)
(0.111596 0.000240991 -0.0008286)
(0.111349 -5.06131e-06 -0.000881481)
(0.110238 0.000176311 -0.00106634)
(0.112063 0.000208777 -0.000786556)
(0.111823 -8.21668e-06 -0.000850755)
(0.110643 0.000119861 -0.00102643)
(0.112513 0.000173042 -0.000748447)
(0.112292 -1.3206e-05 -0.000824461)
(0.111046 5.24626e-05 -0.000990142)
(0.1128 -2.1828e-05 -0.000797376)
(0.1115 -2.23392e-05 -0.000955687)
(0.110589 -0.000301574 -0.000963863)
(0.109752 -0.000579791 -0.000939521)
(0.109342 -0.000304801 -0.00121151)
(0.111094 -0.000275325 -0.000927153)
(0.110228 -0.000526034 -0.000891623)
(0.109777 -0.000282207 -0.00117598)
(0.111577 -0.000250098 -0.000903636)
(0.110683 -0.000472075 -0.000856321)
(0.110186 -0.000263789 -0.0011613)
(0.112043 -0.000225593 -0.000888659)
(0.111123 -0.000416702 -0.000831109)
(0.110575 -0.000249148 -0.00116621)
(0.112496 -0.000204738 -0.00087339)
(0.111564 -0.000360573 -0.000809346)
(0.110964 -0.000239009 -0.0011824)
(0.112052 -0.000314917 -0.000780772)
(0.111427 -0.000237937 -0.00119347)
(0.108961 -0.000878818 -0.000925801)
(0.107564 -0.00110124 -0.000869793)
(0.107538 -0.000841945 -0.00115925)
(0.109407 -0.000797726 -0.000868642)
(0.107936 -0.00101058 -0.000795921)
(0.107897 -0.00075323 -0.00110176)
(0.109835 -0.000716907 -0.000822284)
(0.108298 -0.000920995 -0.000727668)
(0.108241 -0.000664681 -0.00106188)
(0.110249 -0.000633348 -0.000785465)
(0.108653 -0.000827515 -0.000663227)
(0.108571 -0.000571418 -0.00104208)
(0.110655 -0.000546824 -0.000753689)
(0.109004 -0.000726459 -0.000597091)
(0.108892 -0.000469879 -0.001042)
(0.111056 -0.000465713 -0.000718862)
(0.109363 -0.000618045 -0.000523799)
(0.109219 -0.000362396 -0.00105487)
(0.10978 -0.000519117 -0.000438551)
(0.109629 -0.000271841 -0.00106835)
(0.106607 -0.00123411 -0.000745936)
(0.104314 -0.00131114 -0.000733541)
(0.104638 -0.00112887 -0.000927405)
(0.106899 -0.00113777 -0.000661918)
(0.10448 -0.00122952 -0.00063284)
(0.104828 -0.0010233 -0.000851404)
(0.107193 -0.00103846 -0.000576874)
(0.104656 -0.00114666 -0.000522707)
(0.105028 -0.000910528 -0.00078263)
(0.107489 -0.000931115 -0.000484923)
(0.104841 -0.00105745 -0.000394853)
(0.105238 -0.000781952 -0.000717517)
(0.107786 -0.000812959 -0.000379674)
(0.105036 -0.000956138 -0.000234717)
(0.105452 -0.000625464 -0.000647233)
(0.108084 -0.000692803 -0.000258807)
(0.105246 -0.000841341 -3.29399e-05)
(0.105672 -0.000439277 -0.000566859)
(0.105529 -0.000715606 0.000208791)
(0.105985 -0.000264686 -0.000492455)
(0.102377 -0.00124711 -0.000619325)
(0.0966592 -0.00113067 -0.000729396)
(0.0995852 -0.00107223 -0.000750332)
(0.102437 -0.00118272 -0.000494933)
(0.0964092 -0.00109047 -0.000600963)
(0.0995233 -0.00100091 -0.000648845)
(0.102515 -0.00111534 -0.000345679)
(0.0961843 -0.00104601 -0.000438949)
(0.0995012 -0.000920738 -0.000535956)
(0.102611 -0.00103891 -0.000155038)
(0.0959877 -0.000994598 -0.000225477)
(0.0995202 -0.000818659 -0.000399026)
(0.102717 -0.000948765 9.40832e-05)
(0.0958203 -0.000937505 7.09654e-05)
(0.0995689 -0.000666196 -0.000208249)
(0.102823 -0.000841651 0.000406477)
(0.0956807 -0.000877958 0.000488773)
(0.0996348 -0.000446006 5.63627e-05)
(0.095537 -0.000791807 0.00107903)
(0.0997709 -0.000122235 0.000459225)
(0.0913937 -0.00104179 -0.000714213)
(0.0870682 -0.000922733 -0.000895167)
(0.090895 -0.000999464 -0.000547378)
(0.0863859 -0.000883364 -0.000759361)
(0.0904312 -0.000946373 -0.000322006)
(0.0857802 -0.000827684 -0.000582779)
(0.0900104 -0.000884233 -5.82897e-06)
(0.0852767 -0.000747761 -0.0003411)
(0.0896293 -0.000818743 0.000452263)
(0.0849122 -0.000615737 1.24558e-05)
(0.0892328 -0.000718339 0.00113466)
(0.0847498 -0.000419827 0.000604951)
(0.0842352 6.98646e-05 0.00169189)
(0.0814202 0.000870638 -0.000775604)
(0.0887127 0.000885555 -0.000759999)
(0.0734798 0.000620121 -0.000673754)
(0.0805111 0.000900591 -0.000572651)
(0.0881325 0.000915376 -0.000602257)
(0.0724548 0.000633054 -0.000514003)
(0.0795925 0.000972253 -0.000272854)
(0.0875712 0.000983313 -0.000396139)
(0.0714969 0.000661814 -0.000287512)
(0.0785929 0.00107674 0.000239057)
(0.086992 0.00111435 -8.65439e-05)
(0.0706424 0.00069899 8.8215e-05)
(0.0773207 0.0016633 0.00094262)
(0.0863438 0.00129479 0.000415974)
(0.0699512 0.000640875 0.00084699)
(0.0856569 0.0020736 0.000978186)
(0.0687108 0.000371648 0.002733)
(0.0966398 0.000971562 -0.000580773)
(0.0997107 0.00101615 -0.00076446)
(0.0919054 0.000691372 -0.000497991)
(0.0964681 0.000997201 -0.000410304)
(0.099667 0.000993919 -0.000625204)
(0.0915884 0.000694601 -0.000369314)
(0.096326 0.00105392 -0.000179746)
(0.0996476 0.000990934 -0.000450681)
(0.0913306 0.000721598 -0.000195808)
(0.0961972 0.00113507 0.000141256)
(0.0996377 0.00099481 -0.000213098)
(0.0911145 0.000729478 9.0831e-05)
(0.096035 0.00125011 0.000542238)
(0.0996316 0.000988629 0.000104762)
(0.0908953 0.000655308 0.000518349)
(0.0998113 0.00101242 0.000446044)
(0.090884 0.000286863 0.00116349)
(0.103085 0.000977778 -0.000809149)
(0.104828 0.000851436 -0.00102323)
(0.0997889 0.000881752 -0.000865668)
(0.103208 0.000928721 -0.000668617)
(0.105028 0.000782674 -0.000910452)
(0.0997871 0.000808197 -0.000751239)
(0.103348 0.000882442 -0.000493043)
(0.105238 0.000717567 -0.000781866)
(0.0998267 0.000729264 -0.00060517)
(0.103481 0.000827508 -0.000271078)
(0.105453 0.000647289 -0.000625374)
(0.0998923 0.000621204 -0.00039211)
(0.103571 0.000776331 -3.26689e-05)
(0.105673 0.000566935 -0.000439213)
(0.0999657 0.000458222 -9.98568e-05)
(0.105985 0.000492584 -0.000264726)
(0.100127 0.00021723 0.000245239)
(0.106899 0.000661951 -0.00113771)
(0.107588 0.000466396 -0.00128191)
(0.10448 0.000632865 -0.00122947)
(0.107193 0.000576905 -0.0010384)
(0.10792 0.000394806 -0.00120506)
(0.104656 0.000522734 -0.00114662)
(0.107489 0.000484948 -0.000931046)
(0.108243 0.000316192 -0.00113263)
(0.104842 0.00039487 -0.00105739)
(0.107787 0.000379705 -0.00081291)
(0.10856 0.000223943 -0.00105951)
(0.105036 0.000234721 -0.000956066)
(0.108084 0.000258879 -0.000692835)
(0.108884 0.000113282 -0.00098476)
(0.105246 3.29423e-05 -0.00084128)
(0.109273 -1.37024e-05 -0.000914663)
(0.105529 -0.000208733 -0.000715646)
(0.108635 0.000194957 -0.001353)
(0.108428 -3.8164e-05 -0.00140754)
(0.106543 0.000185957 -0.0014309)
(0.108998 0.000133833 -0.00130407)
(0.108791 -5.8197e-05 -0.0013666)
(0.106792 0.000106982 -0.00139244)
(0.109346 6.03445e-05 -0.00126734)
(0.109133 -8.67806e-05 -0.00134642)
(0.107021 6.3642e-06 -0.00136989)
(0.109682 -2.95918e-05 -0.00123953)
(0.109458 -0.000126708 -0.00134585)
(0.107229 -0.000127299 -0.00136666)
(0.110011 -0.000133975 -0.00121708)
(0.109785 -0.000179398 -0.00136173)
(0.10743 -0.000301935 -0.00138226)
(0.110196 -0.000241584 -0.00138099)
(0.107748 -0.000507938 -0.00140301)
(0.108583 -0.000286079 -0.00142114)
(0.107528 -0.000489038 -0.00136958)
(0.106475 -0.000309991 -0.00148906)
(0.108925 -0.000271064 -0.00140894)
(0.107832 -0.000430724 -0.0013434)
(0.106687 -0.000301711 -0.00148664)
(0.109246 -0.000262858 -0.00142493)
(0.10812 -0.000372034 -0.00134502)
(0.106866 -0.000306989 -0.00151775)
(0.109553 -0.000262156 -0.00146805)
(0.108393 -0.000310752 -0.00137719)
(0.107008 -0.000328571 -0.00159794)
(0.109859 -0.000271407 -0.00152564)
(0.108673 -0.000248647 -0.0014347)
(0.107131 -0.000373494 -0.00172605)
(0.109059 -0.000201576 -0.00150366)
(0.107452 -0.000458589 -0.00187261)
(0.106544 -0.000721562 -0.00133258)
(0.104614 -0.000873533 -0.00120809)
(0.104224 -0.000735367 -0.00139068)
(0.106806 -0.000625952 -0.0012938)
(0.104791 -0.00076687 -0.00114937)
(0.104342 -0.000637594 -0.0013604)
(0.107058 -0.000525664 -0.00128145)
(0.104974 -0.000652325 -0.00110868)
(0.104444 -0.000534569 -0.00136095)
(0.1073 -0.000415368 -0.00129921)
(0.105162 -0.000520787 -0.00108621)
(0.104526 -0.000420519 -0.00140336)
(0.107537 -0.000294175 -0.00134569)
(0.105347 -0.000360591 -0.00107751)
(0.104583 -0.000286263 -0.00150175)
(0.107775 -0.000179003 -0.00141446)
(0.105538 -0.000173859 -0.00107425)
(0.104628 -0.000131835 -0.00165459)
(0.105843 -7.32181e-06 -0.00109155)
(0.104873 -2.28712e-05 -0.0018498)
(0.102982 -0.000930141 -0.00103718)
(0.0998318 -0.000963907 -0.00095828)
(0.0997814 -0.000884996 -0.00105682)
(0.103085 -0.000809234 -0.000977731)
(0.0997889 -0.000865727 -0.000881723)
(0.0997106 -0.000764559 -0.0010161)
(0.103208 -0.000668711 -0.000928651)
(0.0997871 -0.000751301 -0.000808145)
(0.099667 -0.000625312 -0.000993841)
(0.103347 -0.000493148 -0.000882354)
(0.0998265 -0.000605248 -0.000729201)
(0.0996475 -0.000450809 -0.000990825)
(0.103481 -0.000271179 -0.000827395)
(0.0998921 -0.000392201 -0.000621128)
(0.0996375 -0.000213247 -0.000994666)
(0.10357 -3.27165e-05 -0.000776161)
(0.0999654 -9.9909e-05 -0.000458088)
(0.0996314 0.000104595 -0.000988449)
(0.100127 0.000245265 -0.000217021)
(0.099811 0.000445897 -0.00101216)
(0.0969631 -0.00084904 -0.00080454)
(0.0894625 -0.000805975 -0.000943244)
(0.09233 -0.000611513 -0.000688119)
(0.0968274 -0.000763571 -0.000716995)
(0.0889378 -0.000759891 -0.000840631)
(0.0919744 -0.00053569 -0.000637567)
(0.0967518 -0.000651321 -0.000618081)
(0.0885035 -0.000693623 -0.000720708)
(0.0916942 -0.00043765 -0.00059234)
(0.0967397 -0.000478386 -0.00048423)
(0.0881842 -0.000589329 -0.000567148)
(0.0914882 -0.000298481 -0.000545697)
(0.0967527 -0.000204059 -0.000277521)
(0.0880064 -0.000391873 -0.000324725)
(0.0913387 -3.58748e-05 -0.00044046)
(0.0966877 0.000217403 6.59486e-05)
(0.0880247 -6.8449e-05 0.000120782)
(0.0911894 0.000433808 -0.000211239)
(0.0877498 0.000685512 0.00111972)
(0.0911621 0.00133586 0.000289451)
(0.0825788 -0.000793982 -0.000986009)
(0.0746968 -0.000566815 -0.000868741)
(0.0818031 -0.000744238 -0.000849137)
(0.0736882 -0.000535351 -0.000789346)
(0.0811677 -0.000668676 -0.000676299)
(0.0728094 -0.000481703 -0.000699894)
(0.0807224 -0.000530231 -0.000421786)
(0.0721118 -0.000393426 -0.000568345)
(0.0805387 -0.000285206 3.81279e-05)
(0.0717385 -0.000172762 -0.000331102)
(0.080724 0.00028387 0.00106297)
(0.0719784 0.000204888 0.000160395)
(0.0705687 0.00121718 0.00167064)
(0.0661295 0.000392699 -0.000353651)
(0.0760125 0.000358633 -0.000337929)
(0.0543576 0.000204035 -0.000123796)
(0.0650723 0.000406966 -0.000170481)
(0.075202 0.000388872 -0.000220078)
(0.0533667 0.000217739 -4.37535e-05)
(0.064156 0.000415005 0.000115451)
(0.0744923 0.000439476 -5.03795e-05)
(0.0525247 0.000251107 7.84095e-05)
(0.0635094 0.000331932 0.000675488)
(0.0739362 0.000452679 0.00026622)
(0.0519647 0.000274753 0.000320377)
(0.0636593 -0.000382212 0.00235482)
(0.0735994 0.000228066 0.000966711)
(0.0520619 0.000178021 0.000799954)
(0.0729138 -0.00120906 0.0031442)
(0.0510314 -0.00166664 0.00373813)
(0.0875031 0.000426033 -0.000217613)
(0.0919744 0.000637593 -0.000535622)
(0.0760916 0.000487354 -0.000223488)
(0.0871138 0.000435765 -9.62858e-05)
(0.0916942 0.000592381 -0.000437568)
(0.0753371 0.000468022 -0.000161049)
(0.086817 0.000421418 0.000125555)
(0.0914883 0.000545761 -0.00029839)
(0.0747305 0.000435519 -5.55612e-05)
(0.0865782 0.000271234 0.000576257)
(0.0913389 0.000440558 -3.57779e-05)
(0.0743793 0.000343693 0.000211818)
(0.0860856 -0.0003355 0.00155565)
(0.0911896 0.000211419 0.000433887)
(0.0744821 6.15376e-05 0.000849043)
(0.0911624 -0.000289143 0.00133587)
(0.0732693 -0.00113942 0.00305379)
(0.0968274 0.000717028 -0.000763525)
(0.0995234 0.000648868 -0.00100086)
(0.0889378 0.00084066 -0.000759883)
(0.0967519 0.000618129 -0.000651275)
(0.0995013 0.000535988 -0.000920703)
(0.0885035 0.000720763 -0.000693629)
(0.0967398 0.000484287 -0.000478332)
(0.0995203 0.000399055 -0.000818617)
(0.0881843 0.000567204 -0.000589321)
(0.0967529 0.000277624 -0.000204036)
(0.0995691 0.000208276 -0.000666142)
(0.0880065 0.000324774 -0.000391836)
(0.096688 -6.57681e-05 0.000217345)
(0.099635 -5.63072e-05 -0.000445987)
(0.088025 -0.000120713 -6.8415e-05)
(0.0997712 -0.000459118 -0.000122313)
(0.0877501 -0.00111969 0.000685505)
(0.102437 0.000494954 -0.00118269)
(0.10357 0.000364682 -0.00131916)
(0.0964092 0.000600983 -0.00109048)
(0.102515 0.000345694 -0.00111531)
(0.103672 0.000244343 -0.00127525)
(0.0961843 0.000438971 -0.00104602)
(0.102611 0.000155037 -0.00103887)
(0.103772 9.11146e-05 -0.00123715)
(0.0959877 0.000225483 -0.000994597)
(0.102718 -9.41018e-05 -0.000948714)
(0.103867 -0.000111618 -0.00120613)
(0.0958204 -7.09934e-05 -0.000937477)
(0.102823 -0.000406478 -0.000841655)
(0.103964 -0.000380992 -0.0011793)
(0.0956809 -0.000488851 -0.000877899)
(0.104183 -0.000716362 -0.00114526)
(0.0955372 -0.00107915 -0.00079177)
(0.104855 9.99166e-05 -0.00141596)
(0.104742 -9.14745e-05 -0.00145471)
(0.099492 0.000140281 -0.00123869)
(0.104979 -1.6259e-05 -0.00140308)
(0.10485 -0.000144675 -0.00145183)
(0.099354 2.68247e-05 -0.00123508)
(0.105082 -0.000173574 -0.0014128)
(0.104927 -0.000225381 -0.00147836)
(0.099183 -0.000135986 -0.0012514)
(0.10516 -0.000386928 -0.00144843)
(0.104965 -0.000346208 -0.00155152)
(0.0989636 -0.000373928 -0.00129528)
(0.105209 -0.000656549 -0.00149974)
(0.104974 -0.00052177 -0.00167029)
(0.0986849 -0.000724926 -0.0013685)
(0.105209 -0.000760073 -0.00180811)
(0.0985233 -0.00125098 -0.0014879)
(0.104739 -0.000321815 -0.00149059)
(0.103426 -0.000468916 -0.00141184)
(0.099371 -0.000345269 -0.00128741)
(0.1048 -0.000332672 -0.00152711)
(0.103447 -0.000413143 -0.00143251)
(0.0991523 -0.00036089 -0.00131943)
(0.104815 -0.000365942 -0.00161709)
(0.103431 -0.000360806 -0.0015013)
(0.0988551 -0.000413153 -0.00139742)
(0.10478 -0.000430309 -0.00177338)
(0.10337 -0.000308448 -0.00164506)
(0.0984363 -0.000503181 -0.00155392)
(0.104688 -0.000546455 -0.00197866)
(0.103273 -0.000258289 -0.00186917)
(0.0978556 -0.00068228 -0.00179756)
(0.10346 -0.000270118 -0.00215081)
(0.0974759 -0.00113628 -0.00227157)
(0.102218 -0.000646736 -0.00134854)
(0.0994753 -0.000722681 -0.00115712)
(0.0964969 -0.00076977 -0.00118923)
(0.102189 -0.000541939 -0.00135532)
(0.0993522 -0.000605681 -0.00114284)
(0.0961443 -0.000666977 -0.00119491)
(0.102136 -0.000425894 -0.00140796)
(0.0992373 -0.000470701 -0.00115881)
(0.0957522 -0.000555726 -0.00123515)
(0.10205 -0.00028946 -0.00152973)
(0.099124 -0.000303312 -0.00121748)
(0.0952841 -0.00043114 -0.00133915)
(0.101926 -0.000125407 -0.00174005)
(0.0989976 -7.65345e-05 -0.00133029)
(0.0946694 -0.000288309 -0.00155697)
(0.101767 1.8037e-05 -0.00203909)
(0.0988605 0.000219811 -0.00149772)
(0.0938397 -0.000115132 -0.00191335)
(0.0989865 0.000543845 -0.00172473)
(0.0930237 -0.00038644 -0.00301862)
(0.0968416 -0.000718108 -0.000974636)
(0.0922856 -0.000599854 -0.000708679)
(0.0893244 -0.000891396 -0.000879379)
(0.0966397 -0.000580897 -0.000971512)
(0.0919054 -0.000498075 -0.000691352)
(0.0887128 -0.000760097 -0.000885482)
(0.0964681 -0.000410447 -0.000997108)
(0.0915884 -0.000369428 -0.000694558)
(0.0881326 -0.000602359 -0.000915258)
(0.0963259 -0.000179918 -0.00105378)
(0.0913305 -0.000195945 -0.000721516)
(0.0875713 -0.000396273 -0.000983162)
(0.0961971 0.000141042 -0.00113489)
(0.0911144 9.0667e-05 -0.000729345)
(0.0869921 -8.67359e-05 -0.00111417)
(0.0960348 0.000541976 -0.00124987)
(0.0908951 0.000518142 -0.000655121)
(0.0863439 0.00041571 -0.00129457)
(0.0908838 0.00116328 -0.000286559)
(0.085657 0.000977839 -0.00207336)
(0.0879807 -0.000304239 -0.000433722)
(0.0769638 -0.000260638 -0.000513685)
(0.0769159 -0.000420788 -0.000346722)
(0.0875031 -0.000217721 -0.000426029)
(0.0760916 -0.000223535 -0.000487337)
(0.0760126 -0.000338021 -0.000358619)
(0.0871138 -9.64167e-05 -0.000435737)
(0.0753371 -0.000161113 -0.000467985)
(0.0752021 -0.000220191 -0.000388834)
(0.0868169 0.00012542 -0.000421339)
(0.0747305 -5.56402e-05 -0.000435451)
(0.0744924 -5.05111e-05 -0.000439402)
(0.0865781 0.000576103 -0.000271093)
(0.0743792 0.000211717 -0.000343595)
(0.0739362 0.000266061 -0.000452557)
(0.0860855 0.0015555 0.000335759)
(0.0744819 0.000848914 -6.13756e-05)
(0.0735994 0.000966506 -0.000227878)
(0.0732692 0.00305365 0.00113962)
(0.0729138 0.00314399 0.00120939)
(0.0674063 -0.000317305 -0.000606741)
(0.0555023 -0.000134277 -0.000282355)
(0.0663175 -0.000280648 -0.000564948)
(0.0544145 -0.000109434 -0.000278518)
(0.0653912 -0.000213506 -0.000505116)
(0.0534639 -7.61648e-05 -0.000283055)
(0.0647221 -5.71335e-05 -0.000405649)
(0.0526961 -9.55301e-06 -0.000299672)
(0.064614 0.000230409 -0.000259941)
(0.0522835 0.000148094 -0.000335695)
(0.0657403 0.000769747 6.4318e-05)
(0.052697 0.000385386 -0.000340486)
(0.051287 0.00223788 0.000952807)
(0.0456586 0.000145044 1.19764e-06)
(0.0544145 0.000278534 -0.000109402)
(0.0448259 0.000167247 6.03436e-05)
(0.0534639 0.000283102 -7.61288e-05)
(0.0442019 0.000200805 0.000187767)
(0.0526961 0.000299752 -9.51445e-06)
(0.0440526 0.000204564 0.00039958)
(0.0522836 0.000335812 0.000148134)
(0.0450222 -0.000778459 0.00185547)
(0.0526971 0.000340678 0.000385423)
(0.0512872 -0.000952589 0.00223807)
(0.0663175 0.000564994 -0.000280638)
(0.0736882 0.000789385 -0.000535364)
(0.0653912 0.000505193 -0.000213493)
(0.0728094 0.000699969 -0.000481725)
(0.0647221 0.00040575 -5.71137e-05)
(0.0721118 0.000568434 -0.00039344)
(0.0646141 0.000260092 0.000230424)
(0.0717385 0.000331192 -0.000172761)
(0.0657405 -6.41391e-05 0.000769729)
(0.0719786 -0.000160263 0.000204891)
(0.0705689 -0.00167051 0.00121713)
(0.0818031 0.000849188 -0.00074428)
(0.0863859 0.000759399 -0.000883404)
(0.0811677 0.000676363 -0.000668723)
(0.0857802 0.000582826 -0.000827732)
(0.0807225 0.000421844 -0.000530264)
(0.0852767 0.000341135 -0.000747801)
(0.0805388 -3.80895e-05 -0.000285212)
(0.0849122 -1.24541e-05 -0.000615751)
(0.0807243 -0.00106301 0.000283876)
(0.0847499 -0.000605004 -0.000419806)
(0.0842354 -0.00169207 6.99056e-05)
(0.090895 0.0005474 -0.000999508)
(0.0929054 0.000399976 -0.00106329)
(0.0904313 0.00032202 -0.000946413)
(0.0924716 0.00023815 -0.00103788)
(0.0900105 5.81117e-06 -0.000884256)
(0.0920359 1.10419e-05 -0.00101444)
(0.0896294 -0.000452342 -0.000818733)
(0.0915888 -0.000311868 -0.0009993)
(0.0892329 -0.00113483 -0.000718286)
(0.0911119 -0.000773339 -0.00100088)
(0.0906305 -0.00146103 -0.00100077)
(0.0945859 7.04371e-05 -0.00110364)
(0.0946988 -0.000126272 -0.00112914)
(0.0941821 -8.82286e-05 -0.00110986)
(0.094265 -0.000209745 -0.00114356)
(0.0937249 -0.000328279 -0.00113484)
(0.0937541 -0.0003554 -0.00118616)
(0.0931938 -0.000696659 -0.00118476)
(0.0931168 -0.000584336 -0.00127524)
(0.0925931 -0.00128817 -0.00127713)
(0.0922958 -0.000977862 -0.00141682)
(0.0915741 -0.00181013 -0.00172903)
(0.0943887 -0.000382752 -0.00116906)
(0.092666 -0.00057048 -0.0011337)
(0.0938502 -0.000436115 -0.00121986)
(0.0920683 -0.000527457 -0.00116349)
(0.0931682 -0.000539074 -0.00132655)
(0.0913567 -0.000507675 -0.00124178)
(0.0922651 -0.000732948 -0.0015073)
(0.0904323 -0.000513521 -0.0014109)
(0.0910323 -0.00122063 -0.00186871)
(0.0891831 -0.000586328 -0.00167545)
(0.0878805 -0.0011465 -0.00251817)
(0.0911388 -0.000790995 -0.00111111)
(0.0868842 -0.000899519 -0.000972364)
(0.0904678 -0.000678228 -0.00112594)
(0.086079 -0.000767166 -0.000971036)
(0.0897113 -0.000552947 -0.00118147)
(0.0852625 -0.000606489 -0.000989424)
(0.0887869 -0.000411631 -0.00131777)
(0.0843961 -0.000397555 -0.00104605)
(0.0875546 -0.000240123 -0.0015613)
(0.0833938 -9.76325e-05 -0.00117937)
(0.085798 -0.000395014 -0.00229704)
(0.0821429 0.000346356 -0.00137601)
(0.0806385 0.000634027 -0.00246077)
(0.0823507 -0.000934788 -0.000863375)
(0.0745712 -0.000796093 -0.000619383)
(0.0814203 -0.00077569 -0.000870525)
(0.0734799 -0.000673822 -0.000620055)
(0.0805113 -0.000572756 -0.000900447)
(0.072455 -0.000514076 -0.00063296)
(0.0795928 -0.000273017 -0.000972094)
(0.0714971 -0.000287625 -0.000661703)
(0.0785932 0.000238805 -0.00107657)
(0.0706426 8.80274e-05 -0.00069887)
(0.077321 0.000942263 -0.00166313)
(0.0699515 0.000846728 -0.000640722)
(0.068711 0.00273267 -0.000371461)
(0.0672937 -0.00048112 -0.000386554)
(0.0554678 -0.000184708 -0.000199891)
(0.0661296 -0.000353753 -0.000392665)
(0.0543576 -0.000123857 -0.000204016)
(0.0650725 -0.000170608 -0.000406915)
(0.0533667 -4.38353e-05 -0.000217705)
(0.0641562 0.000115279 -0.000414938)
(0.0525248 7.83019e-05 -0.000251058)
(0.0635096 0.000675254 -0.000331837)
(0.0519647 0.00032023 -0.00027469)
(0.0636595 0.00235453 0.00038236)
(0.0520619 0.000799753 -0.000177928)
(0.0510313 0.00373794 0.00166686)
(0.0466366 -3.41884e-05 -0.00013597)
(0.0456586 1.14757e-06 -0.000145022)
(0.0448258 6.02815e-05 -0.000167206)
(0.0442018 0.000187693 -0.000200744)
(0.0440525 0.000399485 -0.000204475)
(0.0450222 0.00185518 0.000778529)
(0.0511875 0.00027495 0.00291884)
(0.063429 0.000646498 0.00346743)
(0.0601584 0.000211522 0.00448257)
(0.0416184 -0.00016781 0.000858294)
(0.0531946 0.000167017 0.00195698)
(0.050302 -0.000140094 0.00235893)
(0.0373904 -0.000158164 0.000139149)
(0.0483978 0.000126726 0.00112633)
(0.0457794 -0.00022558 0.000796744)
(0.0452233 0.00012653 0.000790608)
(0.0429938 -0.000235331 9.83082e-05)
(0.0724875 0.00117289 0.00339186)
(0.0796842 0.00222374 0.00407008)
(0.0794698 0.00110374 0.00543504)
(0.0648832 0.000776297 0.00284088)
(0.0747432 0.00148259 0.00353377)
(0.0760242 0.000951245 0.00424187)
(0.0602214 0.000395534 0.001912)
(0.0709262 0.000692363 0.002277)
(0.0730735 0.000530979 0.00259377)
(0.0703252 0.000267503 0.00158815)
(0.086471 0.00214987 0.00361256)
(0.0918165 0.00183348 0.00376045)
(0.0831447 0.00167247 0.00323712)
(0.0908783 0.00163768 0.00380953)
(0.0894408 0.00118379 0.00289484)
(0.0638972 -0.000308636 0.00446946)
(0.0749116 0.000283914 0.00524508)
(0.0665475 -0.00140967 0.00425443)
(0.0578913 -0.000189793 0.00297214)
(0.0719929 0.00030791 0.00440853)
(0.0635106 -0.000900007 0.00333086)
(0.0542094 -0.000326847 0.00115416)
(0.0694243 2.87569e-05 0.00256045)
(0.0612057 -0.000770273 0.00159327)
(0.067218 -8.11998e-05 0.00124759)
(0.0873676 0.000949056 0.0051314)
(0.0916336 0.0011491 0.00433063)
(0.0900522 0.00041111 0.00411723)
(0.0870265 0.000691187 0.00422639)
(0.0925352 0.00103577 0.00434174)
(0.0905506 0.000316319 0.00413252)
(0.0855928 0.000366217 0.00286688)
(0.0921641 0.000666306 0.00328418)
(0.0900728 7.10723e-05 0.00320303)
(0.0978714 0.0013385 0.00349832)
(0.100212 0.00090114 0.00283168)
(0.098617 0.00111607 0.00341778)
(0.101014 0.000831958 0.00320348)
(0.101255 0.000614039 0.00290903)
(0.06838 -0.00215994 0.002446)
(0.0798171 -0.00148412 0.00273152)
(0.0695652 -0.00294481 0.00090366)
(0.0681908 -0.00166033 0.00205574)
(0.0801513 -0.00115864 0.00301314)
(0.0705161 -0.00236629 0.0016273)
(0.0799803 -0.000933068 0.00218224)
(0.070916 -0.00176638 0.00114555)
(0.09402 -0.000383827 0.00332246)
(0.0984081 -0.000129836 0.0028506)
(0.0952424 -0.000700727 0.00250701)
(0.0942414 -0.000406979 0.0031456)
(0.0987504 -9.99615e-05 0.00307038)
(0.0955626 -0.00073493 0.00279583)
(0.09887 -0.000146331 0.00270222)
(0.0957072 -0.000695592 0.00241626)
(0.10362 0.000291559 0.00265022)
(0.104873 6.85247e-05 0.00214488)
(0.103969 0.000277981 0.00267116)
(0.10513 1.41497e-05 0.00229591)
(0.105344 -4.09582e-05 0.00219037)
(0.0722305 -0.00319289 -0.000195638)
(0.0833329 -0.00221073 0.000450523)
(0.0738497 -0.00246622 0.000350998)
(0.0843544 -0.00180937 0.00109148)
(0.0851428 -0.00142298 0.00113213)
(0.0967474 -0.000989808 0.00159079)
(0.101339 -0.000691648 0.00146419)
(0.0971739 -0.000963833 0.00170646)
(0.101573 -0.000775552 0.00164947)
(0.101813 -0.000712815 0.00161984)
(0.106398 -0.000209481 0.00170489)
(0.106578 -0.00030146 0.00170973)
)
;

boundaryField
{
    inlet
    {
        type            calculated;
        value           nonuniform List<vector> 0();
    }
    ami1
    {
        type            cyclicAMI;
        value           nonuniform List<vector> 
100
(
(0.0566635 -0.00319481 -0.00107305)
(0.0645195 -0.00308224 0.000407537)
(0.0742227 -0.00104573 0.00305854)
(0.0828575 0.000761078 0.00377056)
(0.0893866 0.00157505 0.0028001)
(0.0920314 0.00185103 0.00198305)
(0.0886513 0.00186088 0.000926172)
(0.0812565 0.00184895 -0.000502845)
(0.069266 0.000801848 -0.0015662)
(0.0566671 0.00107328 -0.00319533)
(0.0692619 -0.00156564 -0.000800606)
(0.0833134 -0.00236546 -0.000625972)
(0.0959859 -0.000793153 0.00162783)
(0.101928 -1.40445e-05 0.00237075)
(0.104654 0.000685158 0.00224202)
(0.105244 0.000876859 0.00162364)
(0.102859 0.000699057 0.000796226)
(0.0961153 0.000408926 -0.000462355)
(0.0833168 0.000626816 -0.00236662)
(0.0645226 -0.000407627 -0.00308325)
(0.0812537 -0.0005026 -0.00184698)
(0.0961135 -0.000461956 -0.000407797)
(0.103575 -0.000196269 0.000692239)
(0.108039 6.00666e-05 0.00140416)
(0.110179 0.000285811 0.00153089)
(0.110331 0.000231505 0.0011671)
(0.108381 -0.00011841 0.000571018)
(0.103576 -0.000691723 -0.000196817)
(0.0959878 -0.0016273 -0.000794372)
(0.0742248 -0.00305882 -0.00104689)
(0.0886497 0.00092639 -0.0018589)
(0.102858 0.000796663 -0.000697734)
(0.108381 0.000571463 0.000118662)
(0.111457 0.00038182 0.000648864)
(0.112937 0.00018352 0.000817536)
(0.112941 -0.00013984 0.000691086)
(0.111456 -0.000649037 0.000381774)
(0.108038 -0.00140384 5.97025e-05)
(0.101928 -0.00237026 -1.49279e-05)
(0.0828585 -0.00377045 0.000760238)
(0.0920309 0.00198329 -0.00184942)
(0.105244 0.00162388 -0.00087574)
(0.110331 0.00116732 -0.000231402)
(0.112941 0.000691043 0.000139391)
(0.114181 0.000229404 0.000252016)
(0.114181 -0.0002524 0.000229613)
(0.112936 -0.00081765 0.000183766)
(0.110178 -0.00153059 0.000285704)
(0.104654 -0.00224149 0.000684485)
(0.0893873 -0.0027996 0.001574)
(0.0893869 0.00279979 -0.0015734)
(0.104654 0.00224176 -0.000684023)
(0.110178 0.00153075 -0.000285601)
(0.112936 0.00081754 -0.000183901)
(0.114181 0.000252112 -0.000229795)
(0.114181 -0.000229694 -0.000252222)
(0.112941 -0.000691034 -0.000139561)
(0.110331 -0.00116687 0.00023156)
(0.105244 -0.00162334 0.000876414)
(0.0920316 -0.001983 0.00185034)
(0.0828583 0.00377059 -0.00075977)
(0.101929 0.00237038 1.53088e-05)
(0.108038 0.00140385 -5.95289e-05)
(0.111456 0.000648916 -0.00038178)
(0.112941 0.000139637 -0.000691112)
(0.112936 -0.000183646 -0.000817531)
(0.111456 -0.000381584 -0.00064882)
(0.108381 -0.000570653 -0.000118267)
(0.102858 -0.000795798 0.00069884)
(0.0886514 -0.000925974 0.00186033)
(0.0742248 0.00305896 0.00104731)
(0.0959879 0.0016274 0.000794795)
(0.103576 0.000691756 0.000197102)
(0.108381 0.000118384 -0.000570787)
(0.110331 -0.000231503 -0.00116683)
(0.110178 -0.00028563 -0.00153049)
(0.108038 -5.95264e-05 -0.00140364)
(0.103575 0.00019713 -0.000691538)
(0.096115 0.000462795 0.000408973)
(0.0812561 0.000503137 0.00184861)
(0.0645228 0.000407815 0.00308368)
(0.0833168 -0.000626603 0.00236704)
(0.0961154 -0.000408737 0.000462705)
(0.102859 -0.000698802 -0.000795881)
(0.105244 -0.00087648 -0.00162325)
(0.104654 -0.000684522 -0.00224132)
(0.101928 1.49699e-05 -0.00237005)
(0.0959877 0.000794511 -0.00162709)
(0.0833167 0.00236692 0.00062699)
(0.0692658 0.00156653 0.000801843)
(0.0566673 -0.00107312 0.00319584)
(0.069266 -0.000801528 0.00156652)
(0.0812567 -0.00184859 0.000503153)
(0.0886515 -0.00186056 -0.000925913)
(0.0920316 -0.00185056 -0.0019829)
(0.0893873 -0.0015742 -0.00279957)
(0.0828588 -0.000760225 -0.00377039)
(0.0742251 0.00104692 -0.00305867)
(0.064523 0.00308339 -0.000407516)
(0.0566673 0.00319552 0.00107336)
)
;
    }
    walls
    {
        type            calculated;
        value           uniform (0 0 0);
    }
    ami2
    {
        type            cyclicAMI;
        value           nonuniform List<vector> 
12
(
(0.0693009 0.000421196 0.00353398)
(0.0807832 0.00130605 0.00288978)
(0.0888217 0.00196727 0.00260037)
(0.0693473 -0.000993061 0.00336124)
(0.0861674 0.000784309 0.00403674)
(0.0966668 0.00128837 0.00271739)
(0.0668123 -0.00261255 0.00117752)
(0.0937804 -0.000448236 0.00257277)
(0.10343 0.000226799 0.00235709)
(0.0701966 -0.00313303 -0.000852389)
(0.0967861 -0.00089923 0.00124176)
(0.106347 -4.21728e-05 0.00161596)
)
;
    }
    outlet
    {
        type            calculated;
        value           nonuniform List<vector> 0();
    }
    procBoundary2to0
    {
        type            processor;
        value           nonuniform List<vector> 
28
(
(0.035455 -9.74261e-05 3.08697e-05)
(0.0575435 0.000201641 0.00122141)
(0.0676599 0.000294508 0.00144789)
(0.0882663 0.0023558 0.0028711)
(0.0865041 0.00218401 0.00324804)
(0.0799885 0.00106091 0.00236765)
(0.0846145 0.00165703 0.00263024)
(0.0524732 -0.000350659 0.000150711)
(0.0593865 -0.000671497 0.000470212)
(0.0840444 0.000170706 0.00185984)
(0.0910718 0.00036842 0.00227001)
(0.0890078 -6.93382e-05 0.00223028)
(0.0997136 0.00134219 0.00276049)
(0.100626 0.00132144 0.00316929)
(0.0984921 0.000815563 0.00280314)
(0.10091 0.00113334 0.00285165)
(0.0674238 -0.00123286 0.00110391)
(0.0940154 -0.000419252 0.00252299)
(0.105446 0.000495904 0.00230077)
(0.105858 0.000515208 0.00246739)
(0.104135 0.000194652 0.00242133)
(0.106156 0.000446297 0.00236034)
(0.0747836 -0.00178104 0.000401735)
(0.0975365 -0.000858962 0.00154441)
(0.108312 8.21992e-05 0.00160921)
(0.108547 -1.5185e-05 0.00163292)
(0.106796 -0.00031661 0.00160773)
(0.108772 -6.46494e-05 0.00158212)
)
;
    }
    procBoundary2to1
    {
        type            processor;
        value           nonuniform List<vector> 9((0.073568 -0.00297912 -0.000863879) (0.0751756 -0.00247069 -0.000261694) (0.0765209 -0.00184693 -4.01911e-05) (0.0981674 -0.000723449 0.000762672) (0.0983788 -0.000763888 0.000957152) (0.0986522 -0.000707144 0.000974468) (0.107018 -8.0237e-05 0.00125823) (0.107258 -0.000206134 0.00125745) (0.107477 -0.000241027 0.00119779));
    }
    procBoundary2to3
    {
        type            processor;
        value           nonuniform List<vector> 
110
(
(0.0466362 3.41507e-05 0.000135956)
(0.0672933 0.000481149 0.000386556)
(0.0823503 0.000934923 0.00086342)
(0.0911385 0.000791234 0.00111122)
(0.094833 0.000367568 0.00114841)
(0.0949476 -0.000178418 0.00110971)
(0.0933376 -0.000519479 0.00108783)
(0.0919211 -0.00084906 0.00107716)
(0.0834557 -0.00110303 0.000830481)
(0.0686149 -0.000652072 0.000339913)
(0.0477428 -0.000136834 6.98632e-05)
(0.0674059 0.000317312 0.000606801)
(0.0879803 0.000304285 0.000433756)
(0.0968414 0.00071825 0.000974673)
(0.102217 0.000646929 0.00134862)
(0.104638 0.000327792 0.00149058)
(0.10471 -0.000187657 0.00144682)
(0.103469 -0.000462774 0.00137167)
(0.102334 -0.000730579 0.00131322)
(0.0971562 -0.000891552 0.000923548)
(0.088543 -0.00045841 0.000374552)
(0.0685481 -0.000388085 0.000575768)
(0.0825784 0.000794052 0.000986151)
(0.0969628 0.000849135 0.000804664)
(0.102981 0.000930306 0.0010373)
(0.106544 0.00072174 0.0013327)
(0.108218 0.000307498 0.00145916)
(0.108255 -0.000247597 0.00141662)
(0.107247 -0.000533954 0.00136568)
(0.106311 -0.000832323 0.00133254)
(0.102898 -0.00110996 0.00104265)
(0.0970783 -0.000999532 0.000838527)
(0.0833193 -0.000870116 0.00106931)
(0.0913934 0.00104191 0.000714411)
(0.102377 0.00124723 0.0006195)
(0.106607 0.00123428 0.000746071)
(0.108961 0.00087898 0.000925908)
(0.110056 0.000329391 0.00101464)
(0.110065 -0.000327328 0.000991705)
(0.109253 -0.000652691 0.000971782)
(0.108491 -0.000993834 0.000963368)
(0.106271 -0.00139375 0.000816926)
(0.102233 -0.00137289 0.000747488)
(0.0917688 -0.00111671 0.000896971)
(0.0949475 0.0011098 0.000178794)
(0.10471 0.00144695 0.000187995)
(0.108255 0.00141675 0.000247833)
(0.110065 0.00099181 0.00032747)
(0.110878 0.000357331 0.000364048)
(0.110878 -0.000363965 0.000357267)
(0.110165 -0.000713289 0.000356615)
(0.109488 -0.00107748 0.000358933)
(0.107829 -0.00152001 0.000333747)
(0.104505 -0.0015208 0.000345255)
(0.0952134 -0.00114229 0.000371276)
(0.094833 0.00114844 -0.000367221)
(0.104638 0.00149065 -0.000327462)
(0.108218 0.00145922 -0.000307237)
(0.110056 0.00101468 -0.000329217)
(0.110878 0.000364076 -0.00035721)
(0.110878 -0.000357208 -0.000363983)
(0.110169 -0.000701601 -0.00035838)
(0.109495 -0.0010624 -0.000357301)
(0.107854 -0.00149421 -0.000294943)
(0.104549 -0.00149603 -0.000256824)
(0.09528 -0.00112021 -0.000256897)
(0.0911387 0.00111124 -0.000790914)
(0.102218 0.00134864 -0.000646641)
(0.106544 0.00133268 -0.000721478)
(0.108961 0.000925876 -0.000878769)
(0.110065 0.000327441 -0.000991646)
(0.110056 -0.000329247 -0.00101456)
(0.10925 -0.000635443 -0.000999561)
(0.108491 -0.000963323 -0.000993845)
(0.106311 -0.0013325 -0.000832364)
(0.102334 -0.00131317 -0.000730661)
(0.0919212 -0.00107713 -0.000849223)
(0.0823506 0.000863454 -0.000934698)
(0.0968416 0.000974682 -0.000718023)
(0.102982 0.00103723 -0.000930084)
(0.106607 0.000745979 -0.00123406)
(0.108255 0.000247742 -0.00141655)
(0.108218 -0.00030732 -0.00145905)
(0.107207 -0.000548711 -0.0014201)
(0.106271 -0.000816875 -0.00139373)
(0.102898 -0.00104259 -0.00110997)
(0.0971562 -0.000923445 -0.000891602)
(0.0834557 -0.0008304 -0.00110313)
(0.0672936 0.000386583 -0.000481047)
(0.0879807 0.000433756 -0.000304197)
(0.0969631 0.00080458 -0.000849018)
(0.102377 0.000619356 -0.00124709)
(0.10471 0.000187849 -0.00144679)
(0.104638 -0.000327579 -0.00149048)
(0.103378 -0.000527913 -0.00142566)
(0.102233 -0.000747434 -0.00137287)
(0.0970783 -0.000838466 -0.000999552)
(0.0885429 -0.000374453 -0.000458476)
(0.0686149 -0.000339842 -0.000652193)
(0.0466365 0.000135985 -3.41478e-05)
(0.0674063 0.000606774 -0.000317309)
(0.0825788 0.000986037 -0.000794011)
(0.0913937 0.00071423 -0.00104183)
(0.0949477 0.00017862 -0.00110972)
(0.0948331 -0.000367363 -0.00114834)
(0.0931959 -0.00062369 -0.00112756)
(0.0917689 -0.000896893 -0.00111666)
(0.0833193 -0.00106925 -0.000870118)
(0.0685481 -0.000575665 -0.000388103)
(0.0477428 -6.97706e-05 -0.000136932)
)
;
    }
}


// ************************************************************************* //
