/*--------------------------------*- C++ -*----------------------------------*\
| =========                 |                                                 |
| \\      /  F ield         | OpenFOAM: The Open Source CFD Toolbox           |
|  \\    /   O peration     | Version:  2212                                  |
|   \\  /    A nd           | Website:  www.openfoam.com                      |
|    \\/     M anipulation  |                                                 |
\*---------------------------------------------------------------------------*/
FoamFile
{
    version     2.0;
    format      ascii;
    arch        "LSB;label=32;scalar=64";
    class       vectorField;
    location    "constant/polyMesh";
    object      points;
}
// * * * * * * * * * * * * * * * * * * * * * * * * * * * * * * * * * * * * * //


988
(
(0.098 -0.014142134 -0.014142134)
(0.1 -0.014142134 -0.014142134)
(0.102 -0.014142134 -0.014142134)
(0.104 -0.014142134 -0.014142134)
(0.106 -0.014142134 -0.014142134)
(0.108 -0.014142134 -0.014142134)
(0.098 -0.01198555226 -0.01601082366)
(0.1 -0.01198555226 -0.01601082366)
(0.102 -0.01198555226 -0.01601082366)
(0.104 -0.01198555226 -0.01601082366)
(0.106 -0.01198555226 -0.01601082366)
(0.108 -0.01198555226 -0.01601082366)
(0.098 -0.009584979073 -0.01755357906)
(0.1 -0.009584979073 -0.01755357906)
(0.102 -0.009584979073 -0.01755357906)
(0.104 -0.009584979073 -0.01755357906)
(0.106 -0.009584979073 -0.01755357906)
(0.108 -0.009584979073 -0.01755357906)
(0.098 -0.006989283213 -0.01873899411)
(0.1 -0.006989283213 -0.01873899411)
(0.102 -0.006989283213 -0.01873899411)
(0.104 -0.006989283213 -0.01873899411)
(0.106 -0.006989283213 -0.01873899411)
(0.108 -0.006989283213 -0.01873899411)
(0.11 -0.006989283213 -0.01873899411)
(0.098 -0.004251305602 -0.01954293718)
(0.1 -0.004251305602 -0.01954293718)
(0.102 -0.004251305602 -0.01954293718)
(0.104 -0.004251305602 -0.01954293718)
(0.106 -0.004251305602 -0.01954293718)
(0.108 -0.004251305602 -0.01954293718)
(0.11 -0.004251305602 -0.01954293718)
(0.098 -0.001426783607 -0.01994904228)
(0.1 -0.001426783607 -0.01994904228)
(0.102 -0.001426783607 -0.01994904228)
(0.104 -0.001426783607 -0.01994904228)
(0.106 -0.001426783607 -0.01994904228)
(0.108 -0.001426783607 -0.01994904228)
(0.11 -0.001426783607 -0.01994904228)
(0.112 -0.001426783607 -0.01994904228)
(0.098 0.001426783607 -0.01994904228)
(0.1 0.001426783607 -0.01994904228)
(0.102 0.001426783607 -0.01994904228)
(0.104 0.001426783607 -0.01994904228)
(0.106 0.001426783607 -0.01994904228)
(0.108 0.001426783607 -0.01994904228)
(0.11 0.001426783607 -0.01994904228)
(0.112 0.001426783607 -0.01994904228)
(0.098 0.004251305602 -0.01954293718)
(0.1 0.004251305602 -0.01954293718)
(0.102 0.004251305602 -0.01954293718)
(0.104 0.004251305602 -0.01954293718)
(0.106 0.004251305602 -0.01954293718)
(0.108 0.004251305602 -0.01954293718)
(0.11 0.004251305602 -0.01954293718)
(0.112 0.004251305602 -0.01954293718)
(0.098 0.006989283213 -0.01873899411)
(0.1 0.006989283213 -0.01873899411)
(0.102 0.006989283213 -0.01873899411)
(0.104 0.006989283213 -0.01873899411)
(0.106 0.006989283213 -0.01873899411)
(0.108 0.006989283213 -0.01873899411)
(0.11 0.006989283213 -0.01873899411)
(0.112 0.006989283213 -0.01873899411)
(0.098 0.009584979073 -0.01755357906)
(0.1 0.009584979073 -0.01755357906)
(0.102 0.009584979073 -0.01755357906)
(0.104 0.009584979073 -0.01755357906)
(0.106 0.009584979073 -0.01755357906)
(0.108 0.009584979073 -0.01755357906)
(0.11 0.009584979073 -0.01755357906)
(0.112 0.009584979073 -0.01755357906)
(0.098 0.01198555226 -0.01601082366)
(0.1 0.01198555226 -0.01601082366)
(0.102 0.01198555226 -0.01601082366)
(0.104 0.01198555226 -0.01601082366)
(0.106 0.01198555226 -0.01601082366)
(0.108 0.01198555226 -0.01601082366)
(0.11 0.01198555226 -0.01601082366)
(0.098 0.014142134 -0.014142134)
(0.1 0.014142134 -0.014142134)
(0.102 0.014142134 -0.014142134)
(0.104 0.014142134 -0.014142134)
(0.106 0.014142134 -0.014142134)
(0.108 0.014142134 -0.014142134)
(0.11 0.014142134 -0.014142134)
(0.098 -0.01601082366 -0.01198555226)
(0.1 -0.01601082366 -0.01198555226)
(0.102 -0.01601082366 -0.01198555226)
(0.104 -0.01601082366 -0.01198555226)
(0.106 -0.01601082366 -0.01198555226)
(0.108 -0.01601082366 -0.01198555226)
(0.11 -0.01601082366 -0.01198555226)
(0.098 -0.01351448017 -0.01351448017)
(0.1 -0.01351448017 -0.01351448017)
(0.102 -0.01351448017 -0.01351448017)
(0.104 -0.01351448017 -0.01351448017)
(0.106 -0.01351448017 -0.01351448017)
(0.108 -0.01351448017 -0.01351448017)
(0.11 -0.01351448017 -0.01351448017)
(0.098 -0.01077414522 -0.01477673458)
(0.1 -0.01077414522 -0.01477673458)
(0.102 -0.01077414522 -0.01477673458)
(0.104 -0.01077414522 -0.01477673458)
(0.106 -0.01077414522 -0.01477673458)
(0.108 -0.01077414522 -0.01477673458)
(0.11 -0.01077414522 -0.01477673458)
(0.098 -0.007838687606 -0.01574661963)
(0.1 -0.007838687606 -0.01574661963)
(0.102 -0.007838687606 -0.01574661963)
(0.104 -0.007838687606 -0.01574661963)
(0.106 -0.007838687606 -0.01574661963)
(0.108 -0.007838687606 -0.01574661963)
(0.11 -0.007838687606 -0.01574661963)
(0.098 -0.004760948238 -0.01640439123)
(0.1 -0.004760948238 -0.01640439123)
(0.102 -0.004760948238 -0.01640439123)
(0.104 -0.004760948238 -0.01640439123)
(0.106 -0.004760948238 -0.01640439123)
(0.108 -0.004760948238 -0.01640439123)
(0.11 -0.004760948238 -0.01640439123)
(0.098 -0.001596664486 -0.01673665903)
(0.1 -0.001596664486 -0.01673665903)
(0.102 -0.001596664486 -0.01673665903)
(0.104 -0.001596664486 -0.01673665903)
(0.106 -0.001596664486 -0.01673665903)
(0.108 -0.001596664486 -0.01673665903)
(0.11 -0.001596664486 -0.01673665903)
(0.112 -0.001596664486 -0.01673665903)
(0.098 0.001596664486 -0.01673665903)
(0.1 0.001596664486 -0.01673665903)
(0.102 0.001596664486 -0.01673665903)
(0.104 0.001596664486 -0.01673665903)
(0.106 0.001596664486 -0.01673665903)
(0.108 0.001596664486 -0.01673665903)
(0.11 0.001596664486 -0.01673665903)
(0.112 0.001596664486 -0.01673665903)
(0.098 0.004760948238 -0.01640439123)
(0.1 0.004760948238 -0.01640439123)
(0.102 0.004760948238 -0.01640439123)
(0.104 0.004760948238 -0.01640439123)
(0.106 0.004760948238 -0.01640439123)
(0.108 0.004760948238 -0.01640439123)
(0.11 0.004760948238 -0.01640439123)
(0.112 0.004760948238 -0.01640439123)
(0.098 0.007838687606 -0.01574661963)
(0.1 0.007838687606 -0.01574661963)
(0.102 0.007838687606 -0.01574661963)
(0.104 0.007838687606 -0.01574661963)
(0.106 0.007838687606 -0.01574661963)
(0.108 0.007838687606 -0.01574661963)
(0.11 0.007838687606 -0.01574661963)
(0.112 0.007838687606 -0.01574661963)
(0.098 0.01077414522 -0.01477673458)
(0.1 0.01077414522 -0.01477673458)
(0.102 0.01077414522 -0.01477673458)
(0.104 0.01077414522 -0.01477673458)
(0.106 0.01077414522 -0.01477673458)
(0.108 0.01077414522 -0.01477673458)
(0.11 0.01077414522 -0.01477673458)
(0.112 0.01077414522 -0.01477673458)
(0.098 0.01351448017 -0.01351448017)
(0.1 0.01351448017 -0.01351448017)
(0.102 0.01351448017 -0.01351448017)
(0.104 0.01351448017 -0.01351448017)
(0.106 0.01351448017 -0.01351448017)
(0.108 0.01351448017 -0.01351448017)
(0.11 0.01351448017 -0.01351448017)
(0.112 0.01351448017 -0.01351448017)
(0.098 0.01601082366 -0.01198555226)
(0.1 0.01601082366 -0.01198555226)
(0.102 0.01601082366 -0.01198555226)
(0.104 0.01601082366 -0.01198555226)
(0.106 0.01601082366 -0.01198555226)
(0.108 0.01601082366 -0.01198555226)
(0.11 0.01601082366 -0.01198555226)
(0.098 -0.01755357906 -0.009584979073)
(0.1 -0.01755357906 -0.009584979073)
(0.102 -0.01755357906 -0.009584979073)
(0.104 -0.01755357906 -0.009584979073)
(0.106 -0.01755357906 -0.009584979073)
(0.108 -0.01755357906 -0.009584979073)
(0.11 -0.01755357906 -0.009584979073)
(0.112 -0.01755357906 -0.009584979073)
(0.098 -0.01477673458 -0.01077414522)
(0.1 -0.01477673458 -0.01077414522)
(0.102 -0.01477673458 -0.01077414522)
(0.104 -0.01477673458 -0.01077414522)
(0.106 -0.01477673458 -0.01077414522)
(0.108 -0.01477673458 -0.01077414522)
(0.11 -0.01477673458 -0.01077414522)
(0.112 -0.01477673458 -0.01077414522)
(0.098 -0.01175589866 -0.01175589866)
(0.1 -0.01175589866 -0.01175589866)
(0.102 -0.01175589866 -0.01175589866)
(0.104 -0.01175589866 -0.01175589866)
(0.106 -0.01175589866 -0.01175589866)
(0.108 -0.01175589866 -0.01175589866)
(0.11 -0.01175589866 -0.01175589866)
(0.098 -0.008539940058 -0.01251025369)
(0.1 -0.008539940058 -0.01251025369)
(0.102 -0.008539940058 -0.01251025369)
(0.104 -0.008539940058 -0.01251025369)
(0.106 -0.008539940058 -0.01251025369)
(0.108 -0.008539940058 -0.01251025369)
(0.11 -0.008539940058 -0.01251025369)
(0.098 -0.005181699709 -0.01302185382)
(0.1 -0.005181699709 -0.01302185382)
(0.102 -0.005181699709 -0.01302185382)
(0.104 -0.005181699709 -0.01302185382)
(0.106 -0.005181699709 -0.01302185382)
(0.108 -0.005181699709 -0.01302185382)
(0.11 -0.005181699709 -0.01302185382)
(0.098 -0.001736914976 -0.01328028434)
(0.1 -0.001736914976 -0.01328028434)
(0.102 -0.001736914976 -0.01328028434)
(0.104 -0.001736914976 -0.01328028434)
(0.106 -0.001736914976 -0.01328028434)
(0.108 -0.001736914976 -0.01328028434)
(0.11 -0.001736914976 -0.01328028434)
(0.098 0.001736914976 -0.01328028434)
(0.1 0.001736914976 -0.01328028434)
(0.102 0.001736914976 -0.01328028434)
(0.104 0.001736914976 -0.01328028434)
(0.106 0.001736914976 -0.01328028434)
(0.108 0.001736914976 -0.01328028434)
(0.11 0.001736914976 -0.01328028434)
(0.098 0.005181699709 -0.01302185382)
(0.1 0.005181699709 -0.01302185382)
(0.102 0.005181699709 -0.01302185382)
(0.104 0.005181699709 -0.01302185382)
(0.106 0.005181699709 -0.01302185382)
(0.108 0.005181699709 -0.01302185382)
(0.11 0.005181699709 -0.01302185382)
(0.112 0.005181699709 -0.01302185382)
(0.098 0.008539940058 -0.01251025369)
(0.1 0.008539940058 -0.01251025369)
(0.102 0.008539940058 -0.01251025369)
(0.104 0.008539940058 -0.01251025369)
(0.106 0.008539940058 -0.01251025369)
(0.108 0.008539940058 -0.01251025369)
(0.11 0.008539940058 -0.01251025369)
(0.112 0.008539940058 -0.01251025369)
(0.098 0.01175589866 -0.01175589866)
(0.1 0.01175589866 -0.01175589866)
(0.102 0.01175589866 -0.01175589866)
(0.104 0.01175589866 -0.01175589866)
(0.106 0.01175589866 -0.01175589866)
(0.108 0.01175589866 -0.01175589866)
(0.11 0.01175589866 -0.01175589866)
(0.112 0.01175589866 -0.01175589866)
(0.098 0.01477673458 -0.01077414522)
(0.1 0.01477673458 -0.01077414522)
(0.102 0.01477673458 -0.01077414522)
(0.104 0.01477673458 -0.01077414522)
(0.106 0.01477673458 -0.01077414522)
(0.108 0.01477673458 -0.01077414522)
(0.11 0.01477673458 -0.01077414522)
(0.112 0.01477673458 -0.01077414522)
(0.098 0.01755357906 -0.009584979073)
(0.1 0.01755357906 -0.009584979073)
(0.102 0.01755357906 -0.009584979073)
(0.104 0.01755357906 -0.009584979073)
(0.106 0.01755357906 -0.009584979073)
(0.108 0.01755357906 -0.009584979073)
(0.11 0.01755357906 -0.009584979073)
(0.098 -0.01873899411 -0.006989283213)
(0.1 -0.01873899411 -0.006989283213)
(0.102 -0.01873899411 -0.006989283213)
(0.104 -0.01873899411 -0.006989283213)
(0.106 -0.01873899411 -0.006989283213)
(0.108 -0.01873899411 -0.006989283213)
(0.11 -0.01873899411 -0.006989283213)
(0.112 -0.01873899411 -0.006989283213)
(0.098 -0.01574661963 -0.007838687606)
(0.1 -0.01574661963 -0.007838687606)
(0.102 -0.01574661963 -0.007838687606)
(0.104 -0.01574661963 -0.007838687606)
(0.106 -0.01574661963 -0.007838687606)
(0.108 -0.01574661963 -0.007838687606)
(0.11 -0.01574661963 -0.007838687606)
(0.112 -0.01574661963 -0.007838687606)
(0.098 -0.01251025369 -0.008539940058)
(0.1 -0.01251025369 -0.008539940058)
(0.102 -0.01251025369 -0.008539940058)
(0.104 -0.01251025369 -0.008539940058)
(0.106 -0.01251025369 -0.008539940058)
(0.108 -0.01251025369 -0.008539940058)
(0.11 -0.01251025369 -0.008539940058)
(0.112 -0.01251025369 -0.008539940058)
(0.098 -0.009078765083 -0.009078765083)
(0.1 -0.009078765083 -0.009078765083)
(0.102 -0.009078765083 -0.009078765083)
(0.104 -0.009078765083 -0.009078765083)
(0.106 -0.009078765083 -0.009078765083)
(0.108 -0.009078765083 -0.009078765083)
(0.11 -0.009078765083 -0.009078765083)
(0.098 -0.005504994724 -0.009444193748)
(0.1 -0.005504994724 -0.009444193748)
(0.102 -0.005504994724 -0.009444193748)
(0.104 -0.005504994724 -0.009444193748)
(0.106 -0.005504994724 -0.009444193748)
(0.108 -0.005504994724 -0.009444193748)
(0.11 -0.005504994724 -0.009444193748)
(0.098 -0.001844679981 -0.009628786975)
(0.1 -0.001844679981 -0.009628786975)
(0.102 -0.001844679981 -0.009628786975)
(0.104 -0.001844679981 -0.009628786975)
(0.106 -0.001844679981 -0.009628786975)
(0.108 -0.001844679981 -0.009628786975)
(0.11 -0.001844679981 -0.009628786975)
(0.098 0.001844679981 -0.009628786975)
(0.1 0.001844679981 -0.009628786975)
(0.102 0.001844679981 -0.009628786975)
(0.104 0.001844679981 -0.009628786975)
(0.106 0.001844679981 -0.009628786975)
(0.108 0.001844679981 -0.009628786975)
(0.11 0.001844679981 -0.009628786975)
(0.098 0.005504994724 -0.009444193748)
(0.1 0.005504994724 -0.009444193748)
(0.102 0.005504994724 -0.009444193748)
(0.104 0.005504994724 -0.009444193748)
(0.106 0.005504994724 -0.009444193748)
(0.108 0.005504994724 -0.009444193748)
(0.11 0.005504994724 -0.009444193748)
(0.098 0.009078765083 -0.009078765083)
(0.1 0.009078765083 -0.009078765083)
(0.102 0.009078765083 -0.009078765083)
(0.104 0.009078765083 -0.009078765083)
(0.106 0.009078765083 -0.009078765083)
(0.108 0.009078765083 -0.009078765083)
(0.11 0.009078765083 -0.009078765083)
(0.098 0.01251025369 -0.008539940058)
(0.1 0.01251025369 -0.008539940058)
(0.102 0.01251025369 -0.008539940058)
(0.104 0.01251025369 -0.008539940058)
(0.106 0.01251025369 -0.008539940058)
(0.108 0.01251025369 -0.008539940058)
(0.11 0.01251025369 -0.008539940058)
(0.112 0.01251025369 -0.008539940058)
(0.098 0.01574661963 -0.007838687606)
(0.1 0.01574661963 -0.007838687606)
(0.102 0.01574661963 -0.007838687606)
(0.104 0.01574661963 -0.007838687606)
(0.106 0.01574661963 -0.007838687606)
(0.108 0.01574661963 -0.007838687606)
(0.11 0.01574661963 -0.007838687606)
(0.112 0.01574661963 -0.007838687606)
(0.098 0.01873899411 -0.006989283213)
(0.1 0.01873899411 -0.006989283213)
(0.102 0.01873899411 -0.006989283213)
(0.104 0.01873899411 -0.006989283213)
(0.106 0.01873899411 -0.006989283213)
(0.108 0.01873899411 -0.006989283213)
(0.11 0.01873899411 -0.006989283213)
(0.098 -0.01954293718 -0.004251305602)
(0.1 -0.01954293718 -0.004251305602)
(0.102 -0.01954293718 -0.004251305602)
(0.104 -0.01954293718 -0.004251305602)
(0.106 -0.01954293718 -0.004251305602)
(0.108 -0.01954293718 -0.004251305602)
(0.11 -0.01954293718 -0.004251305602)
(0.112 -0.01954293718 -0.004251305602)
(0.098 -0.01640439123 -0.004760948238)
(0.1 -0.01640439123 -0.004760948238)
(0.102 -0.01640439123 -0.004760948238)
(0.104 -0.01640439123 -0.004760948238)
(0.106 -0.01640439123 -0.004760948238)
(0.108 -0.01640439123 -0.004760948238)
(0.11 -0.01640439123 -0.004760948238)
(0.112 -0.01640439123 -0.004760948238)
(0.098 -0.01302185382 -0.005181699709)
(0.1 -0.01302185382 -0.005181699709)
(0.102 -0.01302185382 -0.005181699709)
(0.104 -0.01302185382 -0.005181699709)
(0.106 -0.01302185382 -0.005181699709)
(0.108 -0.01302185382 -0.005181699709)
(0.11 -0.01302185382 -0.005181699709)
(0.112 -0.01302185382 -0.005181699709)
(0.098 -0.009444193748 -0.005504994724)
(0.1 -0.009444193748 -0.005504994724)
(0.102 -0.009444193748 -0.005504994724)
(0.104 -0.009444193748 -0.005504994724)
(0.106 -0.009444193748 -0.005504994724)
(0.108 -0.009444193748 -0.005504994724)
(0.11 -0.009444193748 -0.005504994724)
(0.098 -0.005724251923 -0.005724251923)
(0.1 -0.005724251923 -0.005724251923)
(0.102 -0.005724251923 -0.005724251923)
(0.104 -0.005724251923 -0.005724251923)
(0.106 -0.005724251923 -0.005724251923)
(0.108 -0.005724251923 -0.005724251923)
(0.11 -0.005724251923 -0.005724251923)
(0.098 -0.001917765714 -0.005835007859)
(0.1 -0.001917765714 -0.005835007859)
(0.102 -0.001917765714 -0.005835007859)
(0.104 -0.001917765714 -0.005835007859)
(0.106 -0.001917765714 -0.005835007859)
(0.108 -0.001917765714 -0.005835007859)
(0.11 -0.001917765714 -0.005835007859)
(0.098 0.001917765714 -0.005835007859)
(0.1 0.001917765714 -0.005835007859)
(0.102 0.001917765714 -0.005835007859)
(0.104 0.001917765714 -0.005835007859)
(0.106 0.001917765714 -0.005835007859)
(0.108 0.001917765714 -0.005835007859)
(0.11 0.001917765714 -0.005835007859)
(0.098 0.005724251923 -0.005724251923)
(0.1 0.005724251923 -0.005724251923)
(0.102 0.005724251923 -0.005724251923)
(0.104 0.005724251923 -0.005724251923)
(0.106 0.005724251923 -0.005724251923)
(0.108 0.005724251923 -0.005724251923)
(0.11 0.005724251923 -0.005724251923)
(0.098 0.009444193748 -0.005504994724)
(0.1 0.009444193748 -0.005504994724)
(0.102 0.009444193748 -0.005504994724)
(0.104 0.009444193748 -0.005504994724)
(0.106 0.009444193748 -0.005504994724)
(0.108 0.009444193748 -0.005504994724)
(0.11 0.009444193748 -0.005504994724)
(0.098 0.01302185382 -0.005181699709)
(0.1 0.01302185382 -0.005181699709)
(0.102 0.01302185382 -0.005181699709)
(0.104 0.01302185382 -0.005181699709)
(0.106 0.01302185382 -0.005181699709)
(0.108 0.01302185382 -0.005181699709)
(0.11 0.01302185382 -0.005181699709)
(0.098 0.01640439123 -0.004760948238)
(0.1 0.01640439123 -0.004760948238)
(0.102 0.01640439123 -0.004760948238)
(0.104 0.01640439123 -0.004760948238)
(0.106 0.01640439123 -0.004760948238)
(0.108 0.01640439123 -0.004760948238)
(0.11 0.01640439123 -0.004760948238)
(0.098 0.01954293718 -0.004251305602)
(0.1 0.01954293718 -0.004251305602)
(0.102 0.01954293718 -0.004251305602)
(0.104 0.01954293718 -0.004251305602)
(0.106 0.01954293718 -0.004251305602)
(0.108 0.01954293718 -0.004251305602)
(0.11 0.01954293718 -0.004251305602)
(0.098 -0.01994904228 -0.001426783607)
(0.1 -0.01994904228 -0.001426783607)
(0.102 -0.01994904228 -0.001426783607)
(0.104 -0.01994904228 -0.001426783607)
(0.106 -0.01994904228 -0.001426783607)
(0.108 -0.01994904228 -0.001426783607)
(0.11 -0.01994904228 -0.001426783607)
(0.098 -0.01673665903 -0.001596664486)
(0.1 -0.01673665903 -0.001596664486)
(0.102 -0.01673665903 -0.001596664486)
(0.104 -0.01673665903 -0.001596664486)
(0.106 -0.01673665903 -0.001596664486)
(0.108 -0.01673665903 -0.001596664486)
(0.11 -0.01673665903 -0.001596664486)
(0.098 -0.01328028434 -0.001736914976)
(0.1 -0.01328028434 -0.001736914976)
(0.102 -0.01328028434 -0.001736914976)
(0.104 -0.01328028434 -0.001736914976)
(0.106 -0.01328028434 -0.001736914976)
(0.108 -0.01328028434 -0.001736914976)
(0.11 -0.01328028434 -0.001736914976)
(0.098 -0.009628786975 -0.001844679981)
(0.1 -0.009628786975 -0.001844679981)
(0.102 -0.009628786975 -0.001844679981)
(0.104 -0.009628786975 -0.001844679981)
(0.106 -0.009628786975 -0.001844679981)
(0.108 -0.009628786975 -0.001844679981)
(0.098 -0.005835007859 -0.001917765714)
(0.1 -0.005835007859 -0.001917765714)
(0.102 -0.005835007859 -0.001917765714)
(0.104 -0.005835007859 -0.001917765714)
(0.106 -0.005835007859 -0.001917765714)
(0.108 -0.005835007859 -0.001917765714)
(0.098 -0.00195468436 -0.00195468436)
(0.1 -0.00195468436 -0.00195468436)
(0.102 -0.00195468436 -0.00195468436)
(0.104 -0.00195468436 -0.00195468436)
(0.106 -0.00195468436 -0.00195468436)
(0.108 -0.00195468436 -0.00195468436)
(0.098 0.00195468436 -0.00195468436)
(0.1 0.00195468436 -0.00195468436)
(0.102 0.00195468436 -0.00195468436)
(0.104 0.00195468436 -0.00195468436)
(0.106 0.00195468436 -0.00195468436)
(0.108 0.00195468436 -0.00195468436)
(0.098 0.005835007859 -0.001917765714)
(0.1 0.005835007859 -0.001917765714)
(0.102 0.005835007859 -0.001917765714)
(0.104 0.005835007859 -0.001917765714)
(0.106 0.005835007859 -0.001917765714)
(0.108 0.005835007859 -0.001917765714)
(0.098 0.009628786975 -0.001844679981)
(0.1 0.009628786975 -0.001844679981)
(0.102 0.009628786975 -0.001844679981)
(0.104 0.009628786975 -0.001844679981)
(0.106 0.009628786975 -0.001844679981)
(0.108 0.009628786975 -0.001844679981)
(0.098 0.01328028434 -0.001736914976)
(0.1 0.01328028434 -0.001736914976)
(0.102 0.01328028434 -0.001736914976)
(0.104 0.01328028434 -0.001736914976)
(0.106 0.01328028434 -0.001736914976)
(0.108 0.01328028434 -0.001736914976)
(0.098 0.01673665903 -0.001596664486)
(0.1 0.01673665903 -0.001596664486)
(0.102 0.01673665903 -0.001596664486)
(0.104 0.01673665903 -0.001596664486)
(0.106 0.01673665903 -0.001596664486)
(0.108 0.01673665903 -0.001596664486)
(0.11 0.01673665903 -0.001596664486)
(0.098 0.01994904228 -0.001426783607)
(0.1 0.01994904228 -0.001426783607)
(0.102 0.01994904228 -0.001426783607)
(0.104 0.01994904228 -0.001426783607)
(0.106 0.01994904228 -0.001426783607)
(0.108 0.01994904228 -0.001426783607)
(0.11 0.01994904228 -0.001426783607)
(0.096 -0.01994904228 0.001426783607)
(0.098 -0.01994904228 0.001426783607)
(0.1 -0.01994904228 0.001426783607)
(0.102 -0.01994904228 0.001426783607)
(0.104 -0.01994904228 0.001426783607)
(0.106 -0.01994904228 0.001426783607)
(0.108 -0.01994904228 0.001426783607)
(0.11 -0.01994904228 0.001426783607)
(0.096 -0.01673665903 0.001596664486)
(0.098 -0.01673665903 0.001596664486)
(0.1 -0.01673665903 0.001596664486)
(0.102 -0.01673665903 0.001596664486)
(0.104 -0.01673665903 0.001596664486)
(0.106 -0.01673665903 0.001596664486)
(0.108 -0.01673665903 0.001596664486)
(0.11 -0.01673665903 0.001596664486)
(0.096 -0.01328028434 0.001736914976)
(0.098 -0.01328028434 0.001736914976)
(0.1 -0.01328028434 0.001736914976)
(0.102 -0.01328028434 0.001736914976)
(0.104 -0.01328028434 0.001736914976)
(0.106 -0.01328028434 0.001736914976)
(0.108 -0.01328028434 0.001736914976)
(0.11 -0.01328028434 0.001736914976)
(0.096 -0.009628786975 0.001844679981)
(0.098 -0.009628786975 0.001844679981)
(0.1 -0.009628786975 0.001844679981)
(0.102 -0.009628786975 0.001844679981)
(0.104 -0.009628786975 0.001844679981)
(0.106 -0.009628786975 0.001844679981)
(0.108 -0.009628786975 0.001844679981)
(0.096 -0.005835007859 0.001917765714)
(0.098 -0.005835007859 0.001917765714)
(0.1 -0.005835007859 0.001917765714)
(0.102 -0.005835007859 0.001917765714)
(0.104 -0.005835007859 0.001917765714)
(0.106 -0.005835007859 0.001917765714)
(0.108 -0.005835007859 0.001917765714)
(0.096 -0.00195468436 0.00195468436)
(0.098 -0.00195468436 0.00195468436)
(0.1 -0.00195468436 0.00195468436)
(0.102 -0.00195468436 0.00195468436)
(0.104 -0.00195468436 0.00195468436)
(0.106 -0.00195468436 0.00195468436)
(0.108 -0.00195468436 0.00195468436)
(0.098 0.00195468436 0.00195468436)
(0.1 0.00195468436 0.00195468436)
(0.102 0.00195468436 0.00195468436)
(0.104 0.00195468436 0.00195468436)
(0.106 0.00195468436 0.00195468436)
(0.108 0.00195468436 0.00195468436)
(0.098 0.005835007859 0.001917765714)
(0.1 0.005835007859 0.001917765714)
(0.102 0.005835007859 0.001917765714)
(0.104 0.005835007859 0.001917765714)
(0.106 0.005835007859 0.001917765714)
(0.108 0.005835007859 0.001917765714)
(0.098 0.009628786975 0.001844679981)
(0.1 0.009628786975 0.001844679981)
(0.102 0.009628786975 0.001844679981)
(0.104 0.009628786975 0.001844679981)
(0.106 0.009628786975 0.001844679981)
(0.108 0.009628786975 0.001844679981)
(0.098 0.01328028434 0.001736914976)
(0.1 0.01328028434 0.001736914976)
(0.102 0.01328028434 0.001736914976)
(0.104 0.01328028434 0.001736914976)
(0.106 0.01328028434 0.001736914976)
(0.108 0.01328028434 0.001736914976)
(0.098 0.01673665903 0.001596664486)
(0.1 0.01673665903 0.001596664486)
(0.102 0.01673665903 0.001596664486)
(0.104 0.01673665903 0.001596664486)
(0.106 0.01673665903 0.001596664486)
(0.108 0.01673665903 0.001596664486)
(0.098 0.01994904228 0.001426783607)
(0.1 0.01994904228 0.001426783607)
(0.102 0.01994904228 0.001426783607)
(0.104 0.01994904228 0.001426783607)
(0.106 0.01994904228 0.001426783607)
(0.108 0.01994904228 0.001426783607)
(0.096 -0.01954293718 0.004251305602)
(0.098 -0.01954293718 0.004251305602)
(0.1 -0.01954293718 0.004251305602)
(0.102 -0.01954293718 0.004251305602)
(0.104 -0.01954293718 0.004251305602)
(0.106 -0.01954293718 0.004251305602)
(0.108 -0.01954293718 0.004251305602)
(0.096 -0.01640439123 0.004760948238)
(0.098 -0.01640439123 0.004760948238)
(0.1 -0.01640439123 0.004760948238)
(0.102 -0.01640439123 0.004760948238)
(0.104 -0.01640439123 0.004760948238)
(0.106 -0.01640439123 0.004760948238)
(0.108 -0.01640439123 0.004760948238)
(0.096 -0.01302185382 0.005181699709)
(0.098 -0.01302185382 0.005181699709)
(0.1 -0.01302185382 0.005181699709)
(0.102 -0.01302185382 0.005181699709)
(0.104 -0.01302185382 0.005181699709)
(0.106 -0.01302185382 0.005181699709)
(0.108 -0.01302185382 0.005181699709)
(0.096 -0.009444193748 0.005504994724)
(0.098 -0.009444193748 0.005504994724)
(0.1 -0.009444193748 0.005504994724)
(0.102 -0.009444193748 0.005504994724)
(0.104 -0.009444193748 0.005504994724)
(0.106 -0.009444193748 0.005504994724)
(0.108 -0.009444193748 0.005504994724)
(0.096 -0.005724251923 0.005724251923)
(0.098 -0.005724251923 0.005724251923)
(0.1 -0.005724251923 0.005724251923)
(0.102 -0.005724251923 0.005724251923)
(0.104 -0.005724251923 0.005724251923)
(0.106 -0.005724251923 0.005724251923)
(0.108 -0.005724251923 0.005724251923)
(0.096 -0.001917765714 0.005835007859)
(0.098 -0.001917765714 0.005835007859)
(0.1 -0.001917765714 0.005835007859)
(0.102 -0.001917765714 0.005835007859)
(0.104 -0.001917765714 0.005835007859)
(0.106 -0.001917765714 0.005835007859)
(0.108 -0.001917765714 0.005835007859)
(0.098 0.001917765714 0.005835007859)
(0.1 0.001917765714 0.005835007859)
(0.102 0.001917765714 0.005835007859)
(0.104 0.001917765714 0.005835007859)
(0.106 0.001917765714 0.005835007859)
(0.108 0.001917765714 0.005835007859)
(0.098 0.005724251923 0.005724251923)
(0.1 0.005724251923 0.005724251923)
(0.102 0.005724251923 0.005724251923)
(0.104 0.005724251923 0.005724251923)
(0.106 0.005724251923 0.005724251923)
(0.108 0.005724251923 0.005724251923)
(0.098 0.009444193748 0.005504994724)
(0.1 0.009444193748 0.005504994724)
(0.102 0.009444193748 0.005504994724)
(0.104 0.009444193748 0.005504994724)
(0.106 0.009444193748 0.005504994724)
(0.108 0.009444193748 0.005504994724)
(0.098 0.01302185382 0.005181699709)
(0.1 0.01302185382 0.005181699709)
(0.102 0.01302185382 0.005181699709)
(0.104 0.01302185382 0.005181699709)
(0.106 0.01302185382 0.005181699709)
(0.108 0.01302185382 0.005181699709)
(0.098 0.01640439123 0.004760948238)
(0.1 0.01640439123 0.004760948238)
(0.102 0.01640439123 0.004760948238)
(0.104 0.01640439123 0.004760948238)
(0.106 0.01640439123 0.004760948238)
(0.108 0.01640439123 0.004760948238)
(0.098 0.01954293718 0.004251305602)
(0.1 0.01954293718 0.004251305602)
(0.102 0.01954293718 0.004251305602)
(0.104 0.01954293718 0.004251305602)
(0.106 0.01954293718 0.004251305602)
(0.108 0.01954293718 0.004251305602)
(0.096 -0.01873899411 0.006989283213)
(0.098 -0.01873899411 0.006989283213)
(0.1 -0.01873899411 0.006989283213)
(0.102 -0.01873899411 0.006989283213)
(0.104 -0.01873899411 0.006989283213)
(0.106 -0.01873899411 0.006989283213)
(0.108 -0.01873899411 0.006989283213)
(0.096 -0.01574661963 0.007838687606)
(0.098 -0.01574661963 0.007838687606)
(0.1 -0.01574661963 0.007838687606)
(0.102 -0.01574661963 0.007838687606)
(0.104 -0.01574661963 0.007838687606)
(0.106 -0.01574661963 0.007838687606)
(0.108 -0.01574661963 0.007838687606)
(0.096 -0.01251025369 0.008539940058)
(0.098 -0.01251025369 0.008539940058)
(0.1 -0.01251025369 0.008539940058)
(0.102 -0.01251025369 0.008539940058)
(0.104 -0.01251025369 0.008539940058)
(0.106 -0.01251025369 0.008539940058)
(0.108 -0.01251025369 0.008539940058)
(0.096 -0.009078765083 0.009078765083)
(0.098 -0.009078765083 0.009078765083)
(0.1 -0.009078765083 0.009078765083)
(0.102 -0.009078765083 0.009078765083)
(0.104 -0.009078765083 0.009078765083)
(0.106 -0.009078765083 0.009078765083)
(0.108 -0.009078765083 0.009078765083)
(0.096 -0.005504994724 0.009444193748)
(0.098 -0.005504994724 0.009444193748)
(0.1 -0.005504994724 0.009444193748)
(0.102 -0.005504994724 0.009444193748)
(0.104 -0.005504994724 0.009444193748)
(0.106 -0.005504994724 0.009444193748)
(0.108 -0.005504994724 0.009444193748)
(0.096 -0.001844679981 0.009628786975)
(0.098 -0.001844679981 0.009628786975)
(0.1 -0.001844679981 0.009628786975)
(0.102 -0.001844679981 0.009628786975)
(0.104 -0.001844679981 0.009628786975)
(0.106 -0.001844679981 0.009628786975)
(0.108 -0.001844679981 0.009628786975)
(0.098 0.001844679981 0.009628786975)
(0.1 0.001844679981 0.009628786975)
(0.102 0.001844679981 0.009628786975)
(0.104 0.001844679981 0.009628786975)
(0.106 0.001844679981 0.009628786975)
(0.108 0.001844679981 0.009628786975)
(0.098 0.005504994724 0.009444193748)
(0.1 0.005504994724 0.009444193748)
(0.102 0.005504994724 0.009444193748)
(0.104 0.005504994724 0.009444193748)
(0.106 0.005504994724 0.009444193748)
(0.108 0.005504994724 0.009444193748)
(0.098 0.009078765083 0.009078765083)
(0.1 0.009078765083 0.009078765083)
(0.102 0.009078765083 0.009078765083)
(0.104 0.009078765083 0.009078765083)
(0.106 0.009078765083 0.009078765083)
(0.108 0.009078765083 0.009078765083)
(0.098 0.01251025369 0.008539940058)
(0.1 0.01251025369 0.008539940058)
(0.102 0.01251025369 0.008539940058)
(0.104 0.01251025369 0.008539940058)
(0.106 0.01251025369 0.008539940058)
(0.108 0.01251025369 0.008539940058)
(0.098 0.01574661963 0.007838687606)
(0.1 0.01574661963 0.007838687606)
(0.102 0.01574661963 0.007838687606)
(0.104 0.01574661963 0.007838687606)
(0.106 0.01574661963 0.007838687606)
(0.108 0.01574661963 0.007838687606)
(0.098 0.01873899411 0.006989283213)
(0.1 0.01873899411 0.006989283213)
(0.102 0.01873899411 0.006989283213)
(0.104 0.01873899411 0.006989283213)
(0.106 0.01873899411 0.006989283213)
(0.108 0.01873899411 0.006989283213)
(0.096 -0.01755357906 0.009584979073)
(0.098 -0.01755357906 0.009584979073)
(0.1 -0.01755357906 0.009584979073)
(0.102 -0.01755357906 0.009584979073)
(0.104 -0.01755357906 0.009584979073)
(0.106 -0.01755357906 0.009584979073)
(0.108 -0.01755357906 0.009584979073)
(0.096 -0.01477673458 0.01077414522)
(0.098 -0.01477673458 0.01077414522)
(0.1 -0.01477673458 0.01077414522)
(0.102 -0.01477673458 0.01077414522)
(0.104 -0.01477673458 0.01077414522)
(0.106 -0.01477673458 0.01077414522)
(0.108 -0.01477673458 0.01077414522)
(0.096 -0.01175589866 0.01175589866)
(0.098 -0.01175589866 0.01175589866)
(0.1 -0.01175589866 0.01175589866)
(0.102 -0.01175589866 0.01175589866)
(0.104 -0.01175589866 0.01175589866)
(0.106 -0.01175589866 0.01175589866)
(0.108 -0.01175589866 0.01175589866)
(0.096 -0.008539940058 0.01251025369)
(0.098 -0.008539940058 0.01251025369)
(0.1 -0.008539940058 0.01251025369)
(0.102 -0.008539940058 0.01251025369)
(0.104 -0.008539940058 0.01251025369)
(0.106 -0.008539940058 0.01251025369)
(0.108 -0.008539940058 0.01251025369)
(0.096 -0.005181699709 0.01302185382)
(0.098 -0.005181699709 0.01302185382)
(0.1 -0.005181699709 0.01302185382)
(0.102 -0.005181699709 0.01302185382)
(0.104 -0.005181699709 0.01302185382)
(0.106 -0.005181699709 0.01302185382)
(0.108 -0.005181699709 0.01302185382)
(0.096 -0.001736914976 0.01328028434)
(0.098 -0.001736914976 0.01328028434)
(0.1 -0.001736914976 0.01328028434)
(0.102 -0.001736914976 0.01328028434)
(0.104 -0.001736914976 0.01328028434)
(0.106 -0.001736914976 0.01328028434)
(0.108 -0.001736914976 0.01328028434)
(0.098 0.001736914976 0.01328028434)
(0.1 0.001736914976 0.01328028434)
(0.102 0.001736914976 0.01328028434)
(0.104 0.001736914976 0.01328028434)
(0.106 0.001736914976 0.01328028434)
(0.108 0.001736914976 0.01328028434)
(0.098 0.005181699709 0.01302185382)
(0.1 0.005181699709 0.01302185382)
(0.102 0.005181699709 0.01302185382)
(0.104 0.005181699709 0.01302185382)
(0.106 0.005181699709 0.01302185382)
(0.108 0.005181699709 0.01302185382)
(0.098 0.008539940058 0.01251025369)
(0.1 0.008539940058 0.01251025369)
(0.102 0.008539940058 0.01251025369)
(0.104 0.008539940058 0.01251025369)
(0.106 0.008539940058 0.01251025369)
(0.108 0.008539940058 0.01251025369)
(0.098 0.01175589866 0.01175589866)
(0.1 0.01175589866 0.01175589866)
(0.102 0.01175589866 0.01175589866)
(0.104 0.01175589866 0.01175589866)
(0.106 0.01175589866 0.01175589866)
(0.108 0.01175589866 0.01175589866)
(0.098 0.01477673458 0.01077414522)
(0.1 0.01477673458 0.01077414522)
(0.102 0.01477673458 0.01077414522)
(0.104 0.01477673458 0.01077414522)
(0.106 0.01477673458 0.01077414522)
(0.108 0.01477673458 0.01077414522)
(0.098 0.01755357906 0.009584979073)
(0.1 0.01755357906 0.009584979073)
(0.102 0.01755357906 0.009584979073)
(0.104 0.01755357906 0.009584979073)
(0.106 0.01755357906 0.009584979073)
(0.108 0.01755357906 0.009584979073)
(0.096 -0.01601082366 0.01198555226)
(0.098 -0.01601082366 0.01198555226)
(0.1 -0.01601082366 0.01198555226)
(0.102 -0.01601082366 0.01198555226)
(0.104 -0.01601082366 0.01198555226)
(0.106 -0.01601082366 0.01198555226)
(0.108 -0.01601082366 0.01198555226)
(0.096 -0.01351448017 0.01351448017)
(0.098 -0.01351448017 0.01351448017)
(0.1 -0.01351448017 0.01351448017)
(0.102 -0.01351448017 0.01351448017)
(0.104 -0.01351448017 0.01351448017)
(0.106 -0.01351448017 0.01351448017)
(0.108 -0.01351448017 0.01351448017)
(0.096 -0.01077414522 0.01477673458)
(0.098 -0.01077414522 0.01477673458)
(0.1 -0.01077414522 0.01477673458)
(0.102 -0.01077414522 0.01477673458)
(0.104 -0.01077414522 0.01477673458)
(0.106 -0.01077414522 0.01477673458)
(0.108 -0.01077414522 0.01477673458)
(0.096 -0.007838687606 0.01574661963)
(0.098 -0.007838687606 0.01574661963)
(0.1 -0.007838687606 0.01574661963)
(0.102 -0.007838687606 0.01574661963)
(0.104 -0.007838687606 0.01574661963)
(0.106 -0.007838687606 0.01574661963)
(0.108 -0.007838687606 0.01574661963)
(0.096 -0.004760948238 0.01640439123)
(0.098 -0.004760948238 0.01640439123)
(0.1 -0.004760948238 0.01640439123)
(0.102 -0.004760948238 0.01640439123)
(0.104 -0.004760948238 0.01640439123)
(0.106 -0.004760948238 0.01640439123)
(0.108 -0.004760948238 0.01640439123)
(0.096 -0.001596664486 0.01673665903)
(0.098 -0.001596664486 0.01673665903)
(0.1 -0.001596664486 0.01673665903)
(0.102 -0.001596664486 0.01673665903)
(0.104 -0.001596664486 0.01673665903)
(0.106 -0.001596664486 0.01673665903)
(0.108 -0.001596664486 0.01673665903)
(0.098 0.001596664486 0.01673665903)
(0.1 0.001596664486 0.01673665903)
(0.102 0.001596664486 0.01673665903)
(0.104 0.001596664486 0.01673665903)
(0.106 0.001596664486 0.01673665903)
(0.108 0.001596664486 0.01673665903)
(0.098 0.004760948238 0.01640439123)
(0.1 0.004760948238 0.01640439123)
(0.102 0.004760948238 0.01640439123)
(0.104 0.004760948238 0.01640439123)
(0.106 0.004760948238 0.01640439123)
(0.108 0.004760948238 0.01640439123)
(0.098 0.007838687606 0.01574661963)
(0.1 0.007838687606 0.01574661963)
(0.102 0.007838687606 0.01574661963)
(0.104 0.007838687606 0.01574661963)
(0.106 0.007838687606 0.01574661963)
(0.108 0.007838687606 0.01574661963)
(0.098 0.01077414522 0.01477673458)
(0.1 0.01077414522 0.01477673458)
(0.102 0.01077414522 0.01477673458)
(0.104 0.01077414522 0.01477673458)
(0.106 0.01077414522 0.01477673458)
(0.108 0.01077414522 0.01477673458)
(0.098 0.01351448017 0.01351448017)
(0.1 0.01351448017 0.01351448017)
(0.102 0.01351448017 0.01351448017)
(0.104 0.01351448017 0.01351448017)
(0.106 0.01351448017 0.01351448017)
(0.108 0.01351448017 0.01351448017)
(0.098 0.01601082366 0.01198555226)
(0.1 0.01601082366 0.01198555226)
(0.102 0.01601082366 0.01198555226)
(0.104 0.01601082366 0.01198555226)
(0.106 0.01601082366 0.01198555226)
(0.108 0.01601082366 0.01198555226)
(0.096 -0.014142134 0.014142134)
(0.098 -0.014142134 0.014142134)
(0.1 -0.014142134 0.014142134)
(0.102 -0.014142134 0.014142134)
(0.104 -0.014142134 0.014142134)
(0.106 -0.014142134 0.014142134)
(0.108 -0.014142134 0.014142134)
(0.096 -0.01198555226 0.01601082366)
(0.098 -0.01198555226 0.01601082366)
(0.1 -0.01198555226 0.01601082366)
(0.102 -0.01198555226 0.01601082366)
(0.104 -0.01198555226 0.01601082366)
(0.106 -0.01198555226 0.01601082366)
(0.108 -0.01198555226 0.01601082366)
(0.096 -0.009584979073 0.01755357906)
(0.098 -0.009584979073 0.01755357906)
(0.1 -0.009584979073 0.01755357906)
(0.102 -0.009584979073 0.01755357906)
(0.104 -0.009584979073 0.01755357906)
(0.106 -0.009584979073 0.01755357906)
(0.108 -0.009584979073 0.01755357906)
(0.096 -0.006989283213 0.01873899411)
(0.098 -0.006989283213 0.01873899411)
(0.1 -0.006989283213 0.01873899411)
(0.102 -0.006989283213 0.01873899411)
(0.104 -0.006989283213 0.01873899411)
(0.106 -0.006989283213 0.01873899411)
(0.096 -0.004251305602 0.01954293718)
(0.098 -0.004251305602 0.01954293718)
(0.1 -0.004251305602 0.01954293718)
(0.102 -0.004251305602 0.01954293718)
(0.104 -0.004251305602 0.01954293718)
(0.106 -0.004251305602 0.01954293718)
(0.096 -0.001426783607 0.01994904228)
(0.098 -0.001426783607 0.01994904228)
(0.1 -0.001426783607 0.01994904228)
(0.102 -0.001426783607 0.01994904228)
(0.104 -0.001426783607 0.01994904228)
(0.106 -0.001426783607 0.01994904228)
(0.108 -0.001426783607 0.01994904228)
(0.098 0.001426783607 0.01994904228)
(0.1 0.001426783607 0.01994904228)
(0.102 0.001426783607 0.01994904228)
(0.104 0.001426783607 0.01994904228)
(0.106 0.001426783607 0.01994904228)
(0.108 0.001426783607 0.01994904228)
(0.098 0.004251305602 0.01954293718)
(0.1 0.004251305602 0.01954293718)
(0.102 0.004251305602 0.01954293718)
(0.104 0.004251305602 0.01954293718)
(0.106 0.004251305602 0.01954293718)
(0.108 0.004251305602 0.01954293718)
(0.098 0.006989283213 0.01873899411)
(0.1 0.006989283213 0.01873899411)
(0.102 0.006989283213 0.01873899411)
(0.104 0.006989283213 0.01873899411)
(0.106 0.006989283213 0.01873899411)
(0.108 0.006989283213 0.01873899411)
(0.098 0.009584979073 0.01755357906)
(0.1 0.009584979073 0.01755357906)
(0.102 0.009584979073 0.01755357906)
(0.104 0.009584979073 0.01755357906)
(0.106 0.009584979073 0.01755357906)
(0.108 0.009584979073 0.01755357906)
(0.098 0.01198555226 0.01601082366)
(0.1 0.01198555226 0.01601082366)
(0.102 0.01198555226 0.01601082366)
(0.104 0.01198555226 0.01601082366)
(0.106 0.01198555226 0.01601082366)
(0.108 0.01198555226 0.01601082366)
(0.098 0.014142134 0.014142134)
(0.1 0.014142134 0.014142134)
(0.102 0.014142134 0.014142134)
(0.104 0.014142134 0.014142134)
(0.106 0.014142134 0.014142134)
(0.108 0.014142134 0.014142134)
)


// ************************************************************************* //
