/*--------------------------------*- C++ -*----------------------------------*\
| =========                 |                                                 |
| \\      /  F ield         | OpenFOAM: The Open Source CFD Toolbox           |
|  \\    /   O peration     | Version:  2212                                  |
|   \\  /    A nd           | Website:  www.openfoam.com                      |
|    \\/     M anipulation  |                                                 |
\*---------------------------------------------------------------------------*/
FoamFile
{
    version     2.0;
    format      ascii;
    arch        "LSB;label=32;scalar=64";
    class       vectorField;
    location    "2.8/polyMesh";
    object      points;
}
// * * * * * * * * * * * * * * * * * * * * * * * * * * * * * * * * * * * * * //


972
(
(0.064 0.00802704 0.0183185)
(0.066 0.00802704 0.0183185)
(0.068 0.00802704 0.0183185)
(0.07 0.00802704 0.0183185)
(0.072 0.00802704 0.0183185)
(0.074 0.00802704 0.0183185)
(0.076 0.00802704 0.0183185)
(0.078 0.00802704 0.0183185)
(0.08 0.00802704 0.0183185)
(0.082 0.00802704 0.0183185)
(0.084 0.00802704 0.0183185)
(0.086 0.00802704 0.0183185)
(0.064 0.00533835 0.0192744)
(0.066 0.00533835 0.0192744)
(0.068 0.00533835 0.0192744)
(0.07 0.00533835 0.0192744)
(0.072 0.00533835 0.0192744)
(0.074 0.00533835 0.0192744)
(0.076 0.00533835 0.0192744)
(0.078 0.00533835 0.0192744)
(0.08 0.00533835 0.0192744)
(0.082 0.00533835 0.0192744)
(0.084 0.00533835 0.0192744)
(0.086 0.00533835 0.0192744)
(0.064 0.00254098 0.0198379)
(0.066 0.00254098 0.0198379)
(0.068 0.00254098 0.0198379)
(0.07 0.00254098 0.0198379)
(0.072 0.00254098 0.0198379)
(0.074 0.00254098 0.0198379)
(0.076 0.00254098 0.0198379)
(0.078 0.00254098 0.0198379)
(0.08 0.00254098 0.0198379)
(0.082 0.00254098 0.0198379)
(0.084 0.00254098 0.0198379)
(0.086 0.00254098 0.0198379)
(0.062 -0.000308118 0.0199976)
(0.064 -0.000308118 0.0199976)
(0.066 -0.000308118 0.0199976)
(0.068 -0.000308118 0.0199976)
(0.07 -0.000308118 0.0199976)
(0.072 -0.000308118 0.0199976)
(0.074 -0.000308118 0.0199976)
(0.076 -0.000308118 0.0199976)
(0.078 -0.000308118 0.0199976)
(0.08 -0.000308118 0.0199976)
(0.082 -0.000308118 0.0199976)
(0.084 -0.000308118 0.0199976)
(0.086 -0.000308118 0.0199976)
(0.062 -0.00315094 0.0197502)
(0.064 -0.00315094 0.0197502)
(0.066 -0.00315094 0.0197502)
(0.068 -0.00315094 0.0197502)
(0.07 -0.00315094 0.0197502)
(0.072 -0.00315094 0.0197502)
(0.074 -0.00315094 0.0197502)
(0.076 -0.00315094 0.0197502)
(0.078 -0.00315094 0.0197502)
(0.08 -0.00315094 0.0197502)
(0.082 -0.00315094 0.0197502)
(0.084 -0.00315094 0.0197502)
(0.086 -0.00315094 0.0197502)
(0.062 -0.00592962 0.0191008)
(0.064 -0.00592962 0.0191008)
(0.066 -0.00592962 0.0191008)
(0.068 -0.00592962 0.0191008)
(0.07 -0.00592962 0.0191008)
(0.072 -0.00592962 0.0191008)
(0.074 -0.00592962 0.0191008)
(0.076 -0.00592962 0.0191008)
(0.078 -0.00592962 0.0191008)
(0.08 -0.00592962 0.0191008)
(0.082 -0.00592962 0.0191008)
(0.084 -0.00592962 0.0191008)
(0.086 -0.00592962 0.0191008)
(0.062 -0.00858759 0.0180625)
(0.064 -0.00858759 0.0180625)
(0.066 -0.00858759 0.0180625)
(0.068 -0.00858759 0.0180625)
(0.07 -0.00858759 0.0180625)
(0.072 -0.00858759 0.0180625)
(0.074 -0.00858759 0.0180625)
(0.076 -0.00858759 0.0180625)
(0.078 -0.00858759 0.0180625)
(0.08 -0.00858759 0.0180625)
(0.082 -0.00858759 0.0180625)
(0.084 -0.00858759 0.0180625)
(0.086 -0.00858759 0.0180625)
(0.064 0.007111 0.0152348)
(0.066 0.007111 0.0152348)
(0.068 0.007111 0.0152348)
(0.07 0.007111 0.0152348)
(0.072 0.007111 0.0152348)
(0.074 0.007111 0.0152348)
(0.076 0.007111 0.0152348)
(0.078 0.007111 0.0152348)
(0.08 0.007111 0.0152348)
(0.082 0.007111 0.0152348)
(0.084 0.007111 0.0152348)
(0.086 0.007111 0.0152348)
(0.064 0.00410217 0.0163045)
(0.066 0.00410217 0.0163045)
(0.068 0.00410217 0.0163045)
(0.07 0.00410217 0.0163045)
(0.072 0.00410217 0.0163045)
(0.074 0.00410217 0.0163045)
(0.076 0.00410217 0.0163045)
(0.078 0.00410217 0.0163045)
(0.08 0.00410217 0.0163045)
(0.082 0.00410217 0.0163045)
(0.084 0.00410217 0.0163045)
(0.086 0.00410217 0.0163045)
(0.064 0.0010094 0.0170514)
(0.066 0.0010094 0.0170514)
(0.068 0.0010094 0.0170514)
(0.07 0.0010094 0.0170514)
(0.072 0.0010094 0.0170514)
(0.074 0.0010094 0.0170514)
(0.076 0.0010094 0.0170514)
(0.078 0.0010094 0.0170514)
(0.08 0.0010094 0.0170514)
(0.082 0.0010094 0.0170514)
(0.084 0.0010094 0.0170514)
(0.086 0.0010094 0.0170514)
(0.062 -0.00211086 0.0174627)
(0.064 -0.00211086 0.0174627)
(0.066 -0.00211086 0.0174627)
(0.068 -0.00211086 0.0174627)
(0.07 -0.00211086 0.0174627)
(0.072 -0.00211086 0.0174627)
(0.074 -0.00211086 0.0174627)
(0.076 -0.00211086 0.0174627)
(0.078 -0.00211086 0.0174627)
(0.08 -0.00211086 0.0174627)
(0.082 -0.00211086 0.0174627)
(0.084 -0.00211086 0.0174627)
(0.086 -0.00211086 0.0174627)
(0.062 -0.00520161 0.0175322)
(0.064 -0.00520161 0.0175322)
(0.066 -0.00520161 0.0175322)
(0.068 -0.00520161 0.0175322)
(0.07 -0.00520161 0.0175322)
(0.072 -0.00520161 0.0175322)
(0.074 -0.00520161 0.0175322)
(0.076 -0.00520161 0.0175322)
(0.078 -0.00520161 0.0175322)
(0.08 -0.00520161 0.0175322)
(0.082 -0.00520161 0.0175322)
(0.084 -0.00520161 0.0175322)
(0.086 -0.00520161 0.0175322)
(0.062 -0.00820645 0.0172608)
(0.064 -0.00820645 0.0172608)
(0.066 -0.00820645 0.0172608)
(0.068 -0.00820645 0.0172608)
(0.07 -0.00820645 0.0172608)
(0.072 -0.00820645 0.0172608)
(0.074 -0.00820645 0.0172608)
(0.076 -0.00820645 0.0172608)
(0.078 -0.00820645 0.0172608)
(0.08 -0.00820645 0.0172608)
(0.082 -0.00820645 0.0172608)
(0.084 -0.00820645 0.0172608)
(0.086 -0.00820645 0.0172608)
(0.062 -0.0110707 0.0166565)
(0.064 -0.0110707 0.0166565)
(0.066 -0.0110707 0.0166565)
(0.068 -0.0110707 0.0166565)
(0.07 -0.0110707 0.0166565)
(0.072 -0.0110707 0.0166565)
(0.074 -0.0110707 0.0166565)
(0.076 -0.0110707 0.0166565)
(0.078 -0.0110707 0.0166565)
(0.08 -0.0110707 0.0166565)
(0.082 -0.0110707 0.0166565)
(0.084 -0.0110707 0.0166565)
(0.086 -0.0110707 0.0166565)
(0.064 0.0060853 0.0119311)
(0.066 0.0060853 0.0119311)
(0.068 0.0060853 0.0119311)
(0.07 0.0060853 0.0119311)
(0.072 0.0060853 0.0119311)
(0.074 0.0060853 0.0119311)
(0.076 0.0060853 0.0119311)
(0.078 0.0060853 0.0119311)
(0.08 0.0060853 0.0119311)
(0.082 0.0060853 0.0119311)
(0.084 0.0060853 0.0119311)
(0.086 0.0060853 0.0119311)
(0.064 0.00281218 0.0130948)
(0.066 0.00281218 0.0130948)
(0.068 0.00281218 0.0130948)
(0.07 0.00281218 0.0130948)
(0.072 0.00281218 0.0130948)
(0.074 0.00281218 0.0130948)
(0.076 0.00281218 0.0130948)
(0.078 0.00281218 0.0130948)
(0.08 0.00281218 0.0130948)
(0.082 0.00281218 0.0130948)
(0.084 0.00281218 0.0130948)
(0.086 0.00281218 0.0130948)
(0.064 -0.000520147 0.0140053)
(0.066 -0.000520147 0.0140053)
(0.068 -0.000520147 0.0140053)
(0.07 -0.000520147 0.0140053)
(0.072 -0.000520147 0.0140053)
(0.074 -0.000520147 0.0140053)
(0.076 -0.000520147 0.0140053)
(0.078 -0.000520147 0.0140053)
(0.08 -0.000520147 0.0140053)
(0.082 -0.000520147 0.0140053)
(0.084 -0.000520147 0.0140053)
(0.086 -0.000520147 0.0140053)
(0.062 -0.00385574 0.0146482)
(0.064 -0.00385574 0.0146482)
(0.066 -0.00385574 0.0146482)
(0.068 -0.00385574 0.0146482)
(0.07 -0.00385574 0.0146482)
(0.072 -0.00385574 0.0146482)
(0.074 -0.00385574 0.0146482)
(0.076 -0.00385574 0.0146482)
(0.078 -0.00385574 0.0146482)
(0.08 -0.00385574 0.0146482)
(0.082 -0.00385574 0.0146482)
(0.084 -0.00385574 0.0146482)
(0.086 -0.00385574 0.0146482)
(0.062 -0.00713858 0.0150148)
(0.064 -0.00713858 0.0150148)
(0.066 -0.00713858 0.0150148)
(0.068 -0.00713858 0.0150148)
(0.07 -0.00713858 0.0150148)
(0.072 -0.00713858 0.0150148)
(0.074 -0.00713858 0.0150148)
(0.076 -0.00713858 0.0150148)
(0.078 -0.00713858 0.0150148)
(0.08 -0.00713858 0.0150148)
(0.082 -0.00713858 0.0150148)
(0.084 -0.00713858 0.0150148)
(0.086 -0.00713858 0.0150148)
(0.062 -0.0103138 0.0151017)
(0.064 -0.0103138 0.0151017)
(0.066 -0.0103138 0.0151017)
(0.068 -0.0103138 0.0151017)
(0.07 -0.0103138 0.0151017)
(0.072 -0.0103138 0.0151017)
(0.074 -0.0103138 0.0151017)
(0.076 -0.0103138 0.0151017)
(0.078 -0.0103138 0.0151017)
(0.08 -0.0103138 0.0151017)
(0.082 -0.0103138 0.0151017)
(0.084 -0.0103138 0.0151017)
(0.086 -0.0103138 0.0151017)
(0.062 -0.0133285 0.0149114)
(0.064 -0.0133285 0.0149114)
(0.066 -0.0133285 0.0149114)
(0.068 -0.0133285 0.0149114)
(0.07 -0.0133285 0.0149114)
(0.072 -0.0133285 0.0149114)
(0.074 -0.0133285 0.0149114)
(0.076 -0.0133285 0.0149114)
(0.078 -0.0133285 0.0149114)
(0.08 -0.0133285 0.0149114)
(0.082 -0.0133285 0.0149114)
(0.084 -0.0133285 0.0149114)
(0.086 -0.0133285 0.0149114)
(0.064 0.00496363 0.00845451)
(0.066 0.00496363 0.00845451)
(0.068 0.00496363 0.00845451)
(0.07 0.00496363 0.00845451)
(0.072 0.00496363 0.00845451)
(0.074 0.00496363 0.00845451)
(0.076 0.00496363 0.00845451)
(0.078 0.00496363 0.00845451)
(0.08 0.00496363 0.00845451)
(0.082 0.00496363 0.00845451)
(0.084 0.00496363 0.00845451)
(0.086 0.00496363 0.00845451)
(0.064 0.00148743 0.0096904)
(0.066 0.00148743 0.0096904)
(0.068 0.00148743 0.0096904)
(0.07 0.00148743 0.0096904)
(0.072 0.00148743 0.0096904)
(0.074 0.00148743 0.0096904)
(0.076 0.00148743 0.0096904)
(0.078 0.00148743 0.0096904)
(0.08 0.00148743 0.0096904)
(0.082 0.00148743 0.0096904)
(0.084 0.00148743 0.0096904)
(0.086 0.00148743 0.0096904)
(0.064 -0.00202324 0.0107426)
(0.066 -0.00202324 0.0107426)
(0.068 -0.00202324 0.0107426)
(0.07 -0.00202324 0.0107426)
(0.072 -0.00202324 0.0107426)
(0.074 -0.00202324 0.0107426)
(0.076 -0.00202324 0.0107426)
(0.078 -0.00202324 0.0107426)
(0.08 -0.00202324 0.0107426)
(0.082 -0.00202324 0.0107426)
(0.084 -0.00202324 0.0107426)
(0.086 -0.00202324 0.0107426)
(0.062 -0.00551294 0.0115955)
(0.064 -0.00551294 0.0115955)
(0.066 -0.00551294 0.0115955)
(0.068 -0.00551294 0.0115955)
(0.07 -0.00551294 0.0115955)
(0.072 -0.00551294 0.0115955)
(0.074 -0.00551294 0.0115955)
(0.076 -0.00551294 0.0115955)
(0.078 -0.00551294 0.0115955)
(0.08 -0.00551294 0.0115955)
(0.082 -0.00551294 0.0115955)
(0.084 -0.00551294 0.0115955)
(0.086 -0.00551294 0.0115955)
(0.062 -0.00892666 0.0122373)
(0.064 -0.00892666 0.0122373)
(0.066 -0.00892666 0.0122373)
(0.068 -0.00892666 0.0122373)
(0.07 -0.00892666 0.0122373)
(0.072 -0.00892666 0.0122373)
(0.074 -0.00892666 0.0122373)
(0.076 -0.00892666 0.0122373)
(0.078 -0.00892666 0.0122373)
(0.08 -0.00892666 0.0122373)
(0.082 -0.00892666 0.0122373)
(0.084 -0.00892666 0.0122373)
(0.086 -0.00892666 0.0122373)
(0.062 -0.0122109 0.0126607)
(0.064 -0.0122109 0.0126607)
(0.066 -0.0122109 0.0126607)
(0.068 -0.0122109 0.0126607)
(0.07 -0.0122109 0.0126607)
(0.072 -0.0122109 0.0126607)
(0.074 -0.0122109 0.0126607)
(0.076 -0.0122109 0.0126607)
(0.078 -0.0122109 0.0126607)
(0.08 -0.0122109 0.0126607)
(0.082 -0.0122109 0.0126607)
(0.084 -0.0122109 0.0126607)
(0.086 -0.0122109 0.0126607)
(0.062 -0.015315 0.0128628)
(0.064 -0.015315 0.0128628)
(0.066 -0.015315 0.0128628)
(0.068 -0.015315 0.0128628)
(0.07 -0.015315 0.0128628)
(0.072 -0.015315 0.0128628)
(0.074 -0.015315 0.0128628)
(0.076 -0.015315 0.0128628)
(0.078 -0.015315 0.0128628)
(0.08 -0.015315 0.0128628)
(0.082 -0.015315 0.0128628)
(0.084 -0.015315 0.0128628)
(0.086 -0.015315 0.0128628)
(0.064 0.00376162 0.00485545)
(0.066 0.00376162 0.00485545)
(0.068 0.00376162 0.00485545)
(0.07 0.00376162 0.00485545)
(0.072 0.00376162 0.00485545)
(0.074 0.00376162 0.00485545)
(0.076 0.00376162 0.00485545)
(0.078 0.00376162 0.00485545)
(0.08 0.00376162 0.00485545)
(0.082 0.00376162 0.00485545)
(0.084 0.00376162 0.00485545)
(0.086 0.00376162 0.00485545)
(0.064 0.000147697 0.0061403)
(0.066 0.000147697 0.0061403)
(0.068 0.000147697 0.0061403)
(0.07 0.000147697 0.0061403)
(0.072 0.000147697 0.0061403)
(0.074 0.000147697 0.0061403)
(0.076 0.000147697 0.0061403)
(0.078 0.000147697 0.0061403)
(0.08 0.000147697 0.0061403)
(0.082 0.000147697 0.0061403)
(0.084 0.000147697 0.0061403)
(0.086 0.000147697 0.0061403)
(0.064 -0.00347596 0.00731107)
(0.066 -0.00347596 0.00731107)
(0.068 -0.00347596 0.00731107)
(0.07 -0.00347596 0.00731107)
(0.072 -0.00347596 0.00731107)
(0.074 -0.00347596 0.00731107)
(0.076 -0.00347596 0.00731107)
(0.078 -0.00347596 0.00731107)
(0.08 -0.00347596 0.00731107)
(0.082 -0.00347596 0.00731107)
(0.084 -0.00347596 0.00731107)
(0.086 -0.00347596 0.00731107)
(0.062 -0.00705442 0.00835062)
(0.064 -0.00705442 0.00835062)
(0.066 -0.00705442 0.00835062)
(0.068 -0.00705442 0.00835062)
(0.07 -0.00705442 0.00835062)
(0.072 -0.00705442 0.00835062)
(0.074 -0.00705442 0.00835062)
(0.076 -0.00705442 0.00835062)
(0.078 -0.00705442 0.00835062)
(0.08 -0.00705442 0.00835062)
(0.082 -0.00705442 0.00835062)
(0.084 -0.00705442 0.00835062)
(0.086 -0.00705442 0.00835062)
(0.062 -0.0105337 0.00924448)
(0.064 -0.0105337 0.00924448)
(0.066 -0.0105337 0.00924448)
(0.068 -0.0105337 0.00924448)
(0.07 -0.0105337 0.00924448)
(0.072 -0.0105337 0.00924448)
(0.074 -0.0105337 0.00924448)
(0.076 -0.0105337 0.00924448)
(0.078 -0.0105337 0.00924448)
(0.08 -0.0105337 0.00924448)
(0.082 -0.0105337 0.00924448)
(0.084 -0.0105337 0.00924448)
(0.086 -0.0105337 0.00924448)
(0.062 -0.0138617 0.00998115)
(0.064 -0.0138617 0.00998115)
(0.066 -0.0138617 0.00998115)
(0.068 -0.0138617 0.00998115)
(0.07 -0.0138617 0.00998115)
(0.072 -0.0138617 0.00998115)
(0.074 -0.0138617 0.00998115)
(0.076 -0.0138617 0.00998115)
(0.078 -0.0138617 0.00998115)
(0.08 -0.0138617 0.00998115)
(0.082 -0.0138617 0.00998115)
(0.084 -0.0138617 0.00998115)
(0.086 -0.0138617 0.00998115)
(0.062 -0.0169897 0.0105523)
(0.064 -0.0169897 0.0105523)
(0.066 -0.0169897 0.0105523)
(0.068 -0.0169897 0.0105523)
(0.07 -0.0169897 0.0105523)
(0.072 -0.0169897 0.0105523)
(0.074 -0.0169897 0.0105523)
(0.076 -0.0169897 0.0105523)
(0.078 -0.0169897 0.0105523)
(0.08 -0.0169897 0.0105523)
(0.082 -0.0169897 0.0105523)
(0.084 -0.0169897 0.0105523)
(0.086 -0.0169897 0.0105523)
(0.064 -0.00118695 0.00249654)
(0.066 -0.00118695 0.00249654)
(0.068 -0.00118695 0.00249654)
(0.07 -0.00118695 0.00249654)
(0.072 -0.00118695 0.00249654)
(0.074 -0.00118695 0.00249654)
(0.076 -0.00118695 0.00249654)
(0.078 -0.00118695 0.00249654)
(0.08 -0.00118695 0.00249654)
(0.082 -0.00118695 0.00249654)
(0.084 -0.00118695 0.00249654)
(0.086 -0.00118695 0.00249654)
(0.064 -0.00485545 0.00376162)
(0.066 -0.00485545 0.00376162)
(0.068 -0.00485545 0.00376162)
(0.07 -0.00485545 0.00376162)
(0.072 -0.00485545 0.00376162)
(0.074 -0.00485545 0.00376162)
(0.076 -0.00485545 0.00376162)
(0.078 -0.00485545 0.00376162)
(0.08 -0.00485545 0.00376162)
(0.082 -0.00485545 0.00376162)
(0.084 -0.00485545 0.00376162)
(0.086 -0.00485545 0.00376162)
(0.062 -0.00845451 0.00496363)
(0.064 -0.00845451 0.00496363)
(0.066 -0.00845451 0.00496363)
(0.068 -0.00845451 0.00496363)
(0.07 -0.00845451 0.00496363)
(0.072 -0.00845451 0.00496363)
(0.074 -0.00845451 0.00496363)
(0.076 -0.00845451 0.00496363)
(0.078 -0.00845451 0.00496363)
(0.08 -0.00845451 0.00496363)
(0.082 -0.00845451 0.00496363)
(0.084 -0.00845451 0.00496363)
(0.086 -0.00845451 0.00496363)
(0.062 -0.0119311 0.0060853)
(0.064 -0.0119311 0.0060853)
(0.066 -0.0119311 0.0060853)
(0.068 -0.0119311 0.0060853)
(0.07 -0.0119311 0.0060853)
(0.072 -0.0119311 0.0060853)
(0.074 -0.0119311 0.0060853)
(0.076 -0.0119311 0.0060853)
(0.078 -0.0119311 0.0060853)
(0.08 -0.0119311 0.0060853)
(0.082 -0.0119311 0.0060853)
(0.084 -0.0119311 0.0060853)
(0.086 -0.0119311 0.0060853)
(0.062 -0.0152348 0.007111)
(0.064 -0.0152348 0.007111)
(0.066 -0.0152348 0.007111)
(0.068 -0.0152348 0.007111)
(0.07 -0.0152348 0.007111)
(0.072 -0.0152348 0.007111)
(0.074 -0.0152348 0.007111)
(0.076 -0.0152348 0.007111)
(0.078 -0.0152348 0.007111)
(0.08 -0.0152348 0.007111)
(0.082 -0.0152348 0.007111)
(0.084 -0.0152348 0.007111)
(0.086 -0.0152348 0.007111)
(0.062 -0.0183185 0.00802704)
(0.064 -0.0183185 0.00802704)
(0.066 -0.0183185 0.00802704)
(0.068 -0.0183185 0.00802704)
(0.07 -0.0183185 0.00802704)
(0.072 -0.0183185 0.00802704)
(0.074 -0.0183185 0.00802704)
(0.076 -0.0183185 0.00802704)
(0.078 -0.0183185 0.00802704)
(0.08 -0.0183185 0.00802704)
(0.082 -0.0183185 0.00802704)
(0.084 -0.0183185 0.00802704)
(0.086 -0.0183185 0.00802704)
(0.064 -0.00249654 -0.00118695)
(0.066 -0.00249654 -0.00118695)
(0.068 -0.00249654 -0.00118695)
(0.07 -0.00249654 -0.00118695)
(0.072 -0.00249654 -0.00118695)
(0.074 -0.00249654 -0.00118695)
(0.076 -0.00249654 -0.00118695)
(0.078 -0.00249654 -0.00118695)
(0.08 -0.00249654 -0.00118695)
(0.082 -0.00249654 -0.00118695)
(0.084 -0.00249654 -0.00118695)
(0.086 -0.00249654 -0.00118695)
(0.064 -0.0061403 0.000147697)
(0.066 -0.0061403 0.000147697)
(0.068 -0.0061403 0.000147697)
(0.07 -0.0061403 0.000147697)
(0.072 -0.0061403 0.000147697)
(0.074 -0.0061403 0.000147697)
(0.076 -0.0061403 0.000147697)
(0.078 -0.0061403 0.000147697)
(0.08 -0.0061403 0.000147697)
(0.082 -0.0061403 0.000147697)
(0.084 -0.0061403 0.000147697)
(0.086 -0.0061403 0.000147697)
(0.062 -0.0096904 0.00148743)
(0.064 -0.0096904 0.00148743)
(0.066 -0.0096904 0.00148743)
(0.068 -0.0096904 0.00148743)
(0.07 -0.0096904 0.00148743)
(0.072 -0.0096904 0.00148743)
(0.074 -0.0096904 0.00148743)
(0.076 -0.0096904 0.00148743)
(0.078 -0.0096904 0.00148743)
(0.08 -0.0096904 0.00148743)
(0.082 -0.0096904 0.00148743)
(0.084 -0.0096904 0.00148743)
(0.086 -0.0096904 0.00148743)
(0.062 -0.0130948 0.00281218)
(0.064 -0.0130948 0.00281218)
(0.066 -0.0130948 0.00281218)
(0.068 -0.0130948 0.00281218)
(0.07 -0.0130948 0.00281218)
(0.072 -0.0130948 0.00281218)
(0.074 -0.0130948 0.00281218)
(0.076 -0.0130948 0.00281218)
(0.078 -0.0130948 0.00281218)
(0.08 -0.0130948 0.00281218)
(0.082 -0.0130948 0.00281218)
(0.084 -0.0130948 0.00281218)
(0.086 -0.0130948 0.00281218)
(0.062 -0.0163045 0.00410217)
(0.064 -0.0163045 0.00410217)
(0.066 -0.0163045 0.00410217)
(0.068 -0.0163045 0.00410217)
(0.07 -0.0163045 0.00410217)
(0.072 -0.0163045 0.00410217)
(0.074 -0.0163045 0.00410217)
(0.076 -0.0163045 0.00410217)
(0.078 -0.0163045 0.00410217)
(0.08 -0.0163045 0.00410217)
(0.082 -0.0163045 0.00410217)
(0.084 -0.0163045 0.00410217)
(0.086 -0.0163045 0.00410217)
(0.062 -0.0192744 0.00533835)
(0.064 -0.0192744 0.00533835)
(0.066 -0.0192744 0.00533835)
(0.068 -0.0192744 0.00533835)
(0.07 -0.0192744 0.00533835)
(0.072 -0.0192744 0.00533835)
(0.074 -0.0192744 0.00533835)
(0.076 -0.0192744 0.00533835)
(0.078 -0.0192744 0.00533835)
(0.08 -0.0192744 0.00533835)
(0.082 -0.0192744 0.00533835)
(0.084 -0.0192744 0.00533835)
(0.086 -0.0192744 0.00533835)
(0.064 -0.00376162 -0.00485545)
(0.066 -0.00376162 -0.00485545)
(0.068 -0.00376162 -0.00485545)
(0.07 -0.00376162 -0.00485545)
(0.072 -0.00376162 -0.00485545)
(0.074 -0.00376162 -0.00485545)
(0.076 -0.00376162 -0.00485545)
(0.078 -0.00376162 -0.00485545)
(0.08 -0.00376162 -0.00485545)
(0.082 -0.00376162 -0.00485545)
(0.084 -0.00376162 -0.00485545)
(0.086 -0.00376162 -0.00485545)
(0.064 -0.00731107 -0.00347596)
(0.066 -0.00731107 -0.00347596)
(0.068 -0.00731107 -0.00347596)
(0.07 -0.00731107 -0.00347596)
(0.072 -0.00731107 -0.00347596)
(0.074 -0.00731107 -0.00347596)
(0.076 -0.00731107 -0.00347596)
(0.078 -0.00731107 -0.00347596)
(0.08 -0.00731107 -0.00347596)
(0.082 -0.00731107 -0.00347596)
(0.084 -0.00731107 -0.00347596)
(0.086 -0.00731107 -0.00347596)
(0.062 -0.0107426 -0.00202324)
(0.064 -0.0107426 -0.00202324)
(0.066 -0.0107426 -0.00202324)
(0.068 -0.0107426 -0.00202324)
(0.07 -0.0107426 -0.00202324)
(0.072 -0.0107426 -0.00202324)
(0.074 -0.0107426 -0.00202324)
(0.076 -0.0107426 -0.00202324)
(0.078 -0.0107426 -0.00202324)
(0.08 -0.0107426 -0.00202324)
(0.082 -0.0107426 -0.00202324)
(0.084 -0.0107426 -0.00202324)
(0.086 -0.0107426 -0.00202324)
(0.062 -0.0140053 -0.000520147)
(0.064 -0.0140053 -0.000520147)
(0.066 -0.0140053 -0.000520147)
(0.068 -0.0140053 -0.000520147)
(0.07 -0.0140053 -0.000520147)
(0.072 -0.0140053 -0.000520147)
(0.074 -0.0140053 -0.000520147)
(0.076 -0.0140053 -0.000520147)
(0.078 -0.0140053 -0.000520147)
(0.08 -0.0140053 -0.000520147)
(0.082 -0.0140053 -0.000520147)
(0.084 -0.0140053 -0.000520147)
(0.086 -0.0140053 -0.000520147)
(0.062 -0.0170514 0.0010094)
(0.064 -0.0170514 0.0010094)
(0.066 -0.0170514 0.0010094)
(0.068 -0.0170514 0.0010094)
(0.07 -0.0170514 0.0010094)
(0.072 -0.0170514 0.0010094)
(0.074 -0.0170514 0.0010094)
(0.076 -0.0170514 0.0010094)
(0.078 -0.0170514 0.0010094)
(0.08 -0.0170514 0.0010094)
(0.082 -0.0170514 0.0010094)
(0.084 -0.0170514 0.0010094)
(0.086 -0.0170514 0.0010094)
(0.062 -0.0198379 0.00254098)
(0.064 -0.0198379 0.00254098)
(0.066 -0.0198379 0.00254098)
(0.068 -0.0198379 0.00254098)
(0.07 -0.0198379 0.00254098)
(0.072 -0.0198379 0.00254098)
(0.074 -0.0198379 0.00254098)
(0.076 -0.0198379 0.00254098)
(0.078 -0.0198379 0.00254098)
(0.08 -0.0198379 0.00254098)
(0.082 -0.0198379 0.00254098)
(0.084 -0.0198379 0.00254098)
(0.086 -0.0198379 0.00254098)
(0.064 -0.00496363 -0.00845451)
(0.066 -0.00496363 -0.00845451)
(0.068 -0.00496363 -0.00845451)
(0.07 -0.00496363 -0.00845451)
(0.072 -0.00496363 -0.00845451)
(0.074 -0.00496363 -0.00845451)
(0.076 -0.00496363 -0.00845451)
(0.078 -0.00496363 -0.00845451)
(0.08 -0.00496363 -0.00845451)
(0.082 -0.00496363 -0.00845451)
(0.084 -0.00496363 -0.00845451)
(0.086 -0.00496363 -0.00845451)
(0.064 -0.00835062 -0.00705442)
(0.066 -0.00835062 -0.00705442)
(0.068 -0.00835062 -0.00705442)
(0.07 -0.00835062 -0.00705442)
(0.072 -0.00835062 -0.00705442)
(0.074 -0.00835062 -0.00705442)
(0.076 -0.00835062 -0.00705442)
(0.078 -0.00835062 -0.00705442)
(0.08 -0.00835062 -0.00705442)
(0.082 -0.00835062 -0.00705442)
(0.084 -0.00835062 -0.00705442)
(0.086 -0.00835062 -0.00705442)
(0.062 -0.0115955 -0.00551294)
(0.064 -0.0115955 -0.00551294)
(0.066 -0.0115955 -0.00551294)
(0.068 -0.0115955 -0.00551294)
(0.07 -0.0115955 -0.00551294)
(0.072 -0.0115955 -0.00551294)
(0.074 -0.0115955 -0.00551294)
(0.076 -0.0115955 -0.00551294)
(0.078 -0.0115955 -0.00551294)
(0.08 -0.0115955 -0.00551294)
(0.082 -0.0115955 -0.00551294)
(0.084 -0.0115955 -0.00551294)
(0.086 -0.0115955 -0.00551294)
(0.062 -0.0146482 -0.00385574)
(0.064 -0.0146482 -0.00385574)
(0.066 -0.0146482 -0.00385574)
(0.068 -0.0146482 -0.00385574)
(0.07 -0.0146482 -0.00385574)
(0.072 -0.0146482 -0.00385574)
(0.074 -0.0146482 -0.00385574)
(0.076 -0.0146482 -0.00385574)
(0.078 -0.0146482 -0.00385574)
(0.08 -0.0146482 -0.00385574)
(0.082 -0.0146482 -0.00385574)
(0.084 -0.0146482 -0.00385574)
(0.086 -0.0146482 -0.00385574)
(0.062 -0.0174627 -0.00211086)
(0.064 -0.0174627 -0.00211086)
(0.066 -0.0174627 -0.00211086)
(0.068 -0.0174627 -0.00211086)
(0.07 -0.0174627 -0.00211086)
(0.072 -0.0174627 -0.00211086)
(0.074 -0.0174627 -0.00211086)
(0.076 -0.0174627 -0.00211086)
(0.078 -0.0174627 -0.00211086)
(0.08 -0.0174627 -0.00211086)
(0.082 -0.0174627 -0.00211086)
(0.084 -0.0174627 -0.00211086)
(0.086 -0.0174627 -0.00211086)
(0.062 -0.0199976 -0.000308118)
(0.064 -0.0199976 -0.000308118)
(0.066 -0.0199976 -0.000308118)
(0.068 -0.0199976 -0.000308118)
(0.07 -0.0199976 -0.000308118)
(0.072 -0.0199976 -0.000308118)
(0.074 -0.0199976 -0.000308118)
(0.076 -0.0199976 -0.000308118)
(0.078 -0.0199976 -0.000308118)
(0.08 -0.0199976 -0.000308118)
(0.082 -0.0199976 -0.000308118)
(0.084 -0.0199976 -0.000308118)
(0.086 -0.0199976 -0.000308118)
(0.064 -0.0060853 -0.0119311)
(0.066 -0.0060853 -0.0119311)
(0.068 -0.0060853 -0.0119311)
(0.07 -0.0060853 -0.0119311)
(0.072 -0.0060853 -0.0119311)
(0.074 -0.0060853 -0.0119311)
(0.076 -0.0060853 -0.0119311)
(0.078 -0.0060853 -0.0119311)
(0.08 -0.0060853 -0.0119311)
(0.082 -0.0060853 -0.0119311)
(0.084 -0.0060853 -0.0119311)
(0.086 -0.0060853 -0.0119311)
(0.064 -0.00924448 -0.0105337)
(0.066 -0.00924448 -0.0105337)
(0.068 -0.00924448 -0.0105337)
(0.07 -0.00924448 -0.0105337)
(0.072 -0.00924448 -0.0105337)
(0.074 -0.00924448 -0.0105337)
(0.076 -0.00924448 -0.0105337)
(0.078 -0.00924448 -0.0105337)
(0.08 -0.00924448 -0.0105337)
(0.082 -0.00924448 -0.0105337)
(0.084 -0.00924448 -0.0105337)
(0.086 -0.00924448 -0.0105337)
(0.062 -0.0122373 -0.00892666)
(0.064 -0.0122373 -0.00892666)
(0.066 -0.0122373 -0.00892666)
(0.068 -0.0122373 -0.00892666)
(0.07 -0.0122373 -0.00892666)
(0.072 -0.0122373 -0.00892666)
(0.074 -0.0122373 -0.00892666)
(0.076 -0.0122373 -0.00892666)
(0.078 -0.0122373 -0.00892666)
(0.08 -0.0122373 -0.00892666)
(0.082 -0.0122373 -0.00892666)
(0.084 -0.0122373 -0.00892666)
(0.086 -0.0122373 -0.00892666)
(0.062 -0.0150148 -0.00713858)
(0.064 -0.0150148 -0.00713858)
(0.066 -0.0150148 -0.00713858)
(0.068 -0.0150148 -0.00713858)
(0.07 -0.0150148 -0.00713858)
(0.072 -0.0150148 -0.00713858)
(0.074 -0.0150148 -0.00713858)
(0.076 -0.0150148 -0.00713858)
(0.078 -0.0150148 -0.00713858)
(0.08 -0.0150148 -0.00713858)
(0.082 -0.0150148 -0.00713858)
(0.084 -0.0150148 -0.00713858)
(0.086 -0.0150148 -0.00713858)
(0.062 -0.0175322 -0.00520161)
(0.064 -0.0175322 -0.00520161)
(0.066 -0.0175322 -0.00520161)
(0.068 -0.0175322 -0.00520161)
(0.07 -0.0175322 -0.00520161)
(0.072 -0.0175322 -0.00520161)
(0.074 -0.0175322 -0.00520161)
(0.076 -0.0175322 -0.00520161)
(0.078 -0.0175322 -0.00520161)
(0.08 -0.0175322 -0.00520161)
(0.082 -0.0175322 -0.00520161)
(0.084 -0.0175322 -0.00520161)
(0.086 -0.0175322 -0.00520161)
(0.062 -0.0197502 -0.00315094)
(0.064 -0.0197502 -0.00315094)
(0.066 -0.0197502 -0.00315094)
(0.068 -0.0197502 -0.00315094)
(0.07 -0.0197502 -0.00315094)
(0.072 -0.0197502 -0.00315094)
(0.074 -0.0197502 -0.00315094)
(0.076 -0.0197502 -0.00315094)
(0.078 -0.0197502 -0.00315094)
(0.08 -0.0197502 -0.00315094)
(0.082 -0.0197502 -0.00315094)
(0.084 -0.0197502 -0.00315094)
(0.086 -0.0197502 -0.00315094)
(0.064 -0.007111 -0.0152348)
(0.066 -0.007111 -0.0152348)
(0.068 -0.007111 -0.0152348)
(0.07 -0.007111 -0.0152348)
(0.072 -0.007111 -0.0152348)
(0.074 -0.007111 -0.0152348)
(0.076 -0.007111 -0.0152348)
(0.078 -0.007111 -0.0152348)
(0.08 -0.007111 -0.0152348)
(0.082 -0.007111 -0.0152348)
(0.084 -0.007111 -0.0152348)
(0.086 -0.007111 -0.0152348)
(0.064 -0.00998115 -0.0138617)
(0.066 -0.00998115 -0.0138617)
(0.068 -0.00998115 -0.0138617)
(0.07 -0.00998115 -0.0138617)
(0.072 -0.00998115 -0.0138617)
(0.074 -0.00998115 -0.0138617)
(0.076 -0.00998115 -0.0138617)
(0.078 -0.00998115 -0.0138617)
(0.08 -0.00998115 -0.0138617)
(0.082 -0.00998115 -0.0138617)
(0.084 -0.00998115 -0.0138617)
(0.086 -0.00998115 -0.0138617)
(0.062 -0.0126607 -0.0122109)
(0.064 -0.0126607 -0.0122109)
(0.066 -0.0126607 -0.0122109)
(0.068 -0.0126607 -0.0122109)
(0.07 -0.0126607 -0.0122109)
(0.072 -0.0126607 -0.0122109)
(0.074 -0.0126607 -0.0122109)
(0.076 -0.0126607 -0.0122109)
(0.078 -0.0126607 -0.0122109)
(0.08 -0.0126607 -0.0122109)
(0.082 -0.0126607 -0.0122109)
(0.084 -0.0126607 -0.0122109)
(0.086 -0.0126607 -0.0122109)
(0.062 -0.0151017 -0.0103138)
(0.064 -0.0151017 -0.0103138)
(0.066 -0.0151017 -0.0103138)
(0.068 -0.0151017 -0.0103138)
(0.07 -0.0151017 -0.0103138)
(0.072 -0.0151017 -0.0103138)
(0.074 -0.0151017 -0.0103138)
(0.076 -0.0151017 -0.0103138)
(0.078 -0.0151017 -0.0103138)
(0.08 -0.0151017 -0.0103138)
(0.082 -0.0151017 -0.0103138)
(0.084 -0.0151017 -0.0103138)
(0.086 -0.0151017 -0.0103138)
(0.062 -0.0172608 -0.00820645)
(0.064 -0.0172608 -0.00820645)
(0.066 -0.0172608 -0.00820645)
(0.068 -0.0172608 -0.00820645)
(0.07 -0.0172608 -0.00820645)
(0.072 -0.0172608 -0.00820645)
(0.074 -0.0172608 -0.00820645)
(0.076 -0.0172608 -0.00820645)
(0.078 -0.0172608 -0.00820645)
(0.08 -0.0172608 -0.00820645)
(0.082 -0.0172608 -0.00820645)
(0.084 -0.0172608 -0.00820645)
(0.086 -0.0172608 -0.00820645)
(0.062 -0.0191008 -0.00592962)
(0.064 -0.0191008 -0.00592962)
(0.066 -0.0191008 -0.00592962)
(0.068 -0.0191008 -0.00592962)
(0.07 -0.0191008 -0.00592962)
(0.072 -0.0191008 -0.00592962)
(0.074 -0.0191008 -0.00592962)
(0.076 -0.0191008 -0.00592962)
(0.078 -0.0191008 -0.00592962)
(0.08 -0.0191008 -0.00592962)
(0.082 -0.0191008 -0.00592962)
(0.084 -0.0191008 -0.00592962)
(0.086 -0.0191008 -0.00592962)
(0.064 -0.00802704 -0.0183185)
(0.066 -0.00802704 -0.0183185)
(0.068 -0.00802704 -0.0183185)
(0.07 -0.00802704 -0.0183185)
(0.072 -0.00802704 -0.0183185)
(0.074 -0.00802704 -0.0183185)
(0.076 -0.00802704 -0.0183185)
(0.078 -0.00802704 -0.0183185)
(0.08 -0.00802704 -0.0183185)
(0.082 -0.00802704 -0.0183185)
(0.084 -0.00802704 -0.0183185)
(0.086 -0.00802704 -0.0183185)
(0.064 -0.0105523 -0.0169897)
(0.066 -0.0105523 -0.0169897)
(0.068 -0.0105523 -0.0169897)
(0.07 -0.0105523 -0.0169897)
(0.072 -0.0105523 -0.0169897)
(0.074 -0.0105523 -0.0169897)
(0.076 -0.0105523 -0.0169897)
(0.078 -0.0105523 -0.0169897)
(0.08 -0.0105523 -0.0169897)
(0.082 -0.0105523 -0.0169897)
(0.084 -0.0105523 -0.0169897)
(0.086 -0.0105523 -0.0169897)
(0.062 -0.0128628 -0.015315)
(0.064 -0.0128628 -0.015315)
(0.066 -0.0128628 -0.015315)
(0.068 -0.0128628 -0.015315)
(0.07 -0.0128628 -0.015315)
(0.072 -0.0128628 -0.015315)
(0.074 -0.0128628 -0.015315)
(0.076 -0.0128628 -0.015315)
(0.078 -0.0128628 -0.015315)
(0.08 -0.0128628 -0.015315)
(0.082 -0.0128628 -0.015315)
(0.084 -0.0128628 -0.015315)
(0.086 -0.0128628 -0.015315)
(0.062 -0.0149114 -0.0133285)
(0.064 -0.0149114 -0.0133285)
(0.066 -0.0149114 -0.0133285)
(0.068 -0.0149114 -0.0133285)
(0.07 -0.0149114 -0.0133285)
(0.072 -0.0149114 -0.0133285)
(0.074 -0.0149114 -0.0133285)
(0.076 -0.0149114 -0.0133285)
(0.078 -0.0149114 -0.0133285)
(0.08 -0.0149114 -0.0133285)
(0.082 -0.0149114 -0.0133285)
(0.084 -0.0149114 -0.0133285)
(0.086 -0.0149114 -0.0133285)
(0.062 -0.0166565 -0.0110707)
(0.064 -0.0166565 -0.0110707)
(0.066 -0.0166565 -0.0110707)
(0.068 -0.0166565 -0.0110707)
(0.07 -0.0166565 -0.0110707)
(0.072 -0.0166565 -0.0110707)
(0.074 -0.0166565 -0.0110707)
(0.076 -0.0166565 -0.0110707)
(0.078 -0.0166565 -0.0110707)
(0.08 -0.0166565 -0.0110707)
(0.082 -0.0166565 -0.0110707)
(0.084 -0.0166565 -0.0110707)
(0.086 -0.0166565 -0.0110707)
(0.062 -0.0180625 -0.00858759)
(0.064 -0.0180625 -0.00858759)
(0.066 -0.0180625 -0.00858759)
(0.068 -0.0180625 -0.00858759)
(0.07 -0.0180625 -0.00858759)
(0.072 -0.0180625 -0.00858759)
(0.074 -0.0180625 -0.00858759)
(0.076 -0.0180625 -0.00858759)
(0.078 -0.0180625 -0.00858759)
(0.08 -0.0180625 -0.00858759)
(0.082 -0.0180625 -0.00858759)
(0.084 -0.0180625 -0.00858759)
(0.086 -0.0180625 -0.00858759)
)


// ************************************************************************* //
