/*--------------------------------*- C++ -*----------------------------------*\
| =========                 |                                                 |
| \\      /  F ield         | OpenFOAM: The Open Source CFD Toolbox           |
|  \\    /   O peration     | Version:  2212                                  |
|   \\  /    A nd           | Website:  www.openfoam.com                      |
|    \\/     M anipulation  |                                                 |
\*---------------------------------------------------------------------------*/
FoamFile
{
    version     2.0;
    format      ascii;
    arch        "LSB;label=32;scalar=64";
    class       surfaceVectorField;
    location    "2.95";
    object      Uf;
}
// * * * * * * * * * * * * * * * * * * * * * * * * * * * * * * * * * * * * * //

dimensions      [0 1 -1 0 0 0 0];

internalField   nonuniform List<vector> 
1769
(
(0.0454363 0.000148116 1.66931e-05)
(0.0542105 0.000286308 0.000127593)
(0.0541564 0.000207084 0.000154384)
(0.0444749 0.00017963 -2.77463e-05)
(0.0531373 0.000297542 0.000100576)
(0.0530431 0.000219002 9.13771e-05)
(0.0436298 0.000239735 -0.000124693)
(0.05218 0.000337191 3.83962e-05)
(0.052005 0.000259351 -5.1824e-06)
(0.0429815 0.000330777 -0.000309315)
(0.0513916 0.000413942 -8.72223e-05)
(0.0510428 0.000325735 -0.000165047)
(0.042636 1.33796e-05 -0.00111773)
(0.051018 0.000614375 -0.000239253)
(0.0502684 0.000383409 -0.00049168)
(0.0493766 0.000287836 -0.0011205)
(0.0488461 -2.45709e-05 -0.0017981)
(0.0659945 0.000621192 0.000326385)
(0.0734384 0.000880629 0.000600234)
(0.0758594 0.000502718 0.000239622)
(0.0648867 0.000615141 0.000268472)
(0.0724163 0.000845446 0.000570185)
(0.0749696 0.000500149 0.000179859)
(0.0639312 0.000599182 0.000137519)
(0.0715086 0.000810079 0.000508887)
(0.0741656 0.000513337 7.89967e-05)
(0.0633085 0.000613915 -4.65876e-05)
(0.0707839 0.000721254 0.000357596)
(0.0734867 0.000522464 -0.000117756)
(0.0633983 0.000503224 -0.00037658)
(0.0704255 0.000561319 0.000148374)
(0.0730777 0.000508656 -0.000506686)
(0.0690112 -1.26424e-05 -0.000296545)
(0.0719061 -3.93271e-05 -0.00182722)
(0.0814912 0.00102536 0.000851712)
(0.0861903 0.000892577 0.000979191)
(0.0887511 0.000955216 0.00082799)
(0.0806898 0.000941213 0.000816189)
(0.0854827 0.00079441 0.000959949)
(0.088219 0.000896146 0.000789903)
(0.0800159 0.000826059 0.000741954)
(0.0848362 0.000666023 0.000919917)
(0.0877621 0.000829487 0.000720983)
(0.0795052 0.000650037 0.000613616)
(0.0842752 0.000478485 0.000842546)
(0.0874037 0.000737734 0.000596348)
(0.0792088 0.000202386 0.000382678)
(0.0838333 0.000218883 0.000732782)
(0.0871607 0.000596613 0.000409872)
(0.083249 -0.000300294 0.000596128)
(0.0868129 0.000156778 0.000127859)
(0.0907243 0.000725008 0.00112321)
(0.0928396 0.00051742 0.00115744)
(0.0963188 0.000721436 0.00117838)
(0.0901862 0.000601966 0.00110579)
(0.0923792 0.000428135 0.00116063)
(0.0960556 0.000626013 0.00115978)
(0.0896679 0.000435927 0.00107431)
(0.0919141 0.000312083 0.00115963)
(0.0958087 0.00051032 0.0011322)
(0.0891681 0.000199727 0.00102981)
(0.0914448 0.000152917 0.00115205)
(0.09558 0.000356249 0.00109129)
(0.0886865 -0.000123335 0.00102809)
(0.0909709 -6.90881e-05 0.00114376)
(0.0953706 0.000142943 0.00104699)
(0.0905095 -0.000327571 0.00121823)
(0.0952209 -0.000139591 0.00107091)
(0.0945997 0.000177747 0.00119353)
(0.0947374 -8.609e-05 0.00120172)
(0.0995208 0.000212727 0.0013125)
(0.0942178 9.59321e-05 0.0012141)
(0.0943418 -0.000135965 0.00123158)
(0.0994036 0.00014591 0.00132063)
(0.0938087 -1.78196e-05 0.0012378)
(0.0939095 -0.00021294 0.00127127)
(0.0992692 5.81425e-05 0.00133279)
(0.0933697 -0.000169828 0.00126736)
(0.0934383 -0.000330474 0.00131861)
(0.0991161 -6.0548e-05 0.00134849)
(0.0928785 -0.000365722 0.0013322)
(0.0928994 -0.000478486 0.00137421)
(0.0989368 -0.00021275 0.00137119)
(0.0922958 -0.000725513 0.00143203)
(0.0987932 -0.000397256 0.00143741)
(0.0944815 -0.000393892 0.00123977)
(0.0926775 -0.00065397 0.00120826)
(0.0994428 -0.000362365 0.00134579)
(0.094035 -0.000438361 0.00128875)
(0.0921197 -0.000653125 0.001247)
(0.0992805 -0.000382381 0.00137422)
(0.0935354 -0.000520867 0.00135208)
(0.0915094 -0.000681661 0.0013065)
(0.0990854 -0.000427843 0.00141741)
(0.0929767 -0.000644537 0.00142547)
(0.0908349 -0.000754942 0.00139294)
(0.0988544 -0.000509329 0.00147538)
(0.0923611 -0.000869818 0.00147404)
(0.0900436 -0.00086407 0.00149916)
(0.0985649 -0.00062055 0.00153498)
(0.0890945 -0.00117863 0.00151705)
(0.0982738 -0.000820567 0.00153777)
(0.091097 -0.00090633 0.00118438)
(0.086798 -0.000998736 0.00103098)
(0.0964786 -0.000849859 0.00123847)
(0.0904298 -0.000862509 0.00121184)
(0.0859501 -0.000930727 0.00104882)
(0.0961274 -0.000791964 0.00125161)
(0.0897147 -0.000842297 0.00126051)
(0.0850824 -0.000874789 0.00108445)
(0.0957516 -0.000749197 0.00128374)
(0.0889274 -0.000855794 0.00134174)
(0.084167 -0.000837084 0.00114856)
(0.0953349 -0.000725558 0.00134276)
(0.0880398 -0.000908308 0.00145887)
(0.083156 -0.00083151 0.00125973)
(0.0948655 -0.00073264 0.00143415)
(0.0870593 -0.00111528 0.0015346)
(0.081983 -0.00089108 0.00141484)
(0.0943107 -0.000764385 0.00154482)
(0.0806098 -0.00119811 0.00159458)
(0.0937391 -0.00093222 0.00152995)
(0.0821825 -0.00107454 0.00092564)
(0.0744291 -0.000874659 0.000653176)
(0.0892214 -0.00097908 0.000911092)
(0.0811588 -0.000996916 0.000951846)
(0.0732518 -0.000801837 0.000664196)
(0.0885507 -0.000897704 0.000923712)
(0.0801112 -0.000923866 0.00100216)
(0.0720945 -0.000717214 0.000690987)
(0.0878822 -0.000818324 0.00095726)
(0.0789933 -0.000857978 0.00109233)
(0.070933 -0.000616357 0.000742795)
(0.08719 -0.00073782 0.00102232)
(0.0777322 -0.000819921 0.0012294)
(0.069711 -0.000490781 0.000834165)
(0.0864256 -0.000655081 0.00113382)
(0.0762352 -0.000873627 0.00145193)
(0.0683725 -0.000330298 0.000950902)
(0.0855382 -0.000574878 0.00126951)
(0.0668807 -0.000244965 0.00141596)
(0.084696 -0.000543531 0.0014132)
(0.0670984 -0.000542899 0.00040197)
(0.0553445 -0.000204486 0.000203169)
(0.0767745 -0.00044649 0.000339809)
(0.0658146 -0.000457426 0.000412676)
(0.0541568 -0.000154355 0.000207041)
(0.0757846 -0.000384437 0.000345475)
(0.0645665 -0.00034 0.000439636)
(0.0530436 -9.13573e-05 0.000218961)
(0.0748392 -0.000293731 0.000371276)
(0.0633296 -0.000186438 0.000495389)
(0.0520058 5.23139e-06 0.000259297)
(0.0739233 -0.000172695 0.00042643)
(0.0620559 4.82113e-05 0.000570104)
(0.0510439 0.000165143 0.00032564)
(0.0730031 1.86911e-06 0.000520027)
(0.0607152 0.00041785 0.000875591)
(0.0502701 0.000491866 0.000383155)
(0.0720378 0.000331977 0.000580803)
(0.0488488 0.00179852 -2.49926e-05)
(0.0711714 0.000957463 0.000773481)
(0.0464993 -4.72333e-05 0.00013816)
(0.0553763 -0.000148159 0.000284783)
(0.0454367 -1.6676e-05 0.000148078)
(0.0542108 -0.000127571 0.000286288)
(0.0444754 2.77605e-05 0.000179602)
(0.0531378 -0.000100547 0.000297523)
(0.0436305 0.000124723 0.000239713)
(0.0521807 -3.83412e-05 0.000337175)
(0.0429824 0.000309352 0.000330726)
(0.0513926 8.7301e-05 0.000413943)
(0.0426377 0.00111789 1.31683e-05)
(0.0510194 0.000239366 0.000614325)
(0.0493787 0.00112083 0.000287577)
(0.065814 0.000412741 0.000457495)
(0.0757842 0.000345503 0.000384515)
(0.0732513 0.000664251 0.000801932)
(0.0645657 0.000439741 0.000340111)
(0.0748386 0.000371294 0.000293802)
(0.0720939 0.000691097 0.000717383)
(0.0633284 0.000495571 0.000186622)
(0.0739225 0.000426473 0.0001728)
(0.070932 0.000742988 0.000616626)
(0.0620542 0.000570472 -4.78996e-05)
(0.073002 0.000520152 -1.6955e-06)
(0.0697096 0.000834509 0.000491204)
(0.0607123 0.00087608 -0.000417397)
(0.0720362 0.000581146 -0.00033167)
(0.0683704 0.000951565 0.000330974)
(0.0711689 0.000774051 -0.000956916)
(0.0668772 0.00141664 0.000245795)
(0.0872405 0.000430594 0.000250282)
(0.0918095 0.00069483 0.000590172)
(0.0917439 0.00071778 0.000573386)
(0.08671 0.000450675 0.000143016)
(0.0914415 0.000680894 0.000513273)
(0.0913356 0.000730096 0.000481431)
(0.0862145 0.000500213 -1.80516e-05)
(0.0911139 0.000686175 0.000405114)
(0.0909444 0.000772669 0.000365205)
(0.0857196 0.000533884 -0.000312413)
(0.0908141 0.000714042 0.000239161)
(0.0905488 0.000851784 0.000204684)
(0.0851441 0.000419138 -0.000933172)
(0.0905111 0.000723804 -5.25815e-05)
(0.0901164 0.000904502 -5.57152e-05)
(0.0904656 0.000611292 -0.000590749)
(0.090036 0.000801069 -0.000483201)
(0.0966851 0.000837287 0.00085704)
(0.0994454 0.000748669 0.00108905)
(0.0997145 0.000975675 0.000963415)
(0.0965485 0.000798599 0.000779729)
(0.0993909 0.000684269 0.00103792)
(0.0996801 0.000945895 0.000888612)
(0.0964566 0.000764546 0.000666749)
(0.0993678 0.000617859 0.000970128)
(0.0996763 0.000931158 0.000794743)
(0.0964025 0.000724464 0.000501456)
(0.0993761 0.000542799 0.000874055)
(0.0997019 0.000929853 0.00067113)
(0.0963616 0.000625932 0.000289294)
(0.0993976 0.000438242 0.000743286)
(0.0997442 0.00092098 0.000503745)
(0.0995254 0.00024974 0.000612137)
(0.0999275 0.000838006 0.000330163)
(0.102396 0.000628145 0.0012963)
(0.103576 0.000457727 0.00141663)
(0.104478 0.000730012 0.00134283)
(0.102465 0.000540913 0.00125761)
(0.103688 0.000382964 0.00139379)
(0.104658 0.000663406 0.0012945)
(0.10255 0.000439934 0.00121127)
(0.103804 0.000294736 0.00137158)
(0.104851 0.000596063 0.00124378)
(0.102651 0.000313698 0.00115759)
(0.103926 0.000185484 0.00134804)
(0.10506 0.000521241 0.00118673)
(0.102763 0.000148382 0.00112117)
(0.104046 4.43432e-05 0.00132772)
(0.105282 0.000427123 0.00112543)
(0.104255 -0.000129093 0.00133888)
(0.105579 0.000299078 0.00109885)
(0.104919 0.000184556 0.001517)
(0.104805 -6.82711e-05 0.00154091)
(0.10661 0.000243327 0.00153331)
(0.105081 0.000112122 0.00151157)
(0.104953 -0.000105903 0.00154248)
(0.106895 0.000192379 0.00151342)
(0.105235 2.06463e-05 0.00151355)
(0.105088 -0.000161345 0.00155545)
(0.107174 0.000131204 0.0015021)
(0.10538 -9.59814e-05 0.00152535)
(0.105209 -0.000240813 0.00158428)
(0.107447 5.55357e-05 0.00150098)
(0.105508 -0.000232986 0.00155498)
(0.105317 -0.000346008 0.00162515)
(0.107719 -3.94195e-05 0.00151209)
(0.105533 -0.000455928 0.00165162)
(0.108064 -0.000143925 0.00154474)
(0.10484 -0.000352209 0.00156639)
(0.10347 -0.000542918 0.00148386)
(0.106564 -0.000336075 0.00157543)
(0.104961 -0.000371727 0.00158636)
(0.103521 -0.000521043 0.00150219)
(0.106824 -0.000336549 0.00157646)
(0.105064 -0.000414043 0.00162618)
(0.103554 -0.000515179 0.00154486)
(0.107068 -0.000352318 0.00159494)
(0.105143 -0.000480609 0.00168409)
(0.103564 -0.000531866 0.00161298)
(0.107299 -0.000385617 0.00163647)
(0.105188 -0.000559513 0.0017218)
(0.103552 -0.000564817 0.001697)
(0.107521 -0.000433831 0.00169273)
(0.103698 -0.000583838 0.00168935)
(0.107839 -0.000483174 0.00171798)
(0.102223 -0.000739897 0.00140895)
(0.0994396 -0.000798931 0.00120408)
(0.104241 -0.00080461 0.00145559)
(0.102206 -0.000681231 0.00142058)
(0.0993002 -0.000722546 0.00120077)
(0.104372 -0.000739566 0.00144178)
(0.102173 -0.000632981 0.00146099)
(0.0991611 -0.000650957 0.0012237)
(0.104495 -0.000683886 0.00145429)
(0.102116 -0.000600246 0.0015311)
(0.0990084 -0.00058252 0.00127994)
(0.104606 -0.000637025 0.00149805)
(0.10203 -0.000583842 0.00162451)
(0.0988306 -0.000518053 0.00137162)
(0.104705 -0.000601293 0.00156767)
(0.1019 -0.000565685 0.00166372)
(0.0986132 -0.000437411 0.00147225)
(0.104795 -0.000572136 0.00165281)
(0.0986613 -0.000330821 0.00144566)
(0.105034 -0.000531877 0.00165982)
(0.0967525 -0.00081085 0.00101853)
(0.0921839 -0.000648638 0.000728541)
(0.0997343 -0.000960102 0.00111077)
(0.0965023 -0.000724023 0.00102689)
(0.0917442 -0.000573233 0.000717701)
(0.0996402 -0.00087678 0.00109175)
(0.0962544 -0.000633253 0.00106558)
(0.0913359 -0.00048126 0.000730018)
(0.0995601 -0.000793021 0.00109903)
(0.0959921 -0.000530394 0.00114208)
(0.0909448 -0.000364975 0.000772551)
(0.099484 -0.000701524 0.00113888)
(0.095694 -0.000394738 0.00123867)
(0.0905493 -0.000204358 0.000851566)
(0.0994009 -0.000594685 0.00121551)
(0.0953217 -0.000207042 0.00126922)
(0.0901169 5.62255e-05 0.000904084)
(0.0992961 -0.000450186 0.001297)
(0.0900365 0.000483956 0.000800388)
(0.0994395 -0.000277135 0.00130306)
(0.087814 -0.000326411 0.000435026)
(0.0768185 -0.000270088 0.000520583)
(0.0922247 -0.000648536 0.000724674)
(0.0872409 -0.000250153 0.000430513)
(0.0758597 -0.000239519 0.000502632)
(0.0918098 -0.00058998 0.000694725)
(0.0867105 -0.000142907 0.000450621)
(0.0749701 -0.00017974 0.000500078)
(0.0914419 -0.000513115 0.000680833)
(0.0862151 1.81854e-05 0.000500132)
(0.0741663 -7.88437e-05 0.000513253)
(0.0911144 -0.000404922 0.000686094)
(0.0857203 0.000312596 0.000533741)
(0.0734876 0.00011798 0.000522354)
(0.0908146 -0.000238903 0.000713911)
(0.0851449 0.000933541 0.000418782)
(0.073079 0.000507047 0.000508473)
(0.0905116 5.29381e-05 0.000723591)
(0.0719076 0.00182769 -3.96219e-05)
(0.0904662 0.000591347 0.000610828)
(0.067203 -0.00035012 0.000637388)
(0.0745392 -0.000610909 0.000926765)
(0.0659951 -0.000326302 0.000621122)
(0.0734387 -0.000600174 0.000880609)
(0.0648874 -0.00026834 0.000615055)
(0.0724168 -0.000570064 0.000845406)
(0.0639322 -0.000137336 0.000599094)
(0.0715094 -0.000508698 0.000810015)
(0.0633098 4.68361e-05 0.000613822)
(0.0707849 -0.000357303 0.000721166)
(0.0634002 0.00037691 0.000503133)
(0.0704269 -0.000147948 0.000561198)
(0.069013 0.000297108 -1.27688e-05)
(0.0811582 0.000951942 0.000997106)
(0.0885503 0.000923728 0.000897832)
(0.0859496 0.00104891 0.000930947)
(0.0801104 0.00100234 0.000924154)
(0.0878817 0.000957343 0.000818522)
(0.0850819 0.0010846 0.000875094)
(0.0789922 0.00109266 0.000858419)
(0.0871894 0.0010225 0.000738118)
(0.0841662 0.00114881 0.000837515)
(0.0777306 0.00123 0.000820581)
(0.0864248 0.00113418 0.000655543)
(0.0831548 0.00126015 0.000832101)
(0.0762328 0.00145271 0.000874472)
(0.085537 0.00127023 0.000575596)
(0.0819814 0.00141556 0.000891891)
(0.0846943 0.00141414 0.000544445)
(0.0806072 0.00159548 0.00119922)
(0.0965021 0.00102695 0.000724175)
(0.09964 0.0010918 0.000876938)
(0.0993 0.00120081 0.000722704)
(0.0962541 0.0010657 0.000633472)
(0.0995599 0.00109912 0.000793225)
(0.0991608 0.00122382 0.000651174)
(0.0959918 0.00114231 0.000530716)
(0.0994838 0.00113902 0.000701789)
(0.0990082 0.00128013 0.000582812)
(0.0956937 0.00123914 0.000395247)
(0.0994007 0.00121575 0.000595063)
(0.0988304 0.00137194 0.000518468)
(0.0953215 0.00126994 0.000207777)
(0.0992961 0.00129744 0.000450747)
(0.098613 0.00147283 0.000438007)
(0.0994397 0.00130358 0.000277905)
(0.0986615 0.00144637 0.000331558)
(0.103053 0.0010863 0.00094173)
(0.104831 0.000938638 0.00113601)
(0.104803 0.0012389 0.000869351)
(0.103166 0.00108358 0.000855767)
(0.105036 0.000905686 0.00106494)
(0.104993 0.0012274 0.000798686)
(0.103292 0.00110574 0.000757657)
(0.105252 0.000889706 0.000989608)
(0.105191 0.00124203 0.000726914)
(0.103431 0.00114046 0.000638296)
(0.105482 0.000888133 0.000905314)
(0.105397 0.00127904 0.000647987)
(0.103569 0.00115081 0.000502362)
(0.10573 0.000883609 0.000804949)
(0.105614 0.00131934 0.000554299)
(0.106089 0.000837769 0.000711317)
(0.105959 0.00131693 0.00045598)
(0.106944 0.000763549 0.00127248)
(0.107648 0.000534476 0.00139132)
(0.107997 0.000874095 0.00111202)
(0.107261 0.000719007 0.00121334)
(0.108011 0.000491276 0.00134439)
(0.108389 0.000833511 0.00105516)
(0.107589 0.000680922 0.00115358)
(0.108375 0.000449467 0.00130303)
(0.108782 0.000802881 0.00100169)
(0.107932 0.000642444 0.0010908)
(0.108745 0.000406024 0.00126493)
(0.109181 0.000779579 0.000946331)
(0.108291 0.000590517 0.00103687)
(0.109129 0.000354241 0.00122785)
(0.109596 0.000754389 0.0008868)
(0.109572 0.000286459 0.00120676)
(0.110074 0.000711974 0.000840018)
(0.108743 0.000251563 0.00146627)
(0.108522 -2.68738e-05 0.00150295)
(0.10947 0.000307887 0.00125553)
(0.109155 0.000213209 0.00143775)
(0.10893 -4.11014e-05 0.00147881)
(0.10996 0.000280525 0.0012176)
(0.109564 0.000169681 0.00141895)
(0.109328 -6.21559e-05 0.00146838)
(0.11044 0.000251645 0.00118964)
(0.109973 0.000118038 0.00140771)
(0.109722 -9.09945e-05 0.0014715)
(0.110915 0.000219173 0.00116848)
(0.110389 5.81566e-05 0.00140477)
(0.110121 -0.000128553 0.00148163)
(0.111395 0.000180752 0.00114899)
(0.110578 -0.000169658 0.00148991)
(0.111922 0.000138456 0.00113578)
(0.108707 -0.000316341 0.00151549)
(0.107605 -0.000549423 0.00145844)
(0.109452 -0.000332612 0.0012861)
(0.109102 -0.000311907 0.00150944)
(0.107945 -0.000515028 0.00144766)
(0.109934 -0.000318755 0.00126294)
(0.109486 -0.000316832 0.00152093)
(0.108279 -0.000488356 0.00145868)
(0.110402 -0.000311408 0.00125455)
(0.109865 -0.000329003 0.00154542)
(0.10861 -0.000467174 0.00148905)
(0.110861 -0.000309527 0.00125962)
(0.110239 -0.000344198 0.00156677)
(0.108947 -0.000449095 0.00152631)
(0.111325 -0.000310761 0.00126992)
(0.109368 -0.000425513 0.00153839)
(0.111843 -0.000312515 0.00127017)
(0.106587 -0.00079792 0.00141118)
(0.104619 -0.000944433 0.00127369)
(0.107584 -0.000904251 0.00122077)
(0.106872 -0.000735142 0.00139227)
(0.104803 -0.000869146 0.00123881)
(0.107968 -0.000840471 0.00118235)
(0.107155 -0.000679568 0.00139838)
(0.104993 -0.000798454 0.00122729)
(0.108344 -0.00078473 0.00116215)
(0.107437 -0.000627459 0.00142796)
(0.105191 -0.00072664 0.0012419)
(0.108716 -0.00073471 0.00116079)
(0.107719 -0.000575473 0.00147069)
(0.105397 -0.000647647 0.00127888)
(0.109089 -0.000684976 0.00117539)
(0.107996 -0.000519668 0.00149858)
(0.105614 -0.000553888 0.00131916)
(0.109472 -0.000633753 0.00119499)
(0.105959 -0.000455496 0.00131679)
(0.109936 -0.000581886 0.00118809)
(0.102958 -0.00102244 0.00111322)
(0.0997807 -0.00103197 0.00102142)
(0.104637 -0.00120919 0.000988509)
(0.103053 -0.000941515 0.0010862)
(0.0997147 -0.00096317 0.000975554)
(0.104831 -0.0011358 0.000938562)
(0.103166 -0.000855516 0.00108347)
(0.0996804 -0.000888362 0.000945796)
(0.105036 -0.0010647 0.000905616)
(0.103292 -0.00075734 0.00110561)
(0.0996765 -0.00079444 0.00093105)
(0.105252 -0.000989316 0.00088964)
(0.103431 -0.000637876 0.00114028)
(0.0997021 -0.000670737 0.000929716)
(0.105482 -0.000904945 0.00088806)
(0.103568 -0.000501776 0.0011506)
(0.0997442 -0.000503225 0.000920789)
(0.10573 -0.000804489 0.000883523)
(0.0999273 -0.000329422 0.000837763)
(0.106089 -0.000710731 0.000837746)
(0.0968661 -0.000915978 0.000883787)
(0.089342 -0.000853858 0.00101744)
(0.0995314 -0.00113604 0.000817155)
(0.0966853 -0.000856802 0.000837174)
(0.0887514 -0.000827823 0.000955148)
(0.0994456 -0.00108881 0.000748569)
(0.0965488 -0.000779477 0.000798508)
(0.0882193 -0.000789681 0.000896084)
(0.0993912 -0.00103768 0.000684207)
(0.0964568 -0.000666427 0.000764441)
(0.0877626 -0.000720671 0.000829412)
(0.0993681 -0.000969815 0.000617804)
(0.0964027 -0.000501024 0.000724318)
(0.0874043 -0.000595898 0.000737638)
(0.0993764 -0.000873619 0.000542729)
(0.0963618 -0.000288723 0.000625722)
(0.0871614 -0.000409241 0.00059649)
(0.0993978 -0.000742714 0.00043813)
(0.0868136 -0.000127251 0.000156703)
(0.0995256 -0.000611638 0.000249585)
(0.0823781 -0.000869545 0.00110061)
(0.0869424 -0.000990107 0.000980455)
(0.0814916 -0.000851599 0.00102534)
(0.0861906 -0.000979107 0.000892612)
(0.0806903 -0.000816 0.00094119)
(0.0854832 -0.000959794 0.000794441)
(0.0800166 -0.000741653 0.000826028)
(0.0848369 -0.000919653 0.000666049)
(0.0795062 -0.000613154 0.000650009)
(0.0842761 -0.000842118 0.000478529)
(0.0792101 -0.000382047 0.00020239)
(0.0838344 -0.000732144 0.000218983)
(0.0832504 -0.000595307 -0.000299976)
(0.0904293 0.00121198 0.000862818)
(0.0961271 0.00125168 0.000792175)
(0.0926772 0.00120836 0.000654243)
(0.0897141 0.00126072 0.000842716)
(0.0957513 0.00128388 0.000749495)
(0.0921193 0.00124714 0.000653483)
(0.0889266 0.00134207 0.000856339)
(0.0953345 0.00134299 0.000725957)
(0.0915089 0.0013067 0.00068213)
(0.0880387 0.0014594 0.000909006)
(0.094865 0.00143452 0.000733155)
(0.0908343 0.00139323 0.000755556)
(0.0870578 0.00153542 0.00111627)
(0.0943101 0.00154543 0.000765048)
(0.0900427 0.00149961 0.000864868)
(0.0937383 0.00153084 0.000933149)
(0.0890932 0.00151763 0.00117967)
(0.102206 0.00142067 0.000681426)
(0.104372 0.00144184 0.000739736)
(0.103469 0.00148392 0.000543099)
(0.102173 0.00146117 0.000633252)
(0.104495 0.00145443 0.000684113)
(0.103521 0.00150232 0.00052129)
(0.102115 0.00153138 0.000600604)
(0.104606 0.00149825 0.000637311)
(0.103553 0.00154506 0.000515492)
(0.10203 0.00162493 0.000584303)
(0.104705 0.00156793 0.00060165)
(0.103563 0.00161325 0.000532253)
(0.1019 0.00166427 0.000566235)
(0.104795 0.00165317 0.000572561)
(0.103552 0.00169741 0.000565272)
(0.105034 0.00166014 0.000532317)
(0.103698 0.00168975 0.000584258)
(0.106872 0.00139237 0.000735344)
(0.107968 0.00118242 0.000840664)
(0.107604 0.00145853 0.000549601)
(0.107154 0.00139851 0.000679807)
(0.108344 0.00116224 0.000784959)
(0.107945 0.00144778 0.000515239)
(0.107437 0.00142812 0.000627739)
(0.108716 0.00116089 0.000734978)
(0.108279 0.00145883 0.000488598)
(0.107719 0.00147086 0.000575785)
(0.10909 0.00117548 0.000685283)
(0.10861 0.00148923 0.000467439)
(0.107996 0.00149869 0.000519973)
(0.109472 0.00119506 0.000634081)
(0.108947 0.00152649 0.000449357)
(0.109936 0.00118801 0.000582177)
(0.109368 0.00153846 0.000425694)
(0.109516 0.000950316 0.000895697)
(0.109858 0.000661199 0.000973075)
(0.109855 0.00100584 0.000637997)
(0.109988 0.00092426 0.000845899)
(0.11038 0.000635922 0.000926134)
(0.110376 0.000974335 0.000602303)
(0.110457 0.000909181 0.000798616)
(0.110891 0.000616749 0.000886422)
(0.110886 0.000954662 0.00057093)
(0.110927 0.000900233 0.000749846)
(0.111398 0.000601602 0.000849127)
(0.111391 0.00094456 0.000540471)
(0.111401 0.00088603 0.000702978)
(0.111912 0.000585138 0.000811128)
(0.111904 0.000936808 0.000509185)
(0.112477 0.000560957 0.000778383)
(0.112468 0.000920412 0.00048116)
(0.110739 0.00033944 0.0010051)
(0.110452 1.02329e-06 0.00103603)
(0.110887 0.000362849 0.000702978)
(0.111302 0.000322136 0.000968466)
(0.11102 1.14508e-06 0.000999946)
(0.111496 0.000346829 0.000673621)
(0.111853 0.000305043 0.00093907)
(0.111574 3.519e-07 0.000974268)
(0.112087 0.000332538 0.000649723)
(0.112397 0.000286773 0.000913026)
(0.112118 -1.64918e-06 0.000955833)
(0.112665 0.000318288 0.00062882)
(0.112935 0.000267177 0.000889725)
(0.112666 -4.50274e-06 0.000939287)
(0.113243 0.000301241 0.000607068)
(0.113258 -7.5557e-06 0.000922646)
(0.113867 0.000287828 0.000591021)
(0.110732 -0.000335789 0.00103088)
(0.109855 -0.000637798 0.00100576)
(0.110883 -0.000357654 0.000716656)
(0.111292 -0.000318704 0.00100575)
(0.110376 -0.000602066 0.000974249)
(0.111492 -0.000339785 0.000693677)
(0.111841 -0.000304048 0.00099103)
(0.110886 -0.000570656 0.000954573)
(0.112081 -0.000324469 0.000677632)
(0.112381 -0.000290574 0.000982094)
(0.111391 -0.000540161 0.000944477)
(0.112658 -0.000310454 0.000665851)
(0.112917 -0.00027766 0.000972208)
(0.111904 -0.000508854 0.000936759)
(0.113234 -0.000295083 0.000652662)
(0.112467 -0.000480845 0.000920471)
(0.113857 -0.000284623 0.000639705)
(0.109035 -0.000951901 0.000988694)
(0.107603 -0.00117567 0.000926301)
(0.109321 -0.00102891 0.000693792)
(0.109516 -0.000895475 0.000950245)
(0.107997 -0.00111181 0.000874021)
(0.109858 -0.00097287 0.000661132)
(0.109988 -0.000845638 0.000924192)
(0.108389 -0.00105491 0.000833442)
(0.11038 -0.000925891 0.000635861)
(0.110457 -0.000798318 0.000909124)
(0.108782 -0.0010014 0.000802821)
(0.110891 -0.000886143 0.0006167)
(0.110927 -0.00074952 0.000900212)
(0.109181 -0.000945981 0.000779529)
(0.111398 -0.000848818 0.000601583)
(0.1114 -0.000702661 0.000886118)
(0.109596 -0.000886409 0.000754362)
(0.111912 -0.000810804 0.000585194)
(0.110074 -0.000839623 0.00071205)
(0.112477 -0.000778102 0.000561178)
(0.106634 -0.00133482 0.000817328)
(0.104309 -0.00139406 0.000800491)
(0.107284 -0.00144745 0.00058155)
(0.106944 -0.00127224 0.000763476)
(0.104478 -0.0013426 0.000729924)
(0.107648 -0.0013911 0.000534398)
(0.107261 -0.00121305 0.000718944)
(0.104658 -0.00129423 0.000663335)
(0.108011 -0.00134413 0.000491205)
(0.107589 -0.00115323 0.000680868)
(0.104852 -0.00124344 0.000596002)
(0.108375 -0.00130272 0.000449409)
(0.107932 -0.00109038 0.000642389)
(0.10506 -0.00118627 0.000521176)
(0.108745 -0.00126456 0.000405976)
(0.108291 -0.0010364 0.000590482)
(0.105282 -0.00112488 0.000427031)
(0.109129 -0.00122745 0.0003542)
(0.105579 -0.00109846 0.00029898)
(0.109572 -0.00120649 0.000286486)
(0.102345 -0.00133322 0.000709959)
(0.096598 -0.00119487 0.000809735)
(0.103471 -0.00144454 0.000525566)
(0.102396 -0.00129606 0.000628062)
(0.0963191 -0.00117822 0.000721407)
(0.103577 -0.00141642 0.000457636)
(0.102465 -0.0012573 0.000540846)
(0.096056 -0.00115954 0.000625999)
(0.103688 -0.00139352 0.000382884)
(0.10255 -0.00121083 0.000439864)
(0.0958092 -0.00113183 0.000510312)
(0.103804 -0.00137118 0.000294659)
(0.102651 -0.00115699 0.000313597)
(0.0955806 -0.00109072 0.000356263)
(0.103926 -0.00134746 0.000185394)
(0.102763 -0.00112065 0.000148227)
(0.0953714 -0.00104618 0.000143009)
(0.104047 -0.00132706 4.417e-05)
(0.0952218 -0.00107005 -0.000139312)
(0.104255 -0.00133944 -0.000129367)
(0.0912788 -0.00113246 0.00082719)
(0.0932952 -0.00115484 0.000594546)
(0.0907248 -0.00112307 0.000725045)
(0.09284 -0.00115734 0.000517432)
(0.0901868 -0.00110555 0.000602014)
(0.0923797 -0.00116045 0.000428157)
(0.0896687 -0.00107391 0.00043601)
(0.0919149 -0.00115929 0.000312108)
(0.0891692 -0.0010292 0.000199919)
(0.091446 -0.00115146 0.000152998)
(0.088688 -0.00102727 -0.000122823)
(0.0909727 -0.00114288 -6.89014e-05)
(0.0905115 -0.00121736 -0.000327089)
(0.0944813 0.00123987 0.000394201)
(0.0994426 0.00134587 0.000362604)
(0.0947373 0.00120177 8.63463e-05)
(0.0940347 0.00128887 0.000438757)
(0.0992803 0.00137433 0.000382686)
(0.0943416 0.00123164 0.000136295)
(0.093535 0.00135223 0.00052138)
(0.0990851 0.00141756 0.000428222)
(0.0939093 0.00127133 0.000213363)
(0.0929762 0.00142567 0.000645206)
(0.0988541 0.00147557 0.000509807)
(0.0934381 0.00131868 0.000331026)
(0.0923606 0.00147424 0.000870623)
(0.0985646 0.00153524 0.000621129)
(0.0928991 0.00137427 0.000479189)
(0.0982736 0.00153798 0.000821159)
(0.0922958 0.001432 0.00072637)
(0.104839 0.00156649 0.000352441)
(0.106564 0.00157552 0.000336269)
(0.104805 0.00154099 6.84793e-05)
(0.104961 0.00158651 0.000372009)
(0.106823 0.00157659 0.000336781)
(0.104952 0.00154259 0.000106157)
(0.105064 0.00162638 0.000414377)
(0.107068 0.00159511 0.00035259)
(0.105088 0.00155559 0.000161647)
(0.105143 0.00168435 0.000480981)
(0.107299 0.00163668 0.000385919)
(0.105209 0.00158446 0.00024116)
(0.105188 0.00172205 0.000559852)
(0.107521 0.00169298 0.000434129)
(0.105316 0.00162539 0.000346372)
(0.107839 0.00171813 0.000483372)
(0.105532 0.00165191 0.000456185)
(0.108707 0.0015156 0.000316534)
(0.109452 0.0012862 0.000332801)
(0.108522 0.00150306 2.70541e-05)
(0.109102 0.00150958 0.000312126)
(0.109934 0.00126306 0.000318975)
(0.10893 0.00147894 4.13094e-05)
(0.109486 0.0015211 0.000317066)
(0.110402 0.00125469 0.000311658)
(0.109328 0.00146854 6.23899e-05)
(0.109865 0.00154561 0.000329223)
(0.110861 0.00125978 0.000309794)
(0.109722 0.0014717 9.12416e-05)
(0.110239 0.00156691 0.000344348)
(0.111325 0.00127008 0.000311023)
(0.110121 0.00148185 0.000128784)
(0.111843 0.00127024 0.000312723)
(0.110578 0.00149015 0.000169809)
(0.110732 0.00103097 0.000336005)
(0.110883 0.000716743 0.000357862)
(0.110452 0.00103614 -8.33008e-07)
(0.111292 0.00100586 0.000318955)
(0.111492 0.000693767 0.000340031)
(0.11102 0.00100007 -9.14312e-07)
(0.111841 0.000991145 0.000304332)
(0.112081 0.000677721 0.000324755)
(0.111574 0.000974408 -8.51696e-08)
(0.112381 0.000982205 0.000290885)
(0.112658 0.000665929 0.000310778)
(0.112118 0.000955986 1.95775e-06)
(0.112917 0.000972288 0.000277985)
(0.113234 0.000652711 0.000295442)
(0.112667 0.000939439 4.83344e-06)
(0.113857 0.000639685 0.00028501)
(0.113258 0.000922755 7.91197e-06)
(0.111654 0.000370636 0.000362228)
(0.111329 3.35838e-06 0.000374239)
(0.111329 0.000374335 -3.14111e-06)
(0.112294 0.000357689 0.000346193)
(0.11198 4.74517e-06 0.000358546)
(0.11198 0.000358647 -4.48642e-06)
(0.112915 0.000346322 0.000331583)
(0.112608 6.31402e-06 0.000345263)
(0.112608 0.000345364 -6.00996e-06)
(0.11352 0.000333373 0.000315724)
(0.11322 7.92067e-06 0.000332585)
(0.11322 0.000332677 -7.56958e-06)
(0.114109 0.000322643 0.000302921)
(0.113826 9.27154e-06 0.000316485)
(0.113826 0.000316557 -8.87129e-06)
(0.114482 1.02872e-05 0.000309114)
(0.114482 0.000309115 -9.81538e-06)
(0.111654 -0.00036199 0.000370557)
(0.110887 -0.000702767 0.000362777)
(0.111329 -0.000374009 3.28007e-06)
(0.112294 -0.000345912 0.000357616)
(0.111496 -0.000673369 0.000346764)
(0.11198 -0.000358268 4.67039e-06)
(0.112915 -0.000331256 0.000346265)
(0.112087 -0.000649431 0.000332488)
(0.112608 -0.000344929 6.25212e-06)
(0.11352 -0.00031535 0.000333346)
(0.112665 -0.00062849 0.000318273)
(0.11322 -0.00033219 7.88489e-06)
(0.114109 -0.000302498 0.000322678)
(0.113243 -0.000606704 0.000301295)
(0.113826 -0.000316031 9.27003e-06)
(0.113867 -0.000590643 0.000288015)
(0.114482 -0.000308573 1.03815e-05)
(0.110161 -0.00105131 0.000358154)
(0.108967 -0.00130601 0.000335492)
(0.109864 -0.00108394 4.09554e-07)
(0.11074 -0.00100488 0.000339382)
(0.10947 -0.00125533 0.000307814)
(0.110452 -0.00103583 9.62042e-07)
(0.111302 -0.000968205 0.000322094)
(0.10996 -0.00121735 0.00028046)
(0.11102 -0.000999699 1.09352e-06)
(0.111853 -0.00093878 0.000305035)
(0.11044 -0.00118935 0.000251602)
(0.111574 -0.00097398 3.30782e-07)
(0.112397 -0.000912719 0.000286838)
(0.110915 -0.00116816 0.000219169)
(0.112119 -0.00095551 -1.60443e-06)
(0.112935 -0.000889438 0.000267381)
(0.111395 -0.0011487 0.000180827)
(0.112667 -0.000938946 -4.34093e-06)
(0.111922 -0.00113572 0.000138716)
(0.113258 -0.000922343 -7.21605e-06)
(0.108325 -0.00150638 0.000287242)
(0.106319 -0.00156339 0.000287861)
(0.108104 -0.00154248 -1.75421e-05)
(0.108744 -0.00146603 0.000251484)
(0.10661 -0.0015331 0.00024324)
(0.108522 -0.00150276 -2.69594e-05)
(0.109155 -0.00143746 0.000213142)
(0.106895 -0.00151314 0.000192286)
(0.10893 -0.00147858 -4.11791e-05)
(0.109564 -0.00141861 0.000169643)
(0.107174 -0.00150172 0.000131116)
(0.109328 -0.00146811 -6.22027e-05)
(0.109973 -0.00140735 0.000118043)
(0.107447 -0.00150048 5.54541e-05)
(0.109722 -0.0014712 -9.09784e-05)
(0.110389 -0.00140458 5.82857e-05)
(0.107719 -0.00151161 -3.95186e-05)
(0.110121 -0.00148135 -0.00012845)
(0.108064 -0.00154561 -0.000143933)
(0.110579 -0.00148989 -0.000169262)
(0.104751 -0.00153 0.000243403)
(0.0996221 -0.00131106 0.000267781)
(0.104647 -0.00155131 -4.36419e-05)
(0.104919 -0.00151676 0.000184457)
(0.0995211 -0.00131235 0.000212667)
(0.104805 -0.00154076 -6.83876e-05)
(0.105081 -0.00151121 0.00011201)
(0.099404 -0.00132038 0.000145836)
(0.104953 -0.00154225 -0.000106038)
(0.105236 -0.00151302 2.05189e-05)
(0.0992698 -0.00133235 5.80339e-05)
(0.105088 -0.00155511 -0.0001615)
(0.10538 -0.00152471 -9.61613e-05)
(0.099117 -0.00134773 -6.06999e-05)
(0.10521 -0.00158379 -0.000240981)
(0.105508 -0.00155542 -0.000233212)
(0.0989381 -0.0013701 -0.000212974)
(0.105317 -0.00162467 -0.000346187)
(0.0987946 -0.00143717 -0.00039763)
(0.105533 -0.00165359 -0.000456035)
(0.0949563 -0.00117769 0.000240762)
(0.0950989 -0.00118211 -5.39168e-05)
(0.0946001 -0.00119338 0.00017771)
(0.0947378 -0.00120162 -8.61812e-05)
(0.0942185 -0.00121381 9.58624e-05)
(0.0943423 -0.00123141 -0.000136104)
(0.0938098 -0.00123726 -1.79457e-05)
(0.0939102 -0.00127096 -0.00021318)
(0.0933715 -0.00126646 -0.000170007)
(0.0934394 -0.00131809 -0.000330869)
(0.0928813 -0.00133121 -0.000366049)
(0.0929012 -0.00137351 -0.000479027)
(0.0922975 -0.00143181 -0.000726852)
(0.0945996 0.00119354 -0.00017747)
(0.0995207 0.00131254 -0.000212495)
(0.0928395 0.00115747 -0.000517186)
(0.0942177 0.0012141 -9.55873e-05)
(0.0994034 0.00132068 -0.000145629)
(0.0923792 0.00116065 -0.000427847)
(0.0938086 0.00123779 1.82575e-05)
(0.0992691 0.00133283 -5.77989e-05)
(0.0919141 0.00115963 -0.000311734)
(0.0933697 0.00126728 0.000170385)
(0.099116 0.00134852 6.0969e-05)
(0.0914449 0.00115201 -0.000152491)
(0.0928786 0.00133203 0.00036644)
(0.0989367 0.00137118 0.000213245)
(0.0909712 0.00114363 6.96096e-05)
(0.0987932 0.00143741 0.0003978)
(0.09051 0.00121799 0.000328209)
(0.104919 0.00151708 -0.000184324)
(0.10661 0.0015334 -0.000243129)
(0.103576 0.00141672 -0.000457533)
(0.105081 0.00151168 -0.000111848)
(0.106895 0.00151354 -0.000192145)
(0.103687 0.0013939 -0.000382735)
(0.105235 0.00151368 -2.03285e-05)
(0.107173 0.00150224 -0.000130933)
(0.103804 0.0013717 -0.000294467)
(0.10538 0.00152551 9.63259e-05)
(0.107447 0.00150116 -5.52314e-05)
(0.103926 0.00134817 -0.000185174)
(0.105508 0.00155525 0.000233278)
(0.107719 0.00151231 3.97327e-05)
(0.104046 0.00132788 -4.40135e-05)
(0.108064 0.00154514 0.00014416)
(0.104255 0.00133925 0.000129332)
(0.108743 0.0014664 -0.000251365)
(0.10947 0.00125566 -0.000307698)
(0.107648 0.00139145 -0.000534303)
(0.109155 0.0014379 -0.000212981)
(0.10996 0.00121775 -0.000280304)
(0.108011 0.00134454 -0.000491074)
(0.109564 0.00141914 -0.000169427)
(0.11044 0.00118981 -0.000251389)
(0.108375 0.00130322 -0.000449232)
(0.109973 0.00140794 -0.000117767)
(0.110915 0.00116869 -0.000218884)
(0.108745 0.00126516 -0.000405757)
(0.110389 0.0014051 -5.7901e-05)
(0.111395 0.00114923 -0.000180439)
(0.109129 0.00122814 -0.00035395)
(0.111922 0.00113609 -0.000138135)
(0.109572 0.00120717 -0.00028614)
(0.110739 0.00100523 -0.000339227)
(0.110887 0.000703095 -0.000362642)
(0.109858 0.000973215 -0.000661015)
(0.111302 0.000968621 -0.000321885)
(0.111496 0.000673752 -0.000346583)
(0.11038 0.000926299 -0.000635701)
(0.111853 0.000939248 -0.000304752)
(0.112087 0.000649871 -0.000332249)
(0.110891 0.000886616 -0.000616486)
(0.112397 0.00091322 -0.000286439)
(0.112665 0.00062898 -0.000317953)
(0.111398 0.000849347 -0.000601291)
(0.112935 0.000889907 -0.000266794)
(0.113243 0.00060723 -0.000300861)
(0.111912 0.000811369 -0.00058477)
(0.113867 0.000591134 -0.00028738)
(0.112477 0.000778614 -0.000560505)
(0.111654 0.000362346 -0.000370396)
(0.111329 -3.03319e-06 -0.0003741)
(0.110883 0.000357989 -0.000716536)
(0.112294 0.000346321 -0.000357405)
(0.11198 -4.36764e-06 -0.000358363)
(0.111492 0.000340173 -0.000693519)
(0.112915 0.000331719 -0.00034599)
(0.112608 -5.88161e-06 -0.000345021)
(0.112082 0.000324912 -0.000677426)
(0.11352 0.000315862 -0.000332992)
(0.11322 -7.43732e-06 -0.00033227)
(0.112658 0.000310949 -0.000665581)
(0.114109 0.000303029 -0.000322198)
(0.113826 -8.74866e-06 -0.000316084)
(0.113234 0.000295614 -0.000652305)
(0.114482 -9.74522e-06 -0.000308551)
(0.113857 0.000285133 -0.0006392)
(0.111654 -0.000370287 -0.000362066)
(0.110884 -0.000716433 -0.000357726)
(0.110887 -0.000362527 -0.000702858)
(0.112294 -0.000357285 -0.000345979)
(0.111492 -0.000693403 -0.000339848)
(0.111496 -0.000346451 -0.000673463)
(0.112915 -0.000345863 -0.000331302)
(0.112082 -0.000677298 -0.000324507)
(0.112087 -0.0003321 -0.000649516)
(0.11352 -0.000332872 -0.000315363)
(0.112659 -0.000665451 -0.000310442)
(0.112666 -0.000317788 -0.000628547)
(0.114109 -0.000322105 -0.000302438)
(0.113234 -0.000652196 -0.000294987)
(0.113243 -0.000300685 -0.000606711)
(0.113857 -0.000639167 -0.000284376)
(0.113867 -0.000287211 -0.000590537)
(0.110155 -0.00106846 -0.000355795)
(0.108954 -0.00132563 -0.000351966)
(0.109319 -0.0010503 -0.000678819)
(0.110732 -0.00103065 -0.000335848)
(0.109452 -0.00128592 -0.000332688)
(0.109856 -0.00100555 -0.000637885)
(0.111293 -0.00100548 -0.000318739)
(0.109934 -0.00126272 -0.000318819)
(0.110376 -0.000973994 -0.000602156)
(0.111841 -0.00099071 -0.00030403)
(0.110402 -0.0012543 -0.00031144)
(0.110886 -0.000954261 -0.000570729)
(0.112382 -0.000981737 -0.000290455)
(0.110862 -0.00125934 -0.000309481)
(0.111391 -0.000944101 -0.000540178)
(0.112917 -0.000971851 -0.000277381)
(0.111325 -0.00126967 -0.000310586)
(0.111904 -0.000936298 -0.000508753)
(0.111844 -0.0012701 -0.000312003)
(0.112468 -0.000919868 -0.000480527)
(0.108301 -0.00153887 -0.000329751)
(0.10629 -0.00159019 -0.000347587)
(0.107255 -0.00148985 -0.000591417)
(0.108707 -0.00151531 -0.000316421)
(0.106564 -0.00157529 -0.000336182)
(0.107605 -0.00145829 -0.000549523)
(0.109102 -0.00150922 -0.000311967)
(0.106824 -0.00157627 -0.000336662)
(0.107945 -0.00144749 -0.000515127)
(0.109487 -0.0015207 -0.000316835)
(0.107068 -0.00159471 -0.000352428)
(0.108279 -0.0014585 -0.000488439)
(0.109865 -0.0015452 -0.000328899)
(0.107299 -0.0016362 -0.000385693)
(0.10861 -0.00148886 -0.000467195)
(0.110239 -0.00156666 -0.00034379)
(0.107522 -0.00169248 -0.000433814)
(0.108948 -0.00152613 -0.000448964)
(0.10784 -0.00171925 -0.000482845)
(0.109369 -0.00153817 -0.000424879)
(0.104701 -0.00156206 -0.000350723)
(0.0995744 -0.00133179 -0.000362174)
(0.103404 -0.00148604 -0.000578724)
(0.10484 -0.00156625 -0.000352347)
(0.0994431 -0.00134568 -0.000362499)
(0.10347 -0.00148376 -0.000543056)
(0.104961 -0.00158614 -0.000371885)
(0.0992809 -0.00137403 -0.000382557)
(0.103522 -0.00150207 -0.000521206)
(0.105064 -0.00162588 -0.000414217)
(0.0990858 -0.00141714 -0.000428086)
(0.103554 -0.00154473 -0.000515375)
(0.105143 -0.00168376 -0.00048076)
(0.098855 -0.00147497 -0.000509664)
(0.103564 -0.00161285 -0.000532111)
(0.105188 -0.00172285 -0.000559555)
(0.0985658 -0.00153453 -0.000620876)
(0.103552 -0.00169706 -0.000565046)
(0.0982744 -0.0015389 -0.000821388)
(0.103699 -0.00169086 -0.000583808)
(0.0948824 -0.00120605 -0.000376382)
(0.0931959 -0.00118561 -0.000677629)
(0.0944819 -0.00123965 -0.000394064)
(0.0926778 -0.0012082 -0.000654149)
(0.0940355 -0.00128857 -0.000438619)
(0.09212 -0.00124692 -0.000653372)
(0.0935362 -0.0013518 -0.000521264)
(0.0915098 -0.0013064 -0.000682032)
(0.0929777 -0.00142514 -0.00064504)
(0.0908355 -0.00139286 -0.000755519)
(0.0923626 -0.00147411 -0.000870886)
(0.0900443 -0.00149921 -0.000864814)
(0.0890945 -0.00151777 -0.00118042)
(0.0907244 0.00112324 -0.000724745)
(0.0963188 0.00117844 -0.000721221)
(0.0861903 0.00097925 -0.000892382)
(0.0901863 0.0011058 -0.000601655)
(0.0960556 0.00115983 -0.000625755)
(0.0854827 0.000960001 -0.000794187)
(0.0896681 0.00107428 -0.000435569)
(0.0958088 0.00113224 -0.000510022)
(0.0848364 0.00091995 -0.000665779)
(0.0891684 0.00102972 -0.000199304)
(0.09558 0.0010913 -0.000355906)
(0.0842754 0.00084255 -0.000478218)
(0.088687 0.00102789 0.000123843)
(0.0953708 0.00104694 -0.00014254)
(0.0838336 0.000732699 -0.000218563)
(0.0952211 0.00107086 0.000140015)
(0.0832496 0.000595909 0.000300631)
(0.102396 0.00129641 -0.000627944)
(0.104478 0.00134295 -0.000729836)
(0.0994454 0.00108917 -0.000748516)
(0.102464 0.00125773 -0.000540679)
(0.104658 0.00129464 -0.0006632)
(0.0993909 0.00103806 -0.000684094)
(0.10255 0.00121141 -0.000439663)
(0.104851 0.00124395 -0.000595823)
(0.0993678 0.00097029 -0.00061766)
(0.102651 0.00115773 -0.000313394)
(0.10506 0.00118693 -0.000520964)
(0.0993761 0.000874209 -0.00054256)
(0.102763 0.00112142 -0.0001481)
(0.105282 0.00112568 -0.000426818)
(0.0993975 0.000743467 -0.000438006)
(0.105579 0.00109928 -0.000298787)
(0.0995252 0.000612515 -0.000249617)
(0.106944 0.00127264 -0.00076337)
(0.107997 0.00111217 -0.000873926)
(0.104831 0.00113616 -0.000938498)
(0.107261 0.00121353 -0.000718797)
(0.108389 0.00105534 -0.00083331)
(0.105036 0.00106512 -0.000905523)
(0.107589 0.00115381 -0.000680677)
(0.108782 0.00100191 -0.000802643)
(0.105252 0.000989828 -0.000889519)
(0.107932 0.00109109 -0.000642166)
(0.109181 0.000946597 -0.0007793)
(0.105482 0.000905592 -0.000887927)
(0.108291 0.00103725 -0.000590196)
(0.109596 0.000887129 -0.000754065)
(0.10573 0.000805323 -0.000883399)
(0.110075 0.000840415 -0.000711571)
(0.106089 0.000711757 -0.000837462)
(0.109516 0.000895869 -0.000950124)
(0.109855 0.000638144 -0.00100566)
(0.107968 0.000840834 -0.00118227)
(0.109988 0.000846102 -0.000924029)
(0.110376 0.000602473 -0.000974114)
(0.108344 0.000785161 -0.00116206)
(0.110457 0.000798851 -0.000908906)
(0.110886 0.000571124 -0.000954395)
(0.108716 0.000735219 -0.00116068)
(0.110928 0.000750112 -0.000899904)
(0.111391 0.000540685 -0.000944241)
(0.10909 0.00068557 -0.00117524)
(0.111401 0.000703269 -0.000885619)
(0.111904 0.000509408 -0.000936423)
(0.109473 0.000634419 -0.00119478)
(0.112468 0.000481351 -0.000919933)
(0.109936 0.000582518 -0.00118758)
(0.110732 0.000336155 -0.00103076)
(0.110452 -6.98337e-07 -0.00103593)
(0.109452 0.000332952 -0.00128603)
(0.111292 0.000319126 -0.0010056)
(0.11102 -7.577e-07 -0.000999818)
(0.109934 0.000319151 -0.00126285)
(0.111841 0.000304524 -0.000990836)
(0.111574 9.44969e-08 -0.000974102)
(0.110402 0.000311861 -0.00125445)
(0.112382 0.000291088 -0.000981832)
(0.112119 2.16825e-06 -0.000955614)
(0.110862 0.000310024 -0.00125949)
(0.112917 0.000278171 -0.000971838)
(0.112667 5.06611e-06 -0.00093899)
(0.111325 0.000311277 -0.00126974)
(0.113258 8.14012e-06 -0.000922237)
(0.111844 0.000312956 -0.00126991)
(0.11074 -0.000339089 -0.00100499)
(0.109859 -0.000660898 -0.000972982)
(0.10947 -0.000307565 -0.00125546)
(0.111302 -0.000321724 -0.000968321)
(0.11038 -0.000635565 -0.000926019)
(0.10996 -0.000280149 -0.00121752)
(0.111853 -0.000304565 -0.00093888)
(0.110891 -0.000616328 -0.000886271)
(0.110441 -0.00025121 -0.00118954)
(0.112397 -0.000286218 -0.000912772)
(0.111398 -0.000601106 -0.000848915)
(0.110916 -0.00021867 -0.00116835)
(0.112936 -0.000266542 -0.000889389)
(0.111913 -0.000584549 -0.000810825)
(0.111396 -0.000180172 -0.00114883)
(0.112478 -0.000560242 -0.000777954)
(0.111923 -0.000137802 -0.00113561)
(0.109035 -0.000988503 -0.00095201)
(0.107584 -0.00122062 -0.000904356)
(0.107603 -0.00092613 -0.00117579)
(0.109516 -0.00095001 -0.000895601)
(0.107968 -0.00118217 -0.000840592)
(0.107998 -0.000873815 -0.00111196)
(0.109988 -0.000923899 -0.000845778)
(0.108344 -0.00116194 -0.000784868)
(0.108389 -0.000833193 -0.0010551)
(0.110457 -0.000908758 -0.000798444)
(0.108717 -0.00116055 -0.000734856)
(0.108782 -0.000802515 -0.00100163)
(0.110928 -0.000899735 -0.000749585)
(0.10909 -0.00117511 -0.000685095)
(0.109181 -0.000779154 -0.000946247)
(0.111401 -0.000885418 -0.000702585)
(0.109473 -0.00119465 -0.000633774)
(0.109597 -0.000753881 -0.000886666)
(0.109937 -0.00118745 -0.000581639)
(0.110075 -0.000711277 -0.000839769)
(0.106587 -0.00141105 -0.000798037)
(0.104241 -0.00145548 -0.000804726)
(0.104619 -0.00127357 -0.000944564)
(0.106872 -0.00139213 -0.000735275)
(0.104372 -0.00144167 -0.000739704)
(0.104803 -0.00123867 -0.000869307)
(0.107155 -0.00139824 -0.000679714)
(0.104495 -0.00145421 -0.000684046)
(0.104993 -0.00122715 -0.000798656)
(0.107438 -0.00142783 -0.000627599)
(0.104606 -0.001498 -0.000637215)
(0.105191 -0.00124178 -0.000726898)
(0.10772 -0.00147056 -0.000575549)
(0.104705 -0.00156769 -0.000601519)
(0.105397 -0.00127879 -0.000647966)
(0.107997 -0.0014983 -0.000519522)
(0.104796 -0.00165304 -0.000572343)
(0.105615 -0.00131909 -0.000554224)
(0.105035 -0.00165998 -0.000531885)
(0.10596 -0.00131627 -0.000455431)
(0.102224 -0.00140887 -0.000740033)
(0.0964788 -0.0012384 -0.000849989)
(0.0994397 -0.001204 -0.000799068)
(0.102206 -0.0014205 -0.000681393)
(0.0961276 -0.00125153 -0.000792134)
(0.0993003 -0.00120069 -0.000722716)
(0.102173 -0.00146095 -0.000633178)
(0.0957518 -0.00128367 -0.000749414)
(0.0991612 -0.00122364 -0.000651167)
(0.102116 -0.00153113 -0.000600509)
(0.0953352 -0.00134272 -0.000725857)
(0.0990086 -0.00127993 -0.000582807)
(0.10203 -0.00162476 -0.000584177)
(0.0948658 -0.00143421 -0.000733072)
(0.0988309 -0.00137176 -0.000518502)
(0.101901 -0.00166427 -0.000566016)
(0.0943111 -0.00154517 -0.000764954)
(0.0986137 -0.00147309 -0.00043829)
(0.0937393 -0.00153083 -0.00093333)
(0.098662 -0.00144641 -0.000331538)
(0.0910972 -0.00118434 -0.000906498)
(0.0867981 -0.00103094 -0.000998886)
(0.09043 -0.00121181 -0.000862738)
(0.0859502 -0.00104879 -0.000930927)
(0.0897149 -0.00126051 -0.000842619)
(0.0850826 -0.00108444 -0.000875056)
(0.0889276 -0.00134182 -0.000856263)
(0.0841671 -0.0011486 -0.000837459)
(0.0880399 -0.00145914 -0.00090897)
(0.0831561 -0.00125993 -0.000832061)
(0.0870592 -0.00153527 -0.00111656)
(0.0819826 -0.00141529 -0.000891823)
(0.0806091 -0.00159565 -0.00119982)
(0.0814912 0.000851785 -0.00102518)
(0.0887511 0.00082809 -0.000955061)
(0.0734384 0.000600313 -0.000880493)
(0.0806899 0.000816253 -0.000941023)
(0.088219 0.000790015 -0.000895979)
(0.0724164 0.000570275 -0.000845306)
(0.080016 0.000742007 -0.000825862)
(0.0877622 0.000721094 -0.000829308)
(0.0715087 0.000508971 -0.000809945)
(0.0795055 0.000613621 -0.000649824)
(0.0874038 0.000596435 -0.00073753)
(0.070784 0.000357668 -0.000721119)
(0.0792093 0.000382567 -0.000202211)
(0.0871609 0.000409893 -0.000596394)
(0.0704257 0.000148372 -0.000561172)
(0.0868132 0.000127869 -0.000156674)
(0.0690116 -0.000296593 1.2745e-05)
(0.0966851 0.000857203 -0.000837152)
(0.0997146 0.000963566 -0.000975547)
(0.0918095 0.000590322 -0.000694726)
(0.0965485 0.000779911 -0.000798451)
(0.0996802 0.000888782 -0.000945751)
(0.0914416 0.000513434 -0.000680775)
(0.0964566 0.000666928 -0.000764368)
(0.0996764 0.000794937 -0.000930998)
(0.091114 0.000405285 -0.000686044)
(0.0964025 0.000501643 -0.000724277)
(0.0997019 0.000671343 -0.000929668)
(0.0908141 0.000239316 -0.000713888)
(0.0963615 0.000289589 -0.000625825)
(0.0997442 0.000504035 -0.000920817)
(0.0905111 -5.23795e-05 -0.000723708)
(0.0999275 0.000330574 -0.000837849)
(0.0904655 -0.000590422 -0.000611319)
(0.103053 0.00094191 -0.00108616)
(0.104803 0.000869528 -0.00123878)
(0.0996401 0.000877099 -0.0010917)
(0.103166 0.000855979 -0.00108343)
(0.104993 0.000798897 -0.00122725)
(0.09956 0.00079341 -0.001099)
(0.103292 0.000757924 -0.00110558)
(0.105191 0.000727172 -0.00124187)
(0.0994839 0.000702014 -0.00113889)
(0.103431 0.000638653 -0.0011403)
(0.105397 0.000648313 -0.00127887)
(0.0994008 0.000595357 -0.00121564)
(0.103569 0.000502793 -0.00115059)
(0.105614 0.000554726 -0.00131917)
(0.0992961 0.000451123 -0.00129734)
(0.10596 0.000456462 -0.00131661)
(0.0994397 0.00027835 -0.00130343)
(0.106872 0.000735542 -0.00139224)
(0.107605 0.000549771 -0.0014584)
(0.104372 0.00073991 -0.00144175)
(0.107155 0.000680046 -0.00139836)
(0.107945 0.000515439 -0.00144763)
(0.104495 0.000684323 -0.00145433)
(0.107437 0.000628031 -0.00142794)
(0.108279 0.000488832 -0.00145865)
(0.104606 0.000637575 -0.00149815)
(0.107719 0.000576142 -0.00147067)
(0.10861 0.000467715 -0.00148902)
(0.104705 0.000601993 -0.00156783)
(0.107997 0.000520361 -0.00149841)
(0.108948 0.000449673 -0.00152625)
(0.104795 0.000572997 -0.00165308)
(0.109369 0.000425958 -0.00153818)
(0.105035 0.000532808 -0.00165999)
(0.108707 0.000316711 -0.00151545)
(0.108522 2.72053e-05 -0.00150291)
(0.106564 0.000336428 -0.00157542)
(0.109102 0.000312333 -0.00150939)
(0.10893 4.1487e-05 -0.00147876)
(0.106824 0.000336975 -0.00157646)
(0.109487 0.000317306 -0.00152088)
(0.109328 6.25987e-05 -0.00146833)
(0.107068 0.000352825 -0.00159497)
(0.109865 0.000329502 -0.00154537)
(0.109722 9.14908e-05 -0.00147145)
(0.107299 0.000386207 -0.00163652)
(0.110239 0.000344645 -0.00156668)
(0.110122 0.000129091 -0.00148156)
(0.107522 0.00043449 -0.00169281)
(0.110579 0.000170179 -0.00148984)
(0.10784 0.000483792 -0.00171813)
(0.108744 -0.000251216 -0.00146622)
(0.107648 -0.000534174 -0.00139127)
(0.10661 -0.000242993 -0.00153328)
(0.109156 -0.000212809 -0.0014377)
(0.108011 -0.000490935 -0.00134435)
(0.106895 -0.000191988 -0.00151341)
(0.109564 -0.000169221 -0.0014189)
(0.108376 -0.000449078 -0.00130301)
(0.107174 -0.000130746 -0.0015021)
(0.109974 -0.000117508 -0.00140765)
(0.108746 -0.000405571 -0.0012649)
(0.107447 -5.49959e-05 -0.001501)
(0.110389 -5.75556e-05 -0.00140473)
(0.10913 -0.000353697 -0.00122781)
(0.107719 4.00518e-05 -0.00151212)
(0.109572 -0.000285756 -0.00120668)
(0.108064 0.000144643 -0.00154488)
(0.106634 -0.000817141 -0.00133498)
(0.104637 -0.000988359 -0.00120933)
(0.104309 -0.000800315 -0.0013942)
(0.106944 -0.000763255 -0.00127245)
(0.104831 -0.00093839 -0.00113597)
(0.104478 -0.000729719 -0.00134279)
(0.107261 -0.000718681 -0.00121332)
(0.105036 -0.000905426 -0.00106493)
(0.104658 -0.000663094 -0.0012945)
(0.107589 -0.00068055 -0.00115358)
(0.105253 -0.000889434 -0.00098962)
(0.104852 -0.000595719 -0.00124382)
(0.107932 -0.000642004 -0.00109079)
(0.105483 -0.000887844 -0.000905346)
(0.105061 -0.000520852 -0.0011868)
(0.108292 -0.000589919 -0.0010368)
(0.105731 -0.000883276 -0.000804968)
(0.105283 -0.000426658 -0.00112551)
(0.10609 -0.000836935 -0.00071096)
(0.10558 -0.000298379 -0.00109887)
(0.102958 -0.00111309 -0.0010226)
(0.0997344 -0.00111066 -0.000960236)
(0.0997807 -0.00102129 -0.00103212)
(0.103054 -0.00108606 -0.000941712)
(0.0996404 -0.00109163 -0.00087695)
(0.0997148 -0.000975412 -0.00096337)
(0.103166 -0.00108335 -0.000855777)
(0.0995602 -0.00109893 -0.000793242)
(0.0996805 -0.000945656 -0.000888633)
(0.103293 -0.00110552 -0.000757701)
(0.0994842 -0.00113883 -0.000701831)
(0.0996767 -0.00093093 -0.000794816)
(0.103432 -0.00114024 -0.000638349)
(0.0994012 -0.00121562 -0.00059516)
(0.0997024 -0.000929626 -0.000671242)
(0.10357 -0.00115027 -0.000502105)
(0.0992968 -0.00129769 -0.000451103)
(0.099745 -0.0009207 -0.000503835)
(0.0994402 -0.00130328 -0.000277756)
(0.0999283 -0.000836585 -0.000329005)
(0.0967527 -0.00101844 -0.000811003)
(0.0892215 -0.00091101 -0.000979217)
(0.092184 -0.000728447 -0.000648784)
(0.0965024 -0.00102682 -0.000724217)
(0.0885508 -0.00092363 -0.000897881)
(0.0917442 -0.000717593 -0.000573413)
(0.0962545 -0.00106554 -0.000633516)
(0.0878823 -0.00095719 -0.000818555)
(0.091336 -0.000729916 -0.000481491)
(0.0959923 -0.00114217 -0.000530803)
(0.0871901 -0.00102229 -0.000738139)
(0.0909449 -0.000772491 -0.000365297)
(0.0956942 -0.00123937 -0.000395614)
(0.0864257 -0.00113398 -0.000655597)
(0.0905494 -0.000851653 -0.000204849)
(0.0953221 -0.00127023 -0.000208176)
(0.0855379 -0.00127023 -0.000575877)
(0.0901168 -0.000904837 5.51244e-05)
(0.0846958 -0.00141429 -0.000544928)
(0.0900372 -0.000800204 0.000483438)
(0.0821826 -0.000925607 -0.00107471)
(0.0744291 -0.000653139 -0.000874805)
(0.0811589 -0.000951829 -0.000997146)
(0.0732519 -0.000664164 -0.000802033)
(0.0801112 -0.00100218 -0.000924174)
(0.0720945 -0.000690974 -0.000717474)
(0.0789933 -0.00109248 -0.000858436)
(0.0709329 -0.000742831 -0.000616706)
(0.0777319 -0.0012298 -0.00082063)
(0.0697107 -0.000834381 -0.000491338)
(0.0762344 -0.00145278 -0.000874891)
(0.0683712 -0.000951495 -0.000331225)
(0.0668792 -0.00141681 -0.00024671)
(0.0659946 0.000326467 -0.000621056)
(0.0758594 0.000239731 -0.000502601)
(0.0542105 0.000127664 -0.000286205)
(0.0648867 0.000268562 -0.000615007)
(0.0749696 0.000179981 -0.00050002)
(0.0531373 0.000100647 -0.000297436)
(0.0639313 0.000137597 -0.000599048)
(0.0741656 7.91166e-05 -0.000513201)
(0.05218 3.84741e-05 -0.00033708)
(0.0633085 -4.65519e-05 -0.000613772)
(0.0734867 -0.000117665 -0.000522308)
(0.0513916 -8.7158e-05 -0.000413829)
(0.0633984 -0.00037654 -0.000503128)
(0.0730778 -0.000506652 -0.000508507)
(0.051018 -0.000239222 -0.000614285)
(0.0719061 -0.0018272 3.94136e-05)
(0.0493765 -0.00112048 -0.000287789)
(0.0872405 0.000250423 -0.00043048)
(0.0917439 0.000573527 -0.000717681)
(0.0757843 0.000384639 -0.000345434)
(0.0867101 0.000143157 -0.000450535)
(0.0913356 0.000481582 -0.00072997)
(0.0748387 0.000293939 -0.000371214)
(0.0862145 -1.79165e-05 -0.000500051)
(0.0909445 0.00036537 -0.000772526)
(0.0739225 0.000172946 -0.000426391)
(0.0857196 -0.000312261 -0.000533743)
(0.0905488 0.000204864 -0.000851632)
(0.073002 -1.55547e-06 -0.000520057)
(0.085144 -0.000932959 -0.000419081)
(0.0901164 -5.54898e-05 -0.000904378)
(0.0720361 -0.000331541 -0.000581083)
(0.0900359 -0.000482943 -0.000800961)
(0.0711682 -0.000956684 -0.000774145)
(0.0965021 0.000724338 -0.00102685)
(0.0993001 0.000722864 -0.00120073)
(0.0885504 0.000897971 -0.000923661)
(0.0962542 0.000633665 -0.00106558)
(0.0991609 0.000651364 -0.00122372)
(0.0878818 0.000818688 -0.000957273)
(0.0959919 0.000530961 -0.00114219)
(0.0990083 0.000583051 -0.00128003)
(0.0871894 0.000738327 -0.00102243)
(0.0956937 0.000395549 -0.00123902)
(0.0988306 0.000518789 -0.00137185)
(0.0864247 0.000655817 -0.00113413)
(0.0953214 0.000208146 -0.00126978)
(0.0986132 0.000438424 -0.00147275)
(0.0855369 0.000575918 -0.00127016)
(0.0986617 0.000332109 -0.00144627)
(0.0846937 0.00054494 -0.00141426)
(0.102206 0.00068161 -0.00142059)
(0.10347 0.000543259 -0.00148385)
(0.0961272 0.00079233 -0.00125164)
(0.102173 0.000633485 -0.0014611)
(0.103521 0.000521487 -0.00150224)
(0.0957514 0.000749694 -0.00128384)
(0.102116 0.000600914 -0.00153131)
(0.103554 0.000515744 -0.00154499)
(0.0953346 0.000726223 -0.00134298)
(0.10203 0.000584718 -0.00162488)
(0.103564 0.000532588 -0.00161318)
(0.0948651 0.000733513 -0.00143454)
(0.101901 0.000566761 -0.00166424)
(0.103552 0.000565709 -0.00169736)
(0.0943102 0.00076553 -0.00154552)
(0.103699 0.000584792 -0.00168984)
(0.0937383 0.000933841 -0.00153102)
(0.10484 0.000352617 -0.00156642)
(0.104805 6.8626e-05 -0.00154091)
(0.0994428 0.000362735 -0.00134584)
(0.104961 0.000372231 -0.00158643)
(0.104953 0.000106334 -0.00154251)
(0.0992806 0.000382855 -0.00137431)
(0.105064 0.00041466 -0.0016263)
(0.105088 0.000161868 -0.00155552)
(0.0990854 0.000428444 -0.00141755)
(0.105143 0.00048135 -0.00168427)
(0.10521 0.000241445 -0.00158439)
(0.0988545 0.000510107 -0.00147558)
(0.105188 0.00056033 -0.00172213)
(0.105317 0.000346749 -0.00162533)
(0.0985651 0.000621529 -0.00153531)
(0.105533 0.000456708 -0.00165198)
(0.0982741 0.000821721 -0.00153826)
(0.104919 -0.00018418 -0.001517)
(0.103577 -0.000457403 -0.00141662)
(0.099521 -0.000212408 -0.00131251)
(0.105081 -0.000111676 -0.0015116)
(0.103688 -0.000382606 -0.00139382)
(0.0994038 -0.000145519 -0.00132066)
(0.105236 -2.01122e-05 -0.00151362)
(0.103804 -0.000294325 -0.00137165)
(0.0992695 -5.76561e-05 -0.00133283)
(0.10538 9.6619e-05 -0.00152545)
(0.103926 -0.000185001 -0.00134815)
(0.0991165 6.11505e-05 -0.00134855)
(0.105509 0.00023373 -0.00155518)
(0.104047 -4.37498e-05 -0.00132789)
(0.0989374 0.000213478 -0.00137125)
(0.104256 0.000129904 -0.00133916)
(0.0987941 0.000398131 -0.00143752)
(0.102345 -0.000709765 -0.00133339)
(0.0995315 -0.000816992 -0.00113618)
(0.096598 -0.000809539 -0.00119499)
(0.102396 -0.000627836 -0.00129631)
(0.0994457 -0.000748384 -0.00108901)
(0.096319 -0.000721172 -0.00117841)
(0.102465 -0.000540585 -0.00125768)
(0.0993913 -0.000684006 -0.00103797)
(0.0960559 -0.000625713 -0.00115983)
(0.10255 -0.000439575 -0.0012114)
(0.0993682 -0.000617596 -0.000970254)
(0.0958091 -0.000509981 -0.00113228)
(0.102652 -0.000313288 -0.00115778)
(0.0993767 -0.000542523 -0.000874244)
(0.0955805 -0.000355898 -0.00109144)
(0.102764 -0.000147825 -0.00112142)
(0.0993983 -0.000437901 -0.000743522)
(0.0953713 -0.000142609 -0.00104725)
(0.0995263 -0.000248382 -0.000611454)
(0.0952218 0.000139792 -0.0010714)
(0.0968662 -0.000883643 -0.000916157)
(0.0922248 -0.000724544 -0.000648673)
(0.089342 -0.0010173 -0.000854005)
(0.0966854 -0.000837025 -0.000857051)
(0.0918098 -0.00069458 -0.000590156)
(0.0887513 -0.000954992 -0.000828033)
(0.0965489 -0.000798368 -0.000779835)
(0.0914419 -0.000680692 -0.000513355)
(0.0882193 -0.000895921 -0.000789985)
(0.096457 -0.000764321 -0.000666927)
(0.0911144 -0.000685985 -0.000405269)
(0.0877625 -0.000829258 -0.000721118)
(0.0964031 -0.000724197 -0.000501677)
(0.0908147 -0.000713884 -0.000239396)
(0.0874041 -0.000737521 -0.000596598)
(0.0963627 -0.000624821 -0.000288636)
(0.0905116 -0.000723773 5.21538e-05)
(0.0871611 -0.000596383 -0.000410284)
(0.0904672 -0.000609651 0.000591899)
(0.0868138 -0.000156594 -0.000127943)
(0.0878141 -0.0004349 -0.00032655)
(0.0767745 -0.00033971 -0.000446606)
(0.0768185 -0.000520469 -0.000270217)
(0.0872409 -0.00043037 -0.000250325)
(0.0757847 -0.000345359 -0.000384586)
(0.0758597 -0.0005025 -0.000239686)
(0.0867106 -0.000450488 -0.000143139)
(0.0748391 -0.000371154 -0.00029393)
(0.07497 -0.000499937 -0.000179968)
(0.0862151 -0.000500054 1.78507e-05)
(0.0739232 -0.000426323 -0.000172965)
(0.0741661 -0.000513117 -7.91429e-05)
(0.0857202 -0.000533882 0.000312002)
(0.0730029 -0.000519992 1.4649e-06)
(0.0734873 -0.000522254 0.00011752)
(0.0851446 -0.000418352 0.00093333)
(0.0720366 -0.000581129 0.000331254)
(0.0730778 -0.000508558 0.000506165)
(0.0711707 -0.000772904 0.000957021)
(0.0719077 3.98341e-05 0.00182693)
(0.0670984 -0.000401926 -0.000543047)
(0.0553445 -0.000203116 -0.000204598)
(0.0658146 -0.000412641 -0.00045763)
(0.0541568 -0.000206982 -0.000154489)
(0.0645663 -0.00043963 -0.000340275)
(0.0530435 -0.000218904 -9.1512e-05)
(0.0633292 -0.000495473 -0.000186841)
(0.0520056 -0.000259236 5.01975e-06)
(0.0620551 -0.000570457 4.75849e-05)
(0.0510435 -0.000325611 0.000164831)
(0.0607131 -0.000876051 0.000416826)
(0.0502688 -0.000383337 0.000491388)
(0.0488473 2.49542e-05 0.00179778)
(0.0454363 1.67572e-05 -0.000148032)
(0.0541564 0.000154484 -0.000207022)
(0.0444749 -2.76826e-05 -0.000179537)
(0.0530431 9.14767e-05 -0.000218934)
(0.0436298 -0.000124629 -0.000239636)
(0.052005 -5.07823e-06 -0.000259271)
(0.0429815 -0.000309261 -0.000330701)
(0.0510428 -0.000164958 -0.000325639)
(0.0426361 -0.00111771 -1.33477e-05)
(0.0502684 -0.00049165 -0.000383327)
(0.0488455 -0.0017981 2.45651e-05)
(0.0658141 0.000457609 -0.000412682)
(0.0732514 0.000802039 -0.000664189)
(0.0645657 0.000340238 -0.000439675)
(0.0720939 0.000717513 -0.00069103)
(0.0633284 0.000186749 -0.000495489)
(0.070932 0.000616776 -0.00074292)
(0.0620541 -4.78059e-05 -0.000570379)
(0.0697095 0.00049137 -0.000834424)
(0.0607121 -0.000417261 -0.00087611)
(0.0683702 0.000331098 -0.000951461)
(0.0668762 0.000246107 -0.00141686)
(0.0811583 0.00099724 -0.000951875)
(0.0859497 0.000931078 -0.00104886)
(0.0801104 0.000924323 -0.00100228)
(0.085082 0.000875265 -0.00108455)
(0.0789921 0.00085864 -0.0010926)
(0.0841663 0.00083774 -0.00114878)
(0.0777304 0.000820856 -0.00122993)
(0.0831548 0.000832388 -0.00126013)
(0.0762324 0.0008749 -0.00145284)
(0.0819813 0.000892274 -0.00141557)
(0.0806065 0.00119988 -0.00159579)
(0.0904295 0.000862986 -0.00121195)
(0.0926774 0.000654367 -0.00120833)
(0.0897142 0.000842944 -0.00126071)
(0.0921195 0.00065365 -0.00124713)
(0.0889267 0.000856644 -0.00134208)
(0.0915091 0.000682361 -0.00130671)
(0.0880387 0.000909417 -0.00145947)
(0.0908345 0.000755883 -0.00139328)
(0.0870576 0.00111689 -0.00153561)
(0.0900429 0.000865324 -0.00149974)
(0.0890932 0.00118041 -0.00151789)
(0.0944815 0.000394326 -0.00123987)
(0.0947375 8.64299e-05 -0.00120176)
(0.0940349 0.000438927 -0.00128889)
(0.0943419 0.000136408 -0.00123165)
(0.0935353 0.00052162 -0.00135227)
(0.0939096 0.000213521 -0.00127136)
(0.0929766 0.000645537 -0.00142577)
(0.0934385 0.000331248 -0.00131874)
(0.092361 0.000871102 -0.00147443)
(0.0928997 0.000479481 -0.0013744)
(0.0922964 0.000726784 -0.00143222)
(0.0945999 -0.00017741 -0.00119354)
(0.0928398 -0.000517165 -0.00115746)
(0.094218 -9.55001e-05 -0.00121412)
(0.0923795 -0.000427812 -0.00116066)
(0.0938091 1.83734e-05 -0.00123783)
(0.0919145 -0.000311684 -0.00115966)
(0.0933702 0.000170518 -0.00126738)
(0.0914453 -0.000152456 -0.00115212)
(0.0928793 0.000366574 -0.00133219)
(0.0909716 6.95743e-05 -0.00114386)
(0.0905107 0.000327933 -0.00121843)
(0.0912787 -0.000826951 -0.00113257)
(0.0869424 -0.000980264 -0.000990195)
(0.0907246 -0.000724746 -0.00112324)
(0.0861905 -0.000892387 -0.000979242)
(0.0901866 -0.00060165 -0.00110583)
(0.085483 -0.000794178 -0.000960004)
(0.0896684 -0.000435589 -0.00107438)
(0.0848366 -0.000665769 -0.000919993)
(0.0891687 -0.00019943 -0.00102995)
(0.0842756 -0.000478276 -0.000842711)
(0.0886872 0.000123379 -0.00102839)
(0.0838335 -0.000218776 -0.000733079)
(0.08325 0.000299301 -0.000597033)
(0.0823781 -0.00110044 -0.000869662)
(0.0745391 -0.000926625 -0.000610995)
(0.0814915 -0.00102515 -0.000851774)
(0.0734386 -0.000880453 -0.000600305)
(0.0806901 -0.000940979 -0.000816263)
(0.0724167 -0.000845231 -0.000570259)
(0.0800162 -0.000825822 -0.000742093)
(0.071509 -0.000809828 -0.000508969)
(0.0795054 -0.000649809 -0.000613882)
(0.0707843 -0.000720991 -0.000357768)
(0.0792086 -0.000202878 -0.000383455)
(0.0704254 -0.000560971 -0.000148633)
(0.0690124 1.17839e-05 0.000295276)
(0.067203 -0.000637241 -0.000350216)
(0.0553762 -0.000284673 -0.00014823)
(0.0659949 -0.000620959 -0.000326449)
(0.0542108 -0.000286162 -0.000127662)
(0.0648871 -0.000614874 -0.00026854)
(0.0531377 -0.000297382 -0.000100652)
(0.0639317 -0.000598892 -0.00013763)
(0.0521804 -0.000336993 -3.84923e-05)
(0.0633088 -0.000613567 4.64044e-05)
(0.0513921 -0.000413677 8.71026e-05)
(0.0633982 -0.00050326 0.000375837)
(0.051018 -0.000614001 0.000239114)
(0.0493777 -0.000287376 0.00112006)
(0.0464992 -0.000138083 -4.73178e-05)
(0.0454366 -0.000147989 -1.6756e-05)
(0.0444752 -0.000179499 2.76548e-05)
(0.0436303 -0.000239574 0.00012457)
(0.0429819 -0.000330593 0.000309154)
(0.0426365 -1.30785e-05 0.0011175)
(0.039784 -0.00152401 -6.03612e-06)
(0.0452618 -0.00236539 -2.79087e-05)
(0.0500825 -0.00207801 -0.000406443)
(0.0349662 -0.00063032 0.000364844)
(0.0419779 -0.0011548 0.000440203)
(0.0450091 -0.00165443 -4.71167e-05)
(0.032925 -0.000211318 0.000363527)
(0.040443 -0.000251594 0.000552411)
(0.0421362 -0.00122706 -1.41328e-05)
(0.0393343 1.66843e-05 0.000445188)
(0.0400204 -0.000923892 -1.68754e-05)
(0.0516819 -0.0014264 0.000781887)
(0.057955 -0.00114226 0.000949439)
(0.063549 -0.00201645 0.000272197)
(0.0505862 -0.000847816 0.000680391)
(0.0578719 -0.000933466 0.000706343)
(0.0637112 -0.00202252 0.000197006)
(0.0499129 -0.000163279 0.000631963)
(0.05769 -0.000305576 0.000620026)
(0.063414 -0.00121974 0.000363618)
(0.0627979 -0.000692721 0.000386917)
(0.0668862 -0.000624858 0.000869876)
(0.0775899 -0.000856181 0.000673729)
(0.0669033 -0.00047507 0.000611542)
(0.0779412 -0.00101256 0.000304776)
(0.0781197 -0.000757753 0.000222947)
(0.0622636 -0.0026112 -0.000810953)
(0.0702674 -0.00333108 -0.000789952)
(0.0707408 -0.00273977 -0.00148495)
(0.0566337 -0.00262846 -0.000593013)
(0.0679357 -0.00299148 -0.000564895)
(0.0667317 -0.00309759 -0.00106318)
(0.0528246 -0.00207665 -0.000261281)
(0.0657739 -0.00213117 -0.000129599)
(0.0632302 -0.00257957 -0.000407653)
(0.0637542 -0.00141922 0.000124963)
(0.0798321 -0.00258182 -0.000197944)
(0.0845031 -0.00171379 0.000106295)
(0.085851 -0.00233978 -0.000406496)
(0.0799518 -0.00245806 -3.32366e-05)
(0.0851548 -0.00208803 -5.78354e-05)
(0.086498 -0.00281012 -0.000323825)
(0.0794149 -0.00183697 0.0002157)
(0.0851957 -0.00179672 6.03726e-05)
(0.0864233 -0.00248254 -8.54253e-06)
(0.090727 -0.00116747 0.000274983)
(0.0954507 -0.00127206 0.000141613)
(0.091223 -0.00125665 5.20864e-05)
(0.0959243 -0.00154161 -2.08295e-05)
(0.0962347 -0.001539 -4.97471e-05)
(0.0792283 -0.00313343 -0.00160299)
(0.086326 -0.00285171 -0.00131674)
(0.0841454 -0.00256647 -0.00171665)
(0.0757182 -0.00332759 -0.00124788)
(0.0849211 -0.00335129 -0.00115153)
(0.0818089 -0.00327709 -0.00167708)
(0.0832094 -0.00298202 -0.000677075)
(0.0792895 -0.0031409 -0.00125906)
(0.0937094 -0.00267317 -0.000750832)
(0.0969878 -0.00197161 -0.000553177)
(0.0969564 -0.00223183 -0.000796513)
(0.0940382 -0.00297659 -0.000522407)
(0.097456 -0.0025268 -0.000489899)
(0.0974341 -0.00285558 -0.00077621)
(0.0976347 -0.00255701 -0.000282291)
(0.0975263 -0.00291216 -0.000553334)
(0.10099 -0.00171182 -0.000262604)
(0.1037 -0.00163662 -0.000321079)
(0.101436 -0.00190004 -0.000227577)
(0.104072 -0.00191096 -0.000301213)
(0.104425 -0.00204047 -0.000268797)
(0.0880639 -0.00261202 -0.0016675)
(0.0943008 -0.00232186 -0.00126838)
(0.0862932 -0.00299719 -0.00156674)
(0.0936884 -0.00284552 -0.00129516)
(0.0928326 -0.00286232 -0.00111492)
(0.100926 -0.00240809 -0.000841057)
(0.103605 -0.00195659 -0.000647655)
(0.101272 -0.00277104 -0.000795843)
(0.103988 -0.00240328 -0.000629255)
(0.104244 -0.00259778 -0.000556044)
(0.106798 -0.00186069 -0.000419068)
(0.107198 -0.00206755 -0.000375335)
)
;

boundaryField
{
    inlet
    {
        type            calculated;
        value           nonuniform List<vector> 0();
    }
    ami1
    {
        type            cyclicAMI;
        value           nonuniform List<vector> 
100
(
(0.0462761 0.000532792 -0.00129724)
(0.0649781 0.000414595 -0.00067574)
(0.079108 -0.000109342 0.00024979)
(0.0880384 -0.000424076 0.00105796)
(0.0923539 -0.000689438 0.00151214)
(0.0917767 -0.00118136 0.00179284)
(0.0860826 -0.0013592 0.00204304)
(0.0744432 -0.000853413 0.00201083)
(0.0580046 0.000345342 0.00157939)
(0.0462797 0.00129756 0.000532255)
(0.0580004 0.00157986 -0.000344933)
(0.0840176 0.000721695 -0.000923798)
(0.0961819 0.000507116 0.00024235)
(0.102868 -5.72761e-06 0.00113459)
(0.105616 -0.000337117 0.00160981)
(0.105174 -0.000604568 0.00181428)
(0.101704 -0.00058853 0.00181264)
(0.0948445 -0.000164546 0.00150748)
(0.0840187 0.000924615 0.000720849)
(0.0649805 0.000676361 0.000414106)
(0.0744397 0.00201143 0.000854123)
(0.0948446 0.00150768 0.000165097)
(0.103678 0.00110089 0.000415556)
(0.108663 0.000518938 0.000993588)
(0.110812 1.39872e-05 0.00138449)
(0.110593 -0.00034221 0.00154085)
(0.108242 -0.000472554 0.00146195)
(0.103678 -0.000414977 0.00110107)
(0.096182 -0.000241552 0.000506778)
(0.0791094 -0.000249049 -0.000109151)
(0.0860805 0.00204427 0.00136056)
(0.101705 0.00181287 0.000588806)
(0.108243 0.00146175 0.000472704)
(0.111872 0.000859047 0.000658352)
(0.113464 0.00025334 0.000860273)
(0.113444 -0.000261259 0.000951801)
(0.111871 -0.000658085 0.000859384)
(0.108663 -0.000993148 0.000519145)
(0.102868 -0.00113452 -6.00035e-06)
(0.0880403 -0.00105691 -0.000423251)
(0.0917762 0.00179356 0.0011827)
(0.105175 0.00181511 0.000604782)
(0.110593 0.00154091 0.000342219)
(0.113444 0.000951782 0.000261565)
(0.114684 0.000316627 0.000289921)
(0.114684 -0.000289429 0.000316787)
(0.113464 -0.000859977 0.000253769)
(0.110812 -0.00138464 1.43889e-05)
(0.105615 -0.00161199 -0.000337262)
(0.092358 -0.00151133 -0.00068983)
(0.0923542 0.00151193 0.000690332)
(0.105615 0.00161057 0.00033733)
(0.110811 0.00138492 -1.37186e-05)
(0.113464 0.000860418 -0.000252898)
(0.114684 0.000289956 -0.000316091)
(0.114684 -0.00031603 -0.000289239)
(0.113445 -0.00095128 -0.000260723)
(0.110594 -0.00154082 -0.000341349)
(0.105175 -0.00181691 -0.000604286)
(0.0917778 -0.00179386 -0.00118319)
(0.0880392 0.00105753 0.000424663)
(0.102867 0.00113518 5.88012e-06)
(0.108663 0.000994045 -0.000518507)
(0.111872 0.000658659 -0.000858518)
(0.113444 0.000261684 -0.000951257)
(0.113464 -0.000252648 -0.000859867)
(0.111873 -0.000858289 -0.000657896)
(0.108244 -0.00146116 -0.000472098)
(0.101706 -0.00181309 -0.000588504)
(0.0860818 -0.00204463 -0.0013612)
(0.0791087 0.000249419 0.000109608)
(0.0961816 0.000243087 -0.000507281)
(0.103679 0.00041601 -0.00110044)
(0.108243 0.000472946 -0.00146107)
(0.110594 0.000342407 -0.0015406)
(0.110812 -1.33787e-05 -0.00138461)
(0.108664 -0.000518278 -0.000993572)
(0.103679 -0.0011004 -0.000415463)
(0.0948453 -0.00150786 -0.000165356)
(0.0744413 -0.00201181 -0.000854746)
(0.0649783 -0.000675541 -0.00041493)
(0.0840173 -0.000923588 -0.000721677)
(0.0948445 0.000165151 -0.00150696)
(0.101706 0.000589058 -0.00181233)
(0.105175 0.000605223 -0.00181529)
(0.105616 0.00033783 -0.00161067)
(0.102868 6.39066e-06 -0.00113509)
(0.0961837 -0.000506064 -0.000242235)
(0.0840192 -0.000720779 0.000924007)
(0.0580016 -0.00157973 0.000344374)
(0.0462762 -0.00129705 -0.000533345)
(0.0579996 -0.000344952 -0.00157987)
(0.0744388 0.000854347 -0.00201123)
(0.0860802 0.00136142 -0.00204445)
(0.0917766 0.00118349 -0.00179392)
(0.0923553 0.000690516 -0.0015122)
(0.0880398 0.000424034 -0.00105816)
(0.0791078 0.000108667 -0.000250593)
(0.0649764 -0.00041534 0.000674375)
(0.0462767 -0.000532853 0.00129649)
)
;
    }
    walls
    {
        type            calculated;
        value           uniform (0 0 0);
    }
    ami2
    {
        type            cyclicAMI;
        value           nonuniform List<vector> 
12
(
(0.0488863 -0.00150091 0.000228808)
(0.0513271 -0.000929181 0.00107842)
(0.0662314 -0.000446172 0.000979991)
(0.0678897 -0.00195758 -0.000794276)
(0.0789454 -0.00179201 -6.43277e-05)
(0.0904794 -0.000829659 0.000610855)
(0.0819238 -0.00217017 -0.00146086)
(0.0932424 -0.00191914 -0.000717748)
(0.100891 -0.00144797 -0.000293745)
(0.0893509 -0.00188035 -0.00136643)
(0.100615 -0.00189127 -0.000772328)
(0.106586 -0.00166077 -0.000475643)
)
;
    }
    outlet
    {
        type            calculated;
        value           nonuniform List<vector> 0();
    }
    procBoundary2to0
    {
        type            processor;
        value           nonuniform List<vector> 
28
(
(0.0318485 -0.000130029 0.000239189)
(0.0495989 4.35589e-05 0.000476694)
(0.0573277 -9.35915e-05 0.000447443)
(0.0713317 -0.000384804 0.000586822)
(0.0714483 -0.00052905 0.000383513)
(0.0666834 -0.000241627 0.000412141)
(0.0716317 -0.000253575 0.00025373)
(0.0504081 -0.00141746 -4.22199e-05)
(0.0600834 -0.00205723 -7.54935e-05)
(0.0787602 -0.00127206 0.000331728)
(0.0848572 -0.00135421 0.000168056)
(0.0858662 -0.00198221 0.000219127)
(0.0939707 -0.000739897 9.89333e-05)
(0.0943521 -0.000890504 -0.000138437)
(0.0914709 -0.00111784 1.55214e-05)
(0.094607 -0.000856459 -0.000196003)
(0.0722527 -0.00296962 -0.000733239)
(0.0938796 -0.00279138 -0.000203989)
(0.103209 -0.00127059 -0.000383282)
(0.103602 -0.00143682 -0.000387046)
(0.101854 -0.00191816 -0.000163512)
(0.103966 -0.00150905 -0.000354446)
(0.0842611 -0.00296087 -0.00128126)
(0.101357 -0.0028374 -0.000662066)
(0.108416 -0.0014875 -0.000463092)
(0.108799 -0.00163507 -0.000414746)
(0.107626 -0.00217867 -0.000330547)
(0.109188 -0.0017536 -0.000386819)
)
;
    }
    procBoundary2to1
    {
        type            processor;
        value           nonuniform List<vector> 9((0.0899513 -0.00204616 -0.00139252) (0.088775 -0.00262751 -0.00160553) (0.0874212 -0.00276296 -0.00145734) (0.102397 -0.00202914 -0.000746137) (0.102759 -0.00245953 -0.000821425) (0.102946 -0.00263491 -0.00080019) (0.108109 -0.00171212 -0.000402136) (0.108478 -0.00191308 -0.000374415) (0.108843 -0.00206272 -0.000366227));
    }
    procBoundary2to3
    {
        type            processor;
        value           nonuniform List<vector> 
110
(
(0.0464989 0.000138196 4.72667e-05)
(0.0672027 0.000637423 0.00035016)
(0.0823778 0.00110062 0.000869615)
(0.0912785 0.000827176 0.00113254)
(0.094956 0.000240801 0.00117778)
(0.0948822 -0.000376259 0.00120612)
(0.0931958 -0.000677495 0.00118566)
(0.091736 -0.000968793 0.00117225)
(0.0832144 -0.0011569 0.000915183)
(0.0684272 -0.000610255 0.000400821)
(0.0476593 -8.0549e-05 0.000138739)
(0.067098 0.000402014 0.000542958)
(0.0878137 0.000435116 0.000326536)
(0.0968659 0.00088389 0.000916177)
(0.102345 0.000710038 0.00133341)
(0.104751 0.000243483 0.00153017)
(0.104701 -0.000350608 0.00156216)
(0.103404 -0.00057861 0.00148612)
(0.102233 -0.000809378 0.00142127)
(0.0970211 -0.000898767 0.00103316)
(0.0884404 -0.00038827 0.000458486)
(0.0684877 -0.00036109 0.000668071)
(0.0821821 0.0009257 0.00107469)
(0.0967523 0.00101857 0.000810975)
(0.102957 0.00111331 0.00102262)
(0.106634 0.0008174 0.00133502)
(0.108325 0.000287317 0.00150657)
(0.1083 -0.000329668 0.00153902)
(0.107255 -0.000591323 0.00148998)
(0.106296 -0.000869511 0.00145313)
(0.10288 -0.0011059 0.0011624)
(0.0970917 -0.000970714 0.000943317)
(0.0833301 -0.000882627 0.00117699)
(0.0910967 0.00118446 0.000906556)
(0.102223 0.001409 0.000740048)
(0.106587 0.00141126 0.000798088)
(0.109035 0.000988764 0.000952085)
(0.110161 0.000358219 0.0010515)
(0.110155 -0.000355727 0.00106864)
(0.109319 -0.000678735 0.00105047)
(0.108539 -0.00101663 0.00104054)
(0.106327 -0.00140548 0.000881848)
(0.10231 -0.0013753 0.000791884)
(0.0918467 -0.00114053 0.000923242)
(0.094882 0.00120619 0.000376493)
(0.104701 0.00156224 0.000350802)
(0.1083 0.00153911 0.000329837)
(0.110155 0.00106873 0.000355911)
(0.11099 0.000386595 0.000380814)
(0.11099 -0.000380615 0.000386516)
(0.110254 -0.000738715 0.000381531)
(0.109559 -0.00110808 0.000379841)
(0.107897 -0.00156095 0.000322136)
(0.104575 -0.00155696 0.000293649)
(0.0952872 -0.00116759 0.000293951)
(0.0949559 0.00117779 -0.000240576)
(0.104751 0.00153024 -0.000243287)
(0.108325 0.00150667 -0.000287146)
(0.110161 0.00105162 -0.000358038)
(0.11099 0.000380921 -0.000386394)
(0.11099 -0.000386296 -0.000380692)
(0.110251 -0.000747657 -0.00037844)
(0.109554 -0.00111923 -0.00037882)
(0.10788 -0.0015813 -0.000349999)
(0.104545 -0.00157688 -0.000362388)
(0.0952425 -0.00118494 -0.000377843)
(0.0912785 0.00113259 -0.000826958)
(0.102345 0.0013335 -0.000709865)
(0.106634 0.00133515 -0.000817246)
(0.109035 0.00095223 -0.000988604)
(0.110155 0.000356042 -0.00106855)
(0.110161 -0.000357921 -0.00105142)
(0.109322 -0.000693601 -0.00102901)
(0.108539 -0.00104038 -0.00101672)
(0.106296 -0.00145301 -0.000869611)
(0.102233 -0.0014212 -0.000809486)
(0.0917361 -0.00117221 -0.000968916)
(0.0823778 0.000869691 -0.00110046)
(0.096866 0.000916318 -0.000883764)
(0.102958 0.00102277 -0.00111319)
(0.106587 0.000798253 -0.00141114)
(0.1083 0.000329985 -0.00153898)
(0.108325 -0.000287019 -0.00150652)
(0.107284 -0.000581361 -0.00144758)
(0.106327 -0.000881688 -0.0014056)
(0.10288 -0.00116228 -0.00110602)
(0.0970212 -0.00103308 -0.000898887)
(0.0832145 -0.000915147 -0.00115703)
(0.0672027 0.000350226 -0.000637293)
(0.0878138 0.000326664 -0.00043502)
(0.0967524 0.000811116 -0.00101848)
(0.102223 0.000740198 -0.00140893)
(0.104701 0.000350942 -0.00156217)
(0.104751 -0.00024317 -0.00153016)
(0.103471 -0.000525369 -0.00144467)
(0.10231 -0.000791719 -0.00137541)
(0.0970917 -0.000943188 -0.000970845)
(0.0884405 -0.000458379 -0.000388381)
(0.0684272 -0.000400776 -0.000610368)
(0.046499 4.73396e-05 -0.000138118)
(0.067098 0.000543053 -0.000401961)
(0.0821822 0.0010748 -0.000925642)
(0.0910968 0.000906683 -0.00118443)
(0.0948822 0.000376589 -0.00120618)
(0.0949561 -0.000240527 -0.00117778)
(0.0932951 -0.000594337 -0.00115492)
(0.0918466 -0.000923051 -0.0011406)
(0.0833301 -0.00117685 -0.000882708)
(0.0684876 -0.000667946 -0.000361158)
(0.0476593 -0.000138673 -8.06226e-05)
)
;
    }
}


// ************************************************************************* //
