/*--------------------------------*- C++ -*----------------------------------*\
| =========                 |                                                 |
| \\      /  F ield         | OpenFOAM: The Open Source CFD Toolbox           |
|  \\    /   O peration     | Version:  2212                                  |
|   \\  /    A nd           | Website:  www.openfoam.com                      |
|    \\/     M anipulation  |                                                 |
\*---------------------------------------------------------------------------*/
FoamFile
{
    version     2.0;
    format      ascii;
    arch        "LSB;label=32;scalar=64";
    class       surfaceVectorField;
    location    "1";
    object      Uf;
}
// * * * * * * * * * * * * * * * * * * * * * * * * * * * * * * * * * * * * * //

dimensions      [0 1 -1 0 0 0 0];

internalField   nonuniform List<vector> 
1795
(
(0.0556164 0.000289742 0.00028602)
(0.0650535 0.000470148 0.000387231)
(0.0650525 0.00038941 0.000466587)
(0.0536285 0.000229898 0.000223822)
(0.0629704 0.000417335 0.000307547)
(0.0629687 0.000311063 0.000411354)
(0.0518859 0.000188012 0.000177936)
(0.0611389 0.000376248 0.00025457)
(0.0611359 0.000260304 0.000366234)
(0.0503399 0.000159163 0.00014254)
(0.0595004 0.000340367 0.000218873)
(0.0594951 0.000228947 0.000323594)
(0.0489592 0.000139231 0.000112855)
(0.0580223 0.000308867 0.000194087)
(0.0580128 0.000210732 0.000281222)
(0.0477165 0.000125694 8.43902e-05)
(0.0566796 0.000284277 0.000176823)
(0.0566635 0.00020022 0.000239424)
(0.0554524 0.000268516 0.000163475)
(0.0554262 0.000195842 0.000194644)
(0.0765604 0.000992962 0.000625265)
(0.0830642 0.0013709 0.000913507)
(0.0844831 0.000983461 0.000690542)
(0.0746572 0.000906536 0.000518458)
(0.0813302 0.00127737 0.000802101)
(0.0828844 0.000845929 0.000548407)
(0.0729337 0.000833277 0.000453173)
(0.0797557 0.00119208 0.000727323)
(0.0814549 0.000745785 0.000455082)
(0.0713548 0.000762754 0.000413374)
(0.0783134 0.00110877 0.000680846)
(0.0801635 0.000664393 0.00039069)
(0.0699004 0.000695606 0.000389568)
(0.0769829 0.00102664 0.000653029)
(0.0789848 0.000594128 0.0003436)
(0.0685557 0.000637493 0.000377605)
(0.0757477 0.000945786 0.000637874)
(0.0779015 0.000536726 0.000310479)
(0.0745989 0.000866169 0.00063126)
(0.0769087 0.000492677 0.000285534)
(0.0891558 0.00165373 0.00111405)
(0.0923715 0.00157466 0.00126582)
(0.0941511 0.0016436 0.00120357)
(0.0878114 0.00154728 0.00103269)
(0.0913373 0.00147772 0.00117251)
(0.0931709 0.00150295 0.00109554)
(0.086573 0.00143527 0.00097232)
(0.0903514 0.00136471 0.00110441)
(0.0922697 0.00137192 0.00101356)
(0.0854262 0.00132534 0.000933706)
(0.0894264 0.0012492 0.00105945)
(0.0914481 0.00125238 0.000956872)
(0.0843563 0.00121929 0.000912416)
(0.0885556 0.0011337 0.00103273)
(0.0906984 0.00114508 0.0009202)
(0.0833532 0.00111242 0.000903145)
(0.0877268 0.00101784 0.00102046)
(0.0900111 0.00104616 0.0008973)
(0.0869345 0.000896775 0.00101884)
(0.0893825 0.000948326 0.000882265)
(0.0948754 0.00134881 0.00132934)
(0.0959934 0.000912951 0.00137985)
(0.0985133 0.00139014 0.00151547)
(0.0942422 0.00128551 0.00125908)
(0.0955249 0.000895879 0.00127966)
(0.0981813 0.00129494 0.00142043)
(0.0936175 0.00119728 0.0012138)
(0.0950701 0.000858521 0.00121882)
(0.097837 0.00118684 0.00134453)
(0.0930047 0.00109196 0.00118508)
(0.0946143 0.000793174 0.00118756)
(0.0975032 0.00107462 0.00129226)
(0.0924023 0.000977324 0.00117049)
(0.0941565 0.000713078 0.00117659)
(0.0971829 0.000962838 0.00125895)
(0.0918066 0.000855063 0.0011684)
(0.0936908 0.000625072 0.00117921)
(0.0968724 0.000851138 0.00124086)
(0.0932064 0.000526023 0.00119427)
(0.0965694 0.000734298 0.00123655)
(0.0966737 0.000432136 0.00132984)
(0.0968291 -2.76931e-06 0.00138925)
(0.0999392 0.000481599 0.00157296)
(0.0963925 0.000420178 0.00123584)
(0.0965269 -4.66918e-06 0.00127137)
(0.0998986 0.000455338 0.00148213)
(0.096125 0.000399432 0.00118801)
(0.0962685 -7.81961e-06 0.00120199)
(0.0998652 0.000427448 0.00141999)
(0.0958432 0.000365354 0.00117542)
(0.0959876 -1.30532e-05 0.00117689)
(0.09981 0.000390803 0.00138255)
(0.0955334 0.000318583 0.00118283)
(0.0956826 -2.17207e-05 0.00117876)
(0.0997382 0.000345147 0.00135972)
(0.0951855 0.000258751 0.00120359)
(0.0953476 -3.61562e-05 0.00119531)
(0.0996473 0.00029201 0.00135319)
(0.0949629 -6.11235e-05 0.00122809)
(0.0995243 0.000228241 0.00136784)
(0.0966701 -0.000439175 0.00133077)
(0.095989 -0.000916995 0.00138057)
(0.0999367 -0.000486285 0.0015737)
(0.0963864 -0.00043197 0.00123751)
(0.0955173 -0.000902727 0.00128111)
(0.0998945 -0.000463225 0.00148341)
(0.0961146 -0.000419077 0.00119087)
(0.0950571 -0.000869754 0.00122169)
(0.0998583 -0.000440725 0.00142214)
(0.0958255 -0.000397931 0.00118023)
(0.0945923 -0.000811474 0.00119269)
(0.0997984 -0.000412952 0.00138598)
(0.095503 -0.000372552 0.00119124)
(0.0941193 -0.000742778 0.00118585)
(0.0997189 -0.000381803 0.00136551)
(0.095133 -0.000349204 0.00121981)
(0.0936275 -0.000673945 0.00119532)
(0.0996139 -0.000351889 0.00136406)
(0.0994665 -0.000327009 0.00138903)
(0.0948672 -0.00135225 0.00133052)
(0.0923655 -0.00157504 0.00126701)
(0.0985079 -0.00139195 0.00151694)
(0.0942282 -0.0012911 0.00126161)
(0.0913271 -0.00147831 0.0011746)
(0.0981722 -0.00129791 0.00142287)
(0.0935939 -0.00120606 0.00121872)
(0.0903341 -0.00136552 0.00110825)
(0.0978217 -0.0011917 0.00134878)
(0.0929648 -0.00110568 0.00119429)
(0.0893975 -0.00125027 0.00106599)
(0.0974776 -0.0010823 0.00129966)
(0.0923352 -0.000999296 0.00118681)
(0.0885068 -0.00113499 0.00104451)
(0.0971399 -0.000974943 0.00127218)
(0.0876453 -0.00101976 0.00104068)
(0.0968 -0.000869916 0.00126442)
(0.089148 -0.00165167 0.00111612)
(0.0830602 -0.00136817 0.000915198)
(0.0941464 -0.00164172 0.00120584)
(0.0877984 -0.00154383 0.00103609)
(0.0813233 -0.00127281 0.000804894)
(0.0931629 -0.00149975 0.00109926)
(0.0865512 -0.00142949 0.000977806)
(0.0797441 -0.0011844 0.000731979)
(0.0922563 -0.00136649 0.00101977)
(0.0853897 -0.0013158 0.000942917)
(0.0782936 -0.00109567 0.000689053)
(0.0914256 -0.00124354 0.000967286)
(0.0842955 -0.00120393 0.000928391)
(0.076949 -0.00100518 0.000667109)
(0.0906607 -0.00113048 0.000937983)
(0.0756909 -0.000912231 0.000658549)
(0.0899494 -0.00102201 0.000927391)
(0.076557 -0.000988229 0.000627727)
(0.0650525 -0.000466595 0.000389398)
(0.0844817 -0.000980129 0.000693487)
(0.0746514 -0.000898484 0.000522541)
(0.0629687 -0.000411363 0.000311049)
(0.0828819 -0.000840259 0.000553358)
(0.0729236 -0.000819613 0.000460548)
(0.0611359 -0.000366244 0.000260288)
(0.0814508 -0.000736145 0.000463498)
(0.071337 -0.000739967 0.000426369)
(0.0594951 -0.000323605 0.000228929)
(0.0801561 -0.000647734 0.000405888)
(0.0698694 -0.000658427 0.000408137)
(0.0580129 -0.000281232 0.00021071)
(0.0789716 -0.000566939 0.000368893)
(0.0566635 -0.000239429 0.000200194)
(0.0778792 -0.000494644 0.000347424)
(0.0556164 -0.000286033 0.000289729)
(0.0650535 -0.000387242 0.00047014)
(0.0536285 -0.000223836 0.000229883)
(0.0629704 -0.00030756 0.000417325)
(0.0518859 -0.000177952 0.000187995)
(0.0611389 -0.000254585 0.000376237)
(0.0503399 -0.000142558 0.000159144)
(0.0595004 -0.00021889 0.000340355)
(0.0489592 -0.000112873 0.000139209)
(0.0580223 -0.000194108 0.000308854)
(0.0566795 -0.000176844 0.000284261)
(0.076557 0.000627735 0.00098822)
(0.0844817 0.000693491 0.000980118)
(0.0830602 0.000915207 0.00136817)
(0.0746514 0.000522549 0.000898472)
(0.0828819 0.000553363 0.000840246)
(0.0813233 0.000804904 0.0012728)
(0.0729236 0.000460558 0.0008196)
(0.0814508 0.000463503 0.00073613)
(0.0797441 0.000731991 0.00118439)
(0.071337 0.000426382 0.000739952)
(0.0801561 0.000405895 0.000647716)
(0.0782936 0.000689067 0.00109567)
(0.0698694 0.000408151 0.000658413)
(0.0789716 0.000368899 0.000566919)
(0.0769489 0.000667125 0.00100518)
(0.0685039 0.000400138 0.000576356)
(0.0778792 0.000347431 0.000494626)
(0.0756908 0.000658565 0.000912231)
(0.0768723 0.000339545 0.00042596)
(0.0745053 0.000661097 0.000812972)
(0.09262 0.000964102 0.000959403)
(0.0959614 0.00140557 0.00132019)
(0.0959598 0.00132342 0.00140246)
(0.091598 0.000781307 0.000773304)
(0.0951512 0.00119323 0.00111645)
(0.0951486 0.00112193 0.0011879)
(0.0906951 0.00065165 0.000637678)
(0.0944313 0.00103462 0.000968338)
(0.0944267 0.000977595 0.00102555)
(0.0898917 0.000557197 0.000533799)
(0.0937974 0.000913557 0.00085799)
(0.0937898 0.000874046 0.000898213)
(0.0891687 0.000488817 0.00045275)
(0.0932363 0.000819448 0.000774741)
(0.0932237 0.000800996 0.000794468)
(0.0885176 0.000440465 0.000386047)
(0.0927374 0.000744795 0.000710519)
(0.0927174 0.000751242 0.000705551)
(0.0923019 0.000681853 0.000654597)
(0.0922713 0.000718237 0.000619968)
(0.0989361 0.00156324 0.00148159)
(0.100666 0.00158272 0.00176458)
(0.100856 0.0017707 0.00175607)
(0.0984691 0.00137773 0.00131828)
(0.100411 0.00139378 0.00158868)
(0.100609 0.00156972 0.00156121)
(0.0980554 0.00122453 0.00119598)
(0.100177 0.00122636 0.0014431)
(0.100383 0.00140313 0.00140567)
(0.0976962 0.00109719 0.00110602)
(0.0999733 0.00108362 0.00133632)
(0.10019 0.00126535 0.00128223)
(0.0973896 0.000989722 0.00103939)
(0.0998025 0.000962027 0.00126046)
(0.100033 0.00115158 0.00118427)
(0.0971351 0.000894685 0.000986207)
(0.0996637 0.000854583 0.00120587)
(0.0999149 0.00105651 0.00110372)
(0.0995573 0.00075193 0.00116509)
(0.0998366 0.000973546 0.001032)
(0.102278 0.00137927 0.00188433)
(0.102841 0.00101527 0.00200502)
(0.103288 0.00147824 0.002048)
(0.102276 0.00122516 0.00172928)
(0.102967 0.000913131 0.00186977)
(0.103494 0.0013255 0.00188809)
(0.102273 0.00108291 0.00160156)
(0.10307 0.00081588 0.00174383)
(0.103672 0.00118126 0.0017428)
(0.102275 0.000957927 0.00151098)
(0.103164 0.000725277 0.00164323)
(0.103835 0.00105392 0.00162805)
(0.102285 0.000845475 0.00144904)
(0.103257 0.000640127 0.00156679)
(0.103994 0.000942358 0.00153973)
(0.102306 0.000737108 0.00140871)
(0.10335 0.000557622 0.00151863)
(0.104153 0.000841064 0.00147281)
(0.103439 0.000470755 0.00149755)
(0.104317 0.000742815 0.00142297)
(0.103554 0.000522746 0.00199189)
(0.103426 -2.16895e-06 0.00204633)
(0.104185 0.00055349 0.00210683)
(0.103787 0.000475999 0.00188645)
(0.103677 -3.61334e-06 0.00193883)
(0.104621 0.000504492 0.0019949)
(0.103993 0.000428208 0.00178787)
(0.103894 -6.13653e-06 0.00183626)
(0.105009 0.000456402 0.00188444)
(0.104183 0.000377076 0.00170132)
(0.104087 -1.03012e-05 0.00174301)
(0.10536 0.000408083 0.00178401)
(0.104362 0.000323441 0.00163868)
(0.104268 -1.71793e-05 0.00166562)
(0.105688 0.000359563 0.00170051)
(0.104526 0.000265768 0.00161022)
(0.104436 -2.75966e-05 0.00162252)
(0.105994 0.000311288 0.00164567)
(0.104581 -4.37663e-05 0.00161667)
(0.106282 0.000259317 0.00162023)
(0.103551 -0.000528201 0.00199327)
(0.102838 -0.00101778 0.00200683)
(0.104183 -0.000556591 0.00210802)
(0.103782 -0.000485246 0.00188864)
(0.102961 -0.00091733 0.00187251)
(0.104618 -0.000509654 0.00199674)
(0.103985 -0.000443799 0.0017914)
(0.103061 -0.000823221 0.00174827)
(0.105004 -0.000465096 0.00188748)
(0.104171 -0.000403006 0.00170731)
(0.103149 -0.000737705 0.00165079)
(0.105353 -0.000422521 0.00178906)
(0.104341 -0.000365454 0.00164946)
(0.103232 -0.000660604 0.00157981)
(0.105675 -0.000383184 0.00170937)
(0.104491 -0.000332769 0.00162897)
(0.103308 -0.000589017 0.00154118)
(0.105974 -0.000348634 0.00166102)
(0.106249 -0.000317829 0.00164504)
(0.102272 -0.0013805 0.00188746)
(0.100662 -0.00158199 0.00176736)
(0.103284 -0.00147839 0.00205078)
(0.102266 -0.00122727 0.00173418)
(0.100404 -0.00139244 0.00159317)
(0.103488 -0.00132571 0.00189242)
(0.102257 -0.00108656 0.00160987)
(0.100166 -0.00122402 0.00145047)
(0.103663 -0.00118186 0.00174983)
(0.102248 -0.000963921 0.00152529)
(0.0999551 -0.00107963 0.00134881)
(0.10382 -0.00105506 0.00164008)
(0.10224 -0.000854103 0.00147339)
(0.0997721 -0.000955028 0.00128131)
(0.103969 -0.000944364 0.00155985)
(0.099614 -0.000841586 0.00124055)
(0.104112 -0.000843 0.00150596)
(0.0989317 -0.00156016 0.00148571)
(0.0959598 -0.00140247 0.00132342)
(0.100854 -0.00176803 0.00175934)
(0.0984614 -0.00137243 0.00132519)
(0.0951486 -0.00118791 0.00112192)
(0.100606 -0.00156528 0.00156671)
(0.0980424 -0.00121578 0.00120751)
(0.0944267 -0.00102556 0.000977583)
(0.100378 -0.00139571 0.00141477)
(0.0976746 -0.00108272 0.00112514)
(0.0937898 -0.000898223 0.000874031)
(0.100181 -0.00125333 0.00129717)
(0.0973548 -0.000965077 0.00107073)
(0.0932237 -0.000794477 0.000800979)
(0.100019 -0.00113181 0.00120851)
(0.0927174 -0.000705555 0.000751218)
(0.0998923 -0.00102373 0.00114292)
(0.09262 -0.000959414 0.000964092)
(0.0844831 -0.000690547 0.00098345)
(0.0959614 -0.0013202 0.00140556)
(0.091598 -0.000773317 0.000781295)
(0.0828844 -0.000548412 0.000845916)
(0.0951512 -0.00111646 0.00119322)
(0.0906951 -0.000637693 0.000651635)
(0.0814549 -0.000455088 0.00074577)
(0.0944313 -0.000968351 0.00103461)
(0.0898917 -0.000533817 0.000557179)
(0.0801635 -0.000390698 0.000664374)
(0.0937974 -0.000858007 0.000913547)
(0.0891687 -0.000452766 0.000488794)
(0.0789848 -0.000343608 0.000594105)
(0.0932363 -0.00077476 0.000819437)
(0.0779015 -0.000310483 0.000536697)
(0.0927373 -0.000710537 0.000744781)
(0.0765604 -0.000625272 0.000992952)
(0.0830642 -0.000913514 0.00137089)
(0.0746572 -0.000518466 0.000906523)
(0.0813302 -0.000802109 0.00127737)
(0.0729337 -0.000453183 0.000833262)
(0.0797557 -0.000727333 0.00119208)
(0.0713548 -0.000413387 0.000762736)
(0.0783134 -0.000680859 0.00110876)
(0.0699004 -0.000389583 0.000695585)
(0.0769829 -0.000653045 0.00102663)
(0.0757477 -0.000637894 0.000945779)
(0.089148 0.00111613 0.00165166)
(0.0941464 0.00120584 0.00164172)
(0.0923655 0.00126701 0.00157504)
(0.0877984 0.0010361 0.00154382)
(0.0931629 0.00109927 0.00149974)
(0.0913271 0.00117461 0.0014783)
(0.0865512 0.000977816 0.00142949)
(0.0922563 0.00101978 0.00136648)
(0.0903341 0.00110826 0.00136551)
(0.0853897 0.000942928 0.00131579)
(0.0914256 0.000967291 0.00124353)
(0.0893975 0.001066 0.00125026)
(0.0842955 0.000928401 0.00120392)
(0.0906607 0.000937987 0.00113047)
(0.0885068 0.00104451 0.00113498)
(0.0832525 0.000930716 0.00108827)
(0.0899494 0.000927394 0.001022)
(0.0876453 0.00104068 0.00101976)
(0.0892828 0.000932832 0.000909345)
(0.0867978 0.00105338 0.000900155)
(0.0989317 0.00148572 0.00156015)
(0.100854 0.00175934 0.00176802)
(0.100662 0.00176737 0.00158198)
(0.0984614 0.0013252 0.00137241)
(0.100606 0.00156672 0.00156527)
(0.100404 0.00159318 0.00139243)
(0.0980424 0.00120752 0.00121576)
(0.100378 0.00141477 0.0013957)
(0.100166 0.00145047 0.00122401)
(0.0976746 0.00112515 0.0010827)
(0.100181 0.00129717 0.00125332)
(0.0999551 0.00134882 0.00107962)
(0.0973548 0.00107074 0.000965067)
(0.100019 0.00120852 0.0011318)
(0.0997721 0.00128132 0.000955018)
(0.097081 0.00103712 0.000853126)
(0.0998923 0.00114293 0.00102372)
(0.099614 0.00124056 0.000841579)
(0.0998019 0.00109484 0.000920161)
(0.0994793 0.00122257 0.000729422)
(0.102728 0.00177193 0.00176775)
(0.103525 0.00169752 0.00195773)
(0.103524 0.0019608 0.00169542)
(0.102749 0.00159106 0.00158424)
(0.103746 0.00151965 0.00178286)
(0.103745 0.00178776 0.00151623)
(0.102769 0.00144082 0.00142973)
(0.103938 0.00136573 0.00162824)
(0.103935 0.00163612 0.00136024)
(0.102801 0.00131752 0.0012996)
(0.104117 0.00123434 0.00149587)
(0.104112 0.00150866 0.00122548)
(0.102852 0.00121714 0.00118836)
(0.104295 0.00112343 0.00138378)
(0.104288 0.00140443 0.00110923)
(0.102928 0.00113542 0.00108956)
(0.10448 0.00102936 0.00128858)
(0.104469 0.00132197 0.00100649)
(0.104678 0.00094734 0.0012053)
(0.104661 0.00125885 0.000910967)
(0.104607 0.00141713 0.00197798)
(0.104694 0.00103577 0.00206589)
(0.104796 0.00150895 0.00180716)
(0.105011 0.00127553 0.00183434)
(0.105225 0.000934264 0.00194251)
(0.105363 0.00138488 0.0016792)
(0.105372 0.00114697 0.00170338)
(0.1057 0.000838636 0.00181944)
(0.105877 0.00126385 0.00155189)
(0.105708 0.00103363 0.00159029)
(0.106132 0.000753629 0.00170732)
(0.106349 0.00115337 0.00143647)
(0.106029 0.000933781 0.00149538)
(0.106535 0.000678701 0.00161109)
(0.10679 0.00105592 0.001336)
(0.106344 0.000843379 0.00141691)
(0.106917 0.000610801 0.00153353)
(0.107212 0.000970584 0.00125009)
(0.10729 0.000545658 0.00147458)
(0.107621 0.000894957 0.00117685)
(0.105325 0.000532563 0.00203094)
(0.105006 -1.1142e-06 0.00208052)
(0.105255 0.000557705 0.00180899)
(0.10593 0.000482662 0.00192905)
(0.105642 -1.80911e-06 0.00198292)
(0.105995 0.000515547 0.00172824)
(0.106478 0.000434362 0.00182542)
(0.106214 -2.95706e-06 0.00187768)
(0.106677 0.00047182 0.00163561)
(0.10698 0.000388999 0.00173046)
(0.106736 -4.76862e-06 0.00177729)
(0.107307 0.000429835 0.00154215)
(0.107446 0.000346197 0.0016518)
(0.107216 -7.53796e-06 0.00169057)
(0.107892 0.000390884 0.00145641)
(0.107888 0.000304086 0.00159409)
(0.107665 -1.15276e-05 0.00162458)
(0.10844 0.00035486 0.00138479)
(0.108095 -1.73091e-05 0.00158219)
(0.108963 0.000320134 0.00133097)
(0.105323 -0.000535252 0.0020325)
(0.104693 -0.00103641 0.002068)
(0.105254 -0.000558792 0.00181006)
(0.105927 -0.000487063 0.00193155)
(0.105222 -0.000935317 0.0019458)
(0.105993 -0.000517351 0.00172991)
(0.106473 -0.000441539 0.00182955)
(0.105695 -0.000840494 0.00182467)
(0.106675 -0.000474807 0.00163828)
(0.106973 -0.000400493 0.0017374)
(0.106125 -0.000756825 0.00171592)
(0.107303 -0.00043467 0.00154648)
(0.107435 -0.000364084 0.00166335)
(0.106523 -0.000683935 0.00162518)
(0.107886 -0.00039847 0.00146346)
(0.107872 -0.000331193 0.00161268)
(0.106899 -0.000618653 0.00155665)
(0.108432 -0.000366298 0.0013961)
(0.108952 -0.000337034 0.00134873)
(0.104604 -0.00141612 0.00198178)
(0.103524 -0.00169542 0.00196079)
(0.104795 -0.00150779 0.00180956)
(0.105006 -0.00127398 0.00184031)
(0.103745 -0.00151624 0.00178775)
(0.105361 -0.00138303 0.00168293)
(0.105365 -0.00114465 0.00171298)
(0.103935 -0.00136025 0.00163611)
(0.105874 -0.001261 0.00155776)
(0.105696 -0.00103008 0.00160587)
(0.104112 -0.00122549 0.00150866)
(0.106344 -0.00114891 0.00144593)
(0.10601 -0.000928029 0.00152074)
(0.104288 -0.00110924 0.00140443)
(0.106783 -0.00104893 0.00135116)
(0.104469 -0.0010065 0.00132197)
(0.1072 -0.00095933 0.00127458)
(0.102728 -0.00176776 0.00177192)
(0.100856 -0.00175608 0.00177069)
(0.103525 -0.00195774 0.00169752)
(0.102749 -0.00158425 0.00159105)
(0.100609 -0.00156121 0.00156971)
(0.103746 -0.00178287 0.00151965)
(0.102769 -0.00142974 0.00144082)
(0.100383 -0.00140568 0.00140312)
(0.103938 -0.00162825 0.00136572)
(0.102801 -0.00129961 0.00131751)
(0.10019 -0.00128224 0.00126534)
(0.104117 -0.00149588 0.00123433)
(0.102852 -0.00118838 0.00121713)
(0.100033 -0.00118428 0.00115157)
(0.104295 -0.0013838 0.00112343)
(0.0999149 -0.00110373 0.0010565)
(0.10448 -0.0012886 0.00102936)
(0.0989361 -0.0014816 0.00156324)
(0.0941511 -0.00120358 0.00164359)
(0.100666 -0.00176459 0.00158272)
(0.0984691 -0.00131829 0.00137772)
(0.0931709 -0.00109554 0.00150294)
(0.100411 -0.00158868 0.00139377)
(0.0980554 -0.00119599 0.00122452)
(0.0922697 -0.00101356 0.00137191)
(0.100177 -0.00144311 0.00122635)
(0.0976961 -0.00110604 0.00109718)
(0.0914481 -0.00095688 0.00125237)
(0.0999733 -0.00133633 0.00108361)
(0.0973896 -0.00103941 0.000989709)
(0.0906984 -0.00092021 0.00114506)
(0.0998025 -0.00126048 0.000962016)
(0.0900111 -0.000897314 0.00104615)
(0.0996637 -0.00120589 0.000854573)
(0.0891557 -0.00111406 0.00165372)
(0.0923715 -0.00126583 0.00157465)
(0.0878114 -0.0010327 0.00154727)
(0.0913373 -0.00117251 0.00147771)
(0.086573 -0.000972329 0.00143526)
(0.0903513 -0.00110442 0.0013647)
(0.0854262 -0.000933717 0.00132533)
(0.0894264 -0.00105946 0.00124918)
(0.0843563 -0.000912431 0.00121928)
(0.0885555 -0.00103274 0.00113368)
(0.0877268 -0.00102047 0.00101782)
(0.0948672 0.00133052 0.00135224)
(0.0985079 0.00151694 0.00139194)
(0.095989 0.00138057 0.000916989)
(0.0942282 0.00126162 0.00129109)
(0.0981722 0.00142287 0.0012979)
(0.0955173 0.00128112 0.00090272)
(0.0935939 0.00121873 0.00120605)
(0.0978217 0.00134878 0.00119168)
(0.0950571 0.0012217 0.000869746)
(0.0929648 0.00119429 0.00110567)
(0.0974776 0.00129966 0.00108228)
(0.0945923 0.0011927 0.000811465)
(0.0923352 0.00118681 0.000999284)
(0.0971399 0.00127218 0.00097493)
(0.0941193 0.00118585 0.000742768)
(0.0916935 0.00119633 0.000891051)
(0.0968 0.00126442 0.000869903)
(0.0936275 0.00119531 0.000673933)
(0.0964491 0.00127854 0.000764183)
(0.093098 0.0012233 0.000607804)
(0.102272 0.00188746 0.00138049)
(0.103284 0.00205079 0.00147838)
(0.102838 0.00200683 0.00101777)
(0.102266 0.00173419 0.00122726)
(0.103488 0.00189243 0.0013257)
(0.102961 0.00187251 0.000917321)
(0.102257 0.00160987 0.00108655)
(0.103663 0.00174983 0.00118184)
(0.103061 0.00174827 0.000823211)
(0.102248 0.00152529 0.000963907)
(0.10382 0.00164008 0.00105505)
(0.103149 0.0016508 0.000737693)
(0.10224 0.00147339 0.000854089)
(0.103969 0.00155985 0.000944351)
(0.103232 0.00157981 0.000660591)
(0.102234 0.00145014 0.00074871)
(0.104112 0.00150596 0.000842986)
(0.103308 0.00154118 0.000589004)
(0.104252 0.00147742 0.000744486)
(0.10337 0.00153588 0.000519548)
(0.104604 0.00198178 0.00141611)
(0.104795 0.00180956 0.00150778)
(0.104693 0.002068 0.0010364)
(0.105006 0.00184031 0.00127397)
(0.105361 0.00168293 0.00138302)
(0.105222 0.0019458 0.000935308)
(0.105365 0.00171298 0.00114464)
(0.105874 0.00155776 0.00126099)
(0.105695 0.00182467 0.000840484)
(0.105696 0.00160587 0.00103007)
(0.106344 0.00144593 0.0011489)
(0.106125 0.00171592 0.000756814)
(0.10601 0.00152074 0.000928016)
(0.106783 0.00135115 0.00104891)
(0.106523 0.00162518 0.000683923)
(0.106315 0.00145817 0.000833849)
(0.1072 0.00127458 0.000959315)
(0.106899 0.00155664 0.000618641)
(0.107603 0.00121608 0.000877078)
(0.107263 0.0015118 0.000557071)
(0.105582 0.00147706 0.00147501)
(0.105368 0.00104875 0.00151678)
(0.105367 0.001518 0.00104798)
(0.106267 0.00137526 0.00137202)
(0.10615 0.000981528 0.00143467)
(0.106149 0.00143658 0.000980367)
(0.106897 0.00127361 0.0012685)
(0.106875 0.000910001 0.0013436)
(0.106874 0.0013466 0.000908238)
(0.107482 0.00118002 0.00117192)
(0.107548 0.000841668 0.00125306)
(0.107547 0.00125781 0.000838914)
(0.10803 0.00109792 0.00108512)
(0.108176 0.00078024 0.00116877)
(0.108175 0.00117626 0.000775842)
(0.108552 0.00102823 0.00100817)
(0.108767 0.00072692 0.00109365)
(0.108766 0.0011054 0.000719799)
(0.10933 0.000681381 0.00102901)
(0.109329 0.00104729 0.000670009)
(0.105942 0.00054054 0.00147649)
(0.105515 -8.55811e-08 0.00150867)
(0.105595 0.000551834 0.00103274)
(0.106766 0.00050496 0.00140677)
(0.106366 -1.65973e-07 0.00144537)
(0.106494 0.00052376 0.000989144)
(0.107535 0.000467945 0.00132906)
(0.107163 -2.84727e-07 0.00136983)
(0.107344 0.000491513 0.00093723)
(0.108253 0.000432784 0.00125108)
(0.107906 -4.27521e-07 0.00129087)
(0.108141 0.000458932 0.000883035)
(0.108925 0.000401052 0.00117868)
(0.108599 -5.60463e-07 0.00121536)
(0.108888 0.000428397 0.000830998)
(0.10956 0.000372911 0.00111609)
(0.109249 -6.22711e-07 0.00114833)
(0.109591 0.000401131 0.000784205)
(0.109867 -6.31366e-07 0.00109364)
(0.110257 0.000377398 0.000744823)
(0.105941 -0.000540672 0.00147755)
(0.105367 -0.00104799 0.001518)
(0.105594 -0.000551739 0.0010333)
(0.106765 -0.000505235 0.00140843)
(0.106149 -0.000980376 0.00143658)
(0.106494 -0.000523662 0.00098999)
(0.107534 -0.000468405 0.00133165)
(0.106874 -0.000908248 0.0013466)
(0.107343 -0.000491409 0.000938524)
(0.108251 -0.000433413 0.00125516)
(0.107547 -0.000838926 0.00125781)
(0.10814 -0.000458783 0.000885027)
(0.108923 -0.000401723 0.00118502)
(0.108175 -0.000775855 0.00117627)
(0.108887 -0.00042809 0.000834075)
(0.109557 -0.000373424 0.00112588)
(0.108766 -0.000719813 0.00110541)
(0.109589 -0.000400443 0.000788946)
(0.110256 -0.000376061 0.000752076)
(0.105582 -0.00147501 0.00147706)
(0.104796 -0.00180717 0.00150895)
(0.105368 -0.00151679 0.00104875)
(0.106267 -0.00137203 0.00137526)
(0.105363 -0.00167921 0.00138488)
(0.10615 -0.00143468 0.000981529)
(0.106897 -0.00126852 0.00127361)
(0.105877 -0.0015519 0.00126385)
(0.106875 -0.00134361 0.000910003)
(0.107482 -0.00117193 0.00118002)
(0.106349 -0.00143649 0.00115336)
(0.107548 -0.00125308 0.000841671)
(0.10803 -0.00108514 0.00109792)
(0.10679 -0.00133602 0.00105592)
(0.108176 -0.00116879 0.000780244)
(0.107212 -0.00125011 0.000970587)
(0.108767 -0.00109367 0.000726926)
(0.104607 -0.00197799 0.00141712)
(0.103288 -0.002048 0.00147823)
(0.104694 -0.0020659 0.00103576)
(0.105011 -0.00183435 0.00127552)
(0.103494 -0.0018881 0.0013255)
(0.105225 -0.00194252 0.000934262)
(0.105372 -0.00170339 0.00114697)
(0.103672 -0.00174281 0.00118126)
(0.1057 -0.00181945 0.000838634)
(0.105708 -0.00159031 0.00103362)
(0.103835 -0.00162806 0.00105391)
(0.106132 -0.00170733 0.000753627)
(0.106029 -0.0014954 0.000933778)
(0.103994 -0.00153975 0.000942351)
(0.106535 -0.0016111 0.000678699)
(0.104153 -0.00147283 0.000841058)
(0.106917 -0.00153355 0.0006108)
(0.102278 -0.00188434 0.00137926)
(0.0985133 -0.00151548 0.00139014)
(0.102841 -0.00200503 0.00101527)
(0.102276 -0.00172929 0.00122515)
(0.0981813 -0.00142043 0.00129493)
(0.102967 -0.00186978 0.000913126)
(0.102273 -0.00160157 0.0010829)
(0.097837 -0.00134454 0.00118683)
(0.10307 -0.00174384 0.000815875)
(0.102275 -0.001511 0.000957917)
(0.0975032 -0.00129227 0.00107461)
(0.103164 -0.00164324 0.000725271)
(0.102285 -0.00144906 0.000845465)
(0.0971829 -0.00125896 0.000962825)
(0.103257 -0.0015668 0.00064012)
(0.0968723 -0.00124088 0.000851125)
(0.10335 -0.00151865 0.000557616)
(0.0948754 -0.00132934 0.0013488)
(0.0959934 -0.00137985 0.000912946)
(0.0942421 -0.00125908 0.0012855)
(0.0955249 -0.00127967 0.000895873)
(0.0936175 -0.0012138 0.00119727)
(0.0950701 -0.00121882 0.000858513)
(0.0930047 -0.00118508 0.00109195)
(0.0946143 -0.00118757 0.000793165)
(0.0924023 -0.0011705 0.000977308)
(0.0941565 -0.0011766 0.000713067)
(0.0936908 -0.00117922 0.000625061)
(0.0966701 0.00133077 0.000439168)
(0.0999367 0.0015737 0.000486278)
(0.0968291 0.00138925 2.76344e-06)
(0.0963864 0.00123751 0.000431961)
(0.0998944 0.00148341 0.000463216)
(0.0965268 0.00127137 4.66169e-06)
(0.0961146 0.00119087 0.000419067)
(0.0998583 0.00142214 0.000440714)
(0.0962685 0.00120199 7.81025e-06)
(0.0958255 0.00118023 0.000397919)
(0.0997984 0.00138598 0.00041294)
(0.0959876 0.00117689 1.30415e-05)
(0.095503 0.00119124 0.000372538)
(0.0997189 0.0013655 0.00038179)
(0.0956826 0.00117876 2.17057e-05)
(0.095133 0.00121981 0.000349186)
(0.0996139 0.00136405 0.000351874)
(0.0953476 0.00119531 3.61375e-05)
(0.0994665 0.00138901 0.000326991)
(0.0949629 0.00122808 6.11e-05)
(0.103551 0.00199327 0.000528192)
(0.104183 0.00210802 0.000556582)
(0.103426 0.00204633 2.16102e-06)
(0.103782 0.00188864 0.000485235)
(0.104618 0.00199673 0.000509645)
(0.103677 0.00193883 3.60406e-06)
(0.103985 0.0017914 0.000443787)
(0.105004 0.00188747 0.000465085)
(0.103894 0.00183626 6.12576e-06)
(0.104171 0.00170731 0.000402992)
(0.105353 0.00178906 0.000422509)
(0.104087 0.00174301 1.02887e-05)
(0.104341 0.00164945 0.000365439)
(0.105675 0.00170936 0.00038317)
(0.104268 0.00166561 1.71651e-05)
(0.104491 0.00162896 0.000332753)
(0.105974 0.00166101 0.000348621)
(0.104436 0.00162251 2.7581e-05)
(0.106249 0.00164502 0.000317816)
(0.104581 0.00161665 4.37484e-05)
(0.105323 0.0020325 0.000535244)
(0.105254 0.00181006 0.000558784)
(0.105006 0.00208052 1.10661e-06)
(0.105927 0.00193155 0.000487054)
(0.105993 0.00172991 0.000517342)
(0.105642 0.00198292 1.80027e-06)
(0.106473 0.00182955 0.000441528)
(0.106675 0.00163828 0.000474797)
(0.106214 0.00187768 2.94699e-06)
(0.106973 0.00173739 0.000400482)
(0.107303 0.00154647 0.000434658)
(0.106736 0.00177728 4.7574e-06)
(0.107435 0.00166334 0.000364072)
(0.107886 0.00146345 0.000398458)
(0.107216 0.00169056 7.526e-06)
(0.107872 0.00161266 0.000331182)
(0.108432 0.00139609 0.000366286)
(0.107665 0.00162456 1.15157e-05)
(0.108952 0.00134871 0.000337023)
(0.108095 0.00158217 1.72985e-05)
(0.105941 0.00147754 0.000540663)
(0.105594 0.0010333 0.000551731)
(0.105515 0.00150866 7.78882e-08)
(0.106765 0.00140842 0.000505225)
(0.106494 0.000989986 0.000523652)
(0.106366 0.00144536 1.56902e-07)
(0.107534 0.00133165 0.000468394)
(0.107343 0.000938518 0.000491398)
(0.107163 0.00136983 2.74208e-07)
(0.108251 0.00125515 0.000433401)
(0.10814 0.000885019 0.00045877)
(0.107906 0.00129087 4.15605e-07)
(0.108923 0.00118501 0.00040171)
(0.108887 0.000834064 0.000428076)
(0.108599 0.00121535 5.4749e-07)
(0.109557 0.00112587 0.000373412)
(0.109589 0.000788932 0.000400428)
(0.109249 0.00114831 6.09478e-07)
(0.110256 0.000752056 0.000376047)
(0.109867 0.00109361 6.19457e-07)
(0.106152 0.000534999 0.00053466)
(0.105676 1.18175e-07 0.000545955)
(0.105676 0.000545952 -1.26187e-07)
(0.107078 0.000510408 0.000509909)
(0.106626 1.73235e-07 0.000523707)
(0.106626 0.000523702 -1.83166e-07)
(0.107956 0.000482714 0.000481973)
(0.107529 2.57382e-07 0.000496615)
(0.107529 0.000496608 -2.69472e-07)
(0.108783 0.000454847 0.000453726)
(0.108382 3.8996e-07 0.000468079)
(0.108382 0.000468069 -4.04373e-07)
(0.109562 0.000428844 0.000427134)
(0.109184 6.00026e-07 0.000440504)
(0.109184 0.00044049 -6.16756e-07)
(0.110298 0.00040605 0.000403459)
(0.10994 9.25387e-07 0.000415487)
(0.10994 0.000415469 -9.44186e-07)
(0.110656 1.40119e-06 0.000394037)
(0.110656 0.000394013 -1.42128e-06)
(0.106152 -0.000534669 0.000535003)
(0.105595 -0.00103275 0.000551836)
(0.105676 -0.000545964 1.21465e-07)
(0.107078 -0.00050992 0.000510413)
(0.106494 -0.000989154 0.000523763)
(0.106626 -0.000523718 1.7793e-07)
(0.107956 -0.000481986 0.000482722)
(0.107344 -0.000937242 0.000491517)
(0.107529 -0.000496628 2.63746e-07)
(0.108783 -0.000453741 0.000454857)
(0.108141 -0.000883049 0.000458938)
(0.108382 -0.000468095 3.98226e-07)
(0.109562 -0.000427151 0.000428856)
(0.108888 -0.000831014 0.000428404)
(0.109184 -0.000440523 6.10291e-07)
(0.110298 -0.000403477 0.000406065)
(0.109591 -0.000784224 0.00040114)
(0.10994 -0.00041551 9.37877e-07)
(0.110656 -0.000394063 1.41593e-06)
(0.105942 -0.0014765 0.000540542)
(0.105255 -0.001809 0.000557706)
(0.105515 -0.00150868 -8.33153e-08)
(0.106766 -0.00140678 0.000504962)
(0.105995 -0.00172825 0.000515548)
(0.106366 -0.00144538 -1.62928e-07)
(0.107535 -0.00132907 0.000467948)
(0.106677 -0.00163562 0.000471821)
(0.107163 -0.00136985 -2.80874e-07)
(0.108253 -0.0012511 0.000432788)
(0.107307 -0.00154216 0.000429836)
(0.107906 -0.00129089 -4.23024e-07)
(0.108925 -0.0011787 0.000401056)
(0.107892 -0.00145643 0.000390886)
(0.108599 -0.00121538 -5.55588e-07)
(0.10844 -0.00138481 0.000354862)
(0.109249 -0.00114836 -6.17983e-07)
(0.105325 -0.00203095 0.000532563)
(0.104185 -0.00210684 0.000553489)
(0.105006 -0.00208053 -1.11319e-06)
(0.10593 -0.00192906 0.000482662)
(0.104621 -0.0019949 0.000504491)
(0.105642 -0.00198293 -1.80769e-06)
(0.106478 -0.00182543 0.000434362)
(0.105008 -0.00188445 0.0004564)
(0.106214 -0.00187769 -2.95527e-06)
(0.10698 -0.00173048 0.000388999)
(0.10536 -0.00178402 0.000408081)
(0.106736 -0.0017773 -4.7667e-06)
(0.107446 -0.00165182 0.000346197)
(0.105688 -0.00170052 0.00035956)
(0.107216 -0.00169059 -7.53639e-06)
(0.105994 -0.00164569 0.000311286)
(0.107665 -0.0016246 -1.15272e-05)
(0.103554 -0.0019919 0.000522743)
(0.0999392 -0.00157296 0.000481596)
(0.103426 -0.00204633 -2.16977e-06)
(0.103787 -0.00188646 0.000475996)
(0.0998986 -0.00148214 0.000455334)
(0.103677 -0.00193884 -3.61423e-06)
(0.103992 -0.00178788 0.000428204)
(0.0998652 -0.00141999 0.000427443)
(0.103894 -0.00183627 -6.13739e-06)
(0.104183 -0.00170133 0.000377071)
(0.09981 -0.00138256 0.000390798)
(0.104087 -0.00174302 -1.03021e-05)
(0.104362 -0.0016387 0.000323437)
(0.0997382 -0.00135973 0.000345141)
(0.104268 -0.00166563 -1.71804e-05)
(0.0996472 -0.00135321 0.000292003)
(0.104436 -0.00162254 -2.7598e-05)
(0.0966737 -0.00132984 0.000432131)
(0.0968291 -0.00138925 -2.77348e-06)
(0.0963925 -0.00123585 0.000420173)
(0.0965268 -0.00127137 -4.67352e-06)
(0.096125 -0.00118801 0.000399426)
(0.0962685 -0.00120199 -7.82413e-06)
(0.0958432 -0.00117543 0.000365347)
(0.0959876 -0.0011769 -1.30578e-05)
(0.0955333 -0.00118283 0.000318576)
(0.0956825 -0.00117876 -2.17248e-05)
(0.0953476 -0.00119532 -3.61599e-05)
(0.0966737 0.00132984 -0.000432142)
(0.0999392 0.00157296 -0.000481606)
(0.0959934 0.00137985 -0.000912957)
(0.0963925 0.00123584 -0.000420187)
(0.0998986 0.00148213 -0.000455346)
(0.0955249 0.00127966 -0.000895887)
(0.096125 0.00118801 -0.000399443)
(0.0998652 0.00141999 -0.000427458)
(0.0950701 0.00121882 -0.000858531)
(0.0958432 0.00117542 -0.000365368)
(0.09981 0.00138255 -0.000390815)
(0.0946143 0.00118756 -0.000793187)
(0.0955333 0.00118283 -0.000318602)
(0.0997382 0.00135972 -0.000345162)
(0.0941565 0.00117659 -0.000713095)
(0.0951855 0.00120358 -0.000258775)
(0.0996473 0.00135319 -0.000292029)
(0.0936908 0.00117921 -0.000625096)
(0.0995243 0.00136783 -0.000228265)
(0.0932064 0.00119426 -0.000526054)
(0.103554 0.00199189 -0.000522754)
(0.104185 0.00210683 -0.000553498)
(0.102841 0.00200502 -0.00101528)
(0.103787 0.00188645 -0.000476008)
(0.104621 0.00199489 -0.000504501)
(0.102967 0.00186977 -0.000913139)
(0.103992 0.00178787 -0.000428219)
(0.105009 0.00188444 -0.000456412)
(0.10307 0.00174383 -0.000815889)
(0.104183 0.00170132 -0.000377089)
(0.10536 0.001784 -0.000408095)
(0.103164 0.00164323 -0.000725289)
(0.104362 0.00163867 -0.000323457)
(0.105688 0.0017005 -0.000359576)
(0.103257 0.00156678 -0.000640142)
(0.104526 0.00161021 -0.000265787)
(0.105994 0.00164565 -0.000311304)
(0.10335 0.00151863 -0.000557641)
(0.106282 0.00162021 -0.000259335)
(0.103439 0.00149755 -0.00047078)
(0.105325 0.00203094 -0.000532572)
(0.105255 0.00180899 -0.000557713)
(0.104694 0.00206589 -0.00103577)
(0.10593 0.00192905 -0.000482671)
(0.105995 0.00172824 -0.000515556)
(0.105225 0.0019425 -0.000934273)
(0.106478 0.00182542 -0.000434373)
(0.106677 0.0016356 -0.000471831)
(0.1057 0.00181943 -0.000838646)
(0.10698 0.00173045 -0.000389011)
(0.107307 0.00154214 -0.000429847)
(0.106132 0.00170731 -0.000753642)
(0.107446 0.00165179 -0.000346211)
(0.107892 0.0014564 -0.000390898)
(0.106535 0.00161108 -0.000678716)
(0.107888 0.00159407 -0.000304101)
(0.10844 0.00138477 -0.000354874)
(0.106917 0.00153351 -0.000610819)
(0.108963 0.00133094 -0.000320149)
(0.10729 0.00147456 -0.000545681)
(0.105942 0.00147648 -0.000540549)
(0.105595 0.00103274 -0.000551842)
(0.105368 0.00151678 -0.00104876)
(0.106766 0.00140677 -0.00050497)
(0.106494 0.000989139 -0.00052377)
(0.10615 0.00143467 -0.000981537)
(0.107535 0.00132905 -0.000467957)
(0.107344 0.000937222 -0.000491525)
(0.106875 0.00134359 -0.000910013)
(0.108253 0.00125107 -0.000432797)
(0.108141 0.000883023 -0.000458946)
(0.107548 0.00125305 -0.000841682)
(0.108925 0.00117866 -0.000401066)
(0.108888 0.000830982 -0.000428413)
(0.108176 0.00116876 -0.000780256)
(0.10956 0.00111606 -0.000372926)
(0.109591 0.000784183 -0.000401149)
(0.108767 0.00109363 -0.000726939)
(0.110257 0.000744793 -0.000377417)
(0.10933 0.00102898 -0.000681404)
(0.106152 0.000534655 -0.000535008)
(0.105676 -1.29857e-07 -0.00054596)
(0.105594 0.000551728 -0.00103331)
(0.107078 0.000509902 -0.000510419)
(0.106626 -1.8884e-07 -0.000523713)
(0.106494 0.000523646 -0.000989996)
(0.107956 0.000481962 -0.000482728)
(0.107529 -2.77686e-07 -0.000496621)
(0.107343 0.000491389 -0.000938531)
(0.108783 0.000453712 -0.000454864)
(0.108382 -4.15837e-07 -0.000468085)
(0.10814 0.000458757 -0.000885035)
(0.109562 0.000427115 -0.000428864)
(0.109184 -6.32437e-07 -0.00044051)
(0.108887 0.000428058 -0.000834084)
(0.110298 0.000403433 -0.000406072)
(0.10994 -9.65405e-07 -0.000415494)
(0.109589 0.000400404 -0.000788956)
(0.110656 -1.4496e-06 -0.000394043)
(0.110256 0.000376014 -0.000752085)
(0.106152 -0.000535013 -0.000534664)
(0.105594 -0.00103331 -0.000551735)
(0.105595 -0.000551845 -0.00103275)
(0.107078 -0.000510426 -0.000509915)
(0.106494 -0.000990001 -0.000523657)
(0.106494 -0.000523775 -0.000989149)
(0.107956 -0.000482738 -0.000481978)
(0.107343 -0.000938538 -0.000491403)
(0.107344 -0.000491532 -0.000937235)
(0.108783 -0.000454877 -0.000453732)
(0.10814 -0.000885045 -0.000458776)
(0.108141 -0.000458957 -0.000883041)
(0.109562 -0.000428881 -0.00042714)
(0.108887 -0.000834097 -0.000428082)
(0.108888 -0.000428428 -0.000831005)
(0.110298 -0.000406095 -0.000403465)
(0.109589 -0.000788973 -0.000400435)
(0.109591 -0.00040117 -0.000784213)
(0.110257 -0.000377447 -0.000744831)
(0.105941 -0.00147756 -0.000540668)
(0.105254 -0.00181007 -0.000558789)
(0.105367 -0.00151801 -0.00104798)
(0.106765 -0.00140844 -0.000505231)
(0.105993 -0.00172992 -0.000517347)
(0.106149 -0.0014366 -0.000980371)
(0.107534 -0.00133167 -0.0004684)
(0.106675 -0.0016383 -0.000474802)
(0.106874 -0.00134662 -0.000908242)
(0.108251 -0.00125518 -0.000433407)
(0.107303 -0.0015465 -0.000434665)
(0.107547 -0.00125783 -0.000838919)
(0.108923 -0.00118504 -0.000401717)
(0.107886 -0.00146348 -0.000398465)
(0.108175 -0.00117629 -0.000775848)
(0.108432 -0.00139613 -0.000366294)
(0.108766 -0.00110544 -0.000719807)
(0.105323 -0.00203251 -0.000535249)
(0.104183 -0.00210803 -0.000556589)
(0.104693 -0.00206801 -0.0010364)
(0.105927 -0.00193156 -0.00048706)
(0.104618 -0.00199674 -0.000509652)
(0.105222 -0.00194581 -0.000935312)
(0.106473 -0.00182956 -0.000441535)
(0.105004 -0.00188749 -0.000465093)
(0.105695 -0.00182469 -0.000840489)
(0.106973 -0.00173741 -0.000400489)
(0.105353 -0.00178908 -0.000422518)
(0.106125 -0.00171594 -0.000756819)
(0.107435 -0.00166337 -0.000364081)
(0.105675 -0.00170939 -0.000383181)
(0.106523 -0.0016252 -0.000683928)
(0.105974 -0.00166104 -0.000348632)
(0.106899 -0.00155667 -0.000618648)
(0.103551 -0.00199327 -0.0005282)
(0.0999367 -0.0015737 -0.000486286)
(0.102838 -0.00200683 -0.00101777)
(0.103782 -0.00188865 -0.000485245)
(0.0998944 -0.00148341 -0.000463226)
(0.102961 -0.00187252 -0.000917328)
(0.103985 -0.00179141 -0.000443798)
(0.0998583 -0.00142214 -0.000440725)
(0.103061 -0.00174828 -0.000823218)
(0.104171 -0.00170732 -0.000403004)
(0.0997983 -0.00138599 -0.000412952)
(0.103149 -0.00165081 -0.000737701)
(0.104341 -0.00164947 -0.000365452)
(0.0997188 -0.00136552 -0.000381803)
(0.103232 -0.00157982 -0.000660599)
(0.0996138 -0.00136407 -0.000351888)
(0.103308 -0.0015412 -0.000589011)
(0.0966701 -0.00133077 -0.000439178)
(0.095989 -0.00138057 -0.000916997)
(0.0963864 -0.00123752 -0.000431973)
(0.0955173 -0.00128112 -0.000902729)
(0.0961146 -0.00119088 -0.000419079)
(0.0950571 -0.0012217 -0.000869755)
(0.0958255 -0.00118023 -0.000397933)
(0.0945922 -0.0011927 -0.000811474)
(0.0955029 -0.00119125 -0.000372553)
(0.0941192 -0.00118586 -0.000742777)
(0.0936275 -0.00119533 -0.000673942)
(0.0948754 0.00132934 -0.00134882)
(0.0985133 0.00151547 -0.00139015)
(0.0923715 0.00126582 -0.00157466)
(0.0942421 0.00125908 -0.00128552)
(0.0981813 0.00142043 -0.00129495)
(0.0913373 0.00117251 -0.00147773)
(0.0936175 0.0012138 -0.00119729)
(0.097837 0.00134453 -0.00118685)
(0.0903513 0.00110441 -0.00136472)
(0.0930047 0.00118508 -0.00109197)
(0.0975032 0.00129226 -0.00107463)
(0.0894264 0.00105945 -0.00124921)
(0.0924023 0.00117049 -0.000977342)
(0.0971829 0.00125894 -0.000962852)
(0.0885555 0.00103273 -0.00113371)
(0.0918066 0.0011684 -0.000855088)
(0.0968724 0.00124086 -0.000851158)
(0.0877268 0.00102046 -0.00101786)
(0.0965694 0.00123655 -0.000734324)
(0.0869345 0.00101884 -0.000896804)
(0.102278 0.00188433 -0.00137927)
(0.103288 0.00204799 -0.00147824)
(0.100666 0.00176458 -0.00158273)
(0.102276 0.00172928 -0.00122516)
(0.103494 0.00188809 -0.00132551)
(0.100411 0.00158868 -0.00139379)
(0.102273 0.00160155 -0.00108292)
(0.103672 0.0017428 -0.00118127)
(0.100177 0.0014431 -0.00122636)
(0.102275 0.00151098 -0.000957939)
(0.103835 0.00162805 -0.00105393)
(0.0999733 0.00133632 -0.00108363)
(0.102285 0.00144904 -0.000845491)
(0.103994 0.00153973 -0.000942373)
(0.0998025 0.00126046 -0.000962041)
(0.102306 0.00140871 -0.00073713)
(0.104153 0.0014728 -0.000841083)
(0.0996637 0.00120586 -0.000854603)
(0.104317 0.00142296 -0.000742842)
(0.0995573 0.00116509 -0.000751959)
(0.104607 0.00197798 -0.00141713)
(0.104796 0.00180716 -0.00150896)
(0.103525 0.00195773 -0.00169753)
(0.105011 0.00183434 -0.00127554)
(0.105363 0.00167919 -0.00138489)
(0.103746 0.00178285 -0.00151966)
(0.105372 0.00170337 -0.00114699)
(0.105877 0.00155189 -0.00126386)
(0.103938 0.00162824 -0.00136574)
(0.105708 0.00159028 -0.00103364)
(0.106349 0.00143646 -0.00115338)
(0.104117 0.00149586 -0.00123435)
(0.106029 0.00149537 -0.000933799)
(0.10679 0.00133599 -0.00105593)
(0.104295 0.00138377 -0.00112345)
(0.106344 0.0014169 -0.000843404)
(0.107212 0.00125007 -0.000970606)
(0.10448 0.00128857 -0.00102938)
(0.107621 0.00117682 -0.000894986)
(0.104678 0.00120529 -0.000947372)
(0.105582 0.001475 -0.00147707)
(0.105367 0.00104798 -0.00151801)
(0.104795 0.00150778 -0.00180956)
(0.106267 0.00137202 -0.00137527)
(0.106149 0.000980362 -0.00143659)
(0.105361 0.00138302 -0.00168294)
(0.106897 0.0012685 -0.00127363)
(0.106874 0.00090823 -0.00134661)
(0.105874 0.00126098 -0.00155777)
(0.107482 0.00117191 -0.00118003)
(0.107547 0.000838902 -0.00125782)
(0.106344 0.00114889 -0.00144594)
(0.10803 0.0010851 -0.00109794)
(0.108175 0.000775825 -0.00117628)
(0.106783 0.0010489 -0.00135117)
(0.108552 0.00100814 -0.00102825)
(0.108766 0.000719774 -0.00110543)
(0.1072 0.000959294 -0.0012746)
(0.109329 0.000669974 -0.00104732)
(0.107603 0.000877048 -0.00121612)
(0.105941 0.000540659 -0.00147755)
(0.105515 7.50034e-08 -0.00150867)
(0.105254 0.000558782 -0.00181006)
(0.106765 0.000505219 -0.00140843)
(0.106366 1.5181e-07 -0.00144537)
(0.105993 0.000517338 -0.00172992)
(0.107534 0.000468384 -0.00133166)
(0.107163 2.66264e-07 -0.00136984)
(0.106675 0.00047479 -0.00163829)
(0.108251 0.000433386 -0.00125517)
(0.107906 4.03808e-07 -0.00129088)
(0.107303 0.000434648 -0.00154649)
(0.108923 0.000401688 -0.00118503)
(0.108599 5.30273e-07 -0.00121537)
(0.107886 0.000398442 -0.00146347)
(0.109557 0.000373381 -0.0011259)
(0.109249 5.84494e-07 -0.00114834)
(0.108432 0.000366263 -0.00139612)
(0.109867 5.83348e-07 -0.00109365)
(0.108952 0.00033699 -0.00134875)
(0.105068 -0.000569813 -0.00152868)
(0.10453 -0.00110089 -0.00157685)
(0.104453 -0.00059327 -0.00186543)
(0.105942 -0.000540552 -0.00147649)
(0.105368 -0.00104876 -0.00151678)
(0.105255 -0.000557714 -0.001809)
(0.106766 -0.000504976 -0.00140678)
(0.10615 -0.000981541 -0.00143468)
(0.105995 -0.000515559 -0.00172825)
(0.107535 -0.000467966 -0.00132906)
(0.106875 -0.000910018 -0.0013436)
(0.106677 -0.000471836 -0.00163562)
(0.108253 -0.00043281 -0.00125109)
(0.107548 -0.00084169 -0.00125307)
(0.107307 -0.000429856 -0.00154215)
(0.108925 -0.000401086 -0.00117869)
(0.108176 -0.000780269 -0.00116878)
(0.107892 -0.000390911 -0.00145642)
(0.10956 -0.000372954 -0.0011161)
(0.108767 -0.000726958 -0.00109366)
(0.10844 -0.000354894 -0.0013848)
(0.108963 -0.000320178 -0.00133098)
(0.104836 -0.00156576 -0.00156444)
(0.104162 -0.00191621 -0.00161976)
(0.104162 -0.00162051 -0.00191472)
(0.105582 -0.00147708 -0.00147501)
(0.104795 -0.00180956 -0.00150778)
(0.104796 -0.00150896 -0.00180716)
(0.106267 -0.00137527 -0.00137203)
(0.105361 -0.00168294 -0.00138303)
(0.105363 -0.00138489 -0.0016792)
(0.106897 -0.00127363 -0.00126851)
(0.105874 -0.00155778 -0.00126099)
(0.105877 -0.00126386 -0.0015519)
(0.107482 -0.00118004 -0.00117193)
(0.106344 -0.00144595 -0.0011489)
(0.106349 -0.00115338 -0.00143648)
(0.10803 -0.00109795 -0.00108513)
(0.106783 -0.00135118 -0.00104892)
(0.10679 -0.00105594 -0.00133601)
(0.1072 -0.00127461 -0.000959321)
(0.107212 -0.000970618 -0.0012501)
(0.104142 -0.00212087 -0.0015615)
(0.103035 -0.00220276 -0.00162556)
(0.103249 -0.00214103 -0.00188983)
(0.104604 -0.00198178 -0.00141611)
(0.103284 -0.00205079 -0.00147838)
(0.103524 -0.0019608 -0.00169542)
(0.105006 -0.00184032 -0.00127397)
(0.103488 -0.00189243 -0.0013257)
(0.103745 -0.00178776 -0.00151624)
(0.105365 -0.001713 -0.00114464)
(0.103663 -0.00174984 -0.00118185)
(0.103935 -0.00163613 -0.00136024)
(0.105696 -0.00160589 -0.00103007)
(0.10382 -0.00164009 -0.00105505)
(0.104112 -0.00150868 -0.00122548)
(0.10601 -0.00152077 -0.000928019)
(0.103969 -0.00155986 -0.000944355)
(0.104288 -0.00140445 -0.00110923)
(0.104112 -0.00150598 -0.000842989)
(0.104469 -0.00132199 -0.00100649)
(0.102263 -0.00204278 -0.00153289)
(0.0988531 -0.00162695 -0.00147405)
(0.100925 -0.00196939 -0.00179285)
(0.102272 -0.00188746 -0.0013805)
(0.0985078 -0.00151694 -0.00139194)
(0.100662 -0.00176737 -0.00158198)
(0.102266 -0.00173419 -0.00122727)
(0.0981722 -0.00142287 -0.00129791)
(0.100404 -0.00159318 -0.00139243)
(0.102257 -0.00160988 -0.00108655)
(0.0978217 -0.00134879 -0.00119169)
(0.100166 -0.00145048 -0.00122401)
(0.102248 -0.0015253 -0.000963913)
(0.0974776 -0.00129966 -0.00108229)
(0.0999551 -0.00134883 -0.00107962)
(0.10224 -0.00147341 -0.000854093)
(0.0971398 -0.00127218 -0.000974935)
(0.0997721 -0.00128133 -0.000955019)
(0.0967999 -0.00126443 -0.000869906)
(0.099614 -0.00124057 -0.000841575)
(0.0955193 -0.00143603 -0.00139227)
(0.0934803 -0.0013873 -0.00165178)
(0.0948672 -0.00133052 -0.00135225)
(0.0923655 -0.00126701 -0.00157504)
(0.0942282 -0.00126162 -0.0012911)
(0.0913271 -0.0011746 -0.00147831)
(0.0935939 -0.00121873 -0.00120606)
(0.0903341 -0.00110826 -0.00136552)
(0.0929648 -0.0011943 -0.00110568)
(0.0893975 -0.001066 -0.00125027)
(0.0923351 -0.00118682 -0.00099929)
(0.0885068 -0.00104452 -0.00113498)
(0.0876453 -0.00104069 -0.00101976)
(0.0891557 0.00111405 -0.00165373)
(0.0941511 0.00120357 -0.0016436)
(0.0830642 0.000913508 -0.0013709)
(0.0878114 0.00103269 -0.00154729)
(0.0931709 0.00109554 -0.00150295)
(0.0813302 0.000802102 -0.00127738)
(0.086573 0.00097232 -0.00143527)
(0.0922697 0.00101356 -0.00137192)
(0.0797557 0.000727324 -0.00119209)
(0.0854262 0.000933706 -0.00132535)
(0.0914481 0.000956868 -0.00125239)
(0.0783134 0.000680848 -0.00110877)
(0.0843563 0.000912416 -0.00121931)
(0.0906984 0.000920194 -0.00114508)
(0.0769829 0.00065303 -0.00102664)
(0.0833531 0.000903145 -0.00111244)
(0.0900111 0.000897293 -0.00104618)
(0.0757477 0.000637875 -0.000945798)
(0.0893825 0.000882257 -0.000948346)
(0.0745988 0.000631263 -0.000866185)
(0.0989361 0.00148159 -0.00156325)
(0.100856 0.00175607 -0.0017707)
(0.0959613 0.00132019 -0.00140557)
(0.0984691 0.00131828 -0.00137773)
(0.100609 0.0015612 -0.00156972)
(0.0951512 0.00111645 -0.00119324)
(0.0980554 0.00119598 -0.00122454)
(0.100383 0.00140567 -0.00140314)
(0.0944313 0.00096834 -0.00103463)
(0.0976961 0.00110602 -0.0010972)
(0.10019 0.00128223 -0.00126536)
(0.0937974 0.000857991 -0.000913563)
(0.0973896 0.00103939 -0.000989735)
(0.100033 0.00118426 -0.00115159)
(0.0932363 0.000774741 -0.000819457)
(0.097135 0.000986203 -0.000894704)
(0.0999149 0.0011037 -0.00105653)
(0.0927373 0.000710517 -0.000744808)
(0.0998366 0.00103198 -0.000973573)
(0.0923019 0.000654597 -0.000681873)
(0.102728 0.00176775 -0.00177194)
(0.103524 0.00169541 -0.0019608)
(0.100854 0.00176802 -0.00175935)
(0.102749 0.00158424 -0.00159107)
(0.103745 0.00151623 -0.00178776)
(0.100606 0.00156527 -0.00156672)
(0.102769 0.00142972 -0.00144083)
(0.103935 0.00136023 -0.00163612)
(0.100378 0.0013957 -0.00141478)
(0.102801 0.00129959 -0.00131753)
(0.104112 0.00122547 -0.00150867)
(0.100181 0.00125332 -0.00129718)
(0.102852 0.00118835 -0.00121716)
(0.104288 0.00110922 -0.00140445)
(0.100019 0.00113179 -0.00120853)
(0.102928 0.00108955 -0.00113544)
(0.104469 0.00100647 -0.00132199)
(0.0998923 0.00102371 -0.00114294)
(0.104661 0.000910943 -0.00125888)
(0.0998019 0.000920147 -0.00109487)
(0.104604 0.00141611 -0.00198178)
(0.104693 0.0010364 -0.00206801)
(0.103284 0.00147838 -0.00205079)
(0.105006 0.00127396 -0.00184032)
(0.105222 0.000935305 -0.0019458)
(0.103488 0.0013257 -0.00189243)
(0.105365 0.00114463 -0.00171299)
(0.105695 0.000840478 -0.00182468)
(0.103663 0.00118184 -0.00174984)
(0.105696 0.00103006 -0.00160589)
(0.106125 0.000756805 -0.00171593)
(0.10382 0.00105504 -0.00164009)
(0.10601 0.000928 -0.00152076)
(0.106523 0.000683909 -0.0016252)
(0.103969 0.000944343 -0.00155986)
(0.106315 0.000833825 -0.0014582)
(0.106899 0.000618621 -0.00155666)
(0.104112 0.000842973 -0.00150598)
(0.107263 0.000557041 -0.00151184)
(0.104252 0.000744464 -0.00147745)
(0.105323 0.000535242 -0.00203251)
(0.105006 1.10616e-06 -0.00208053)
(0.104183 0.000556584 -0.00210802)
(0.105927 0.00048705 -0.00193156)
(0.105642 1.79795e-06 -0.00198292)
(0.104618 0.000509644 -0.00199674)
(0.106473 0.000441521 -0.00182956)
(0.106214 2.94224e-06 -0.00187769)
(0.105004 0.000465083 -0.00188748)
(0.106973 0.00040047 -0.00173741)
(0.106736 4.74932e-06 -0.0017773)
(0.105353 0.000422504 -0.00178907)
(0.107435 0.000364055 -0.00166336)
(0.107216 7.51311e-06 -0.00169058)
(0.105675 0.000383162 -0.00170938)
(0.107872 0.000331156 -0.00161269)
(0.107665 1.1496e-05 -0.00162459)
(0.105974 0.000348606 -0.00166103)
(0.108095 1.72693e-05 -0.00158221)
(0.106249 0.000317793 -0.00164506)
(0.104654 -0.000580563 -0.00211671)
(0.104093 -0.00113087 -0.00216979)
(0.103687 -0.000600099 -0.00219718)
(0.105325 -0.000532573 -0.00203095)
(0.104694 -0.00103577 -0.0020659)
(0.104185 -0.000553496 -0.00210683)
(0.10593 -0.000482674 -0.00192906)
(0.105225 -0.000934273 -0.00194251)
(0.104621 -0.000504501 -0.0019949)
(0.106478 -0.000434379 -0.00182543)
(0.1057 -0.000838648 -0.00181944)
(0.105008 -0.000456414 -0.00188445)
(0.10698 -0.00038902 -0.00173047)
(0.106132 -0.000753646 -0.00170732)
(0.10536 -0.000408098 -0.00178402)
(0.107446 -0.000346225 -0.00165182)
(0.106535 -0.000678724 -0.00161109)
(0.105688 -0.000359583 -0.00170052)
(0.107888 -0.000304122 -0.00159411)
(0.106917 -0.000610832 -0.00153354)
(0.105994 -0.000311316 -0.00164568)
(0.106282 -0.000259353 -0.00162024)
(0.104144 -0.00156214 -0.00211848)
(0.103249 -0.00189116 -0.00213913)
(0.103037 -0.0016255 -0.00220101)
(0.104607 -0.00141713 -0.00197798)
(0.103525 -0.00169753 -0.00195773)
(0.103288 -0.00147824 -0.002048)
(0.105011 -0.00127554 -0.00183434)
(0.103746 -0.00151966 -0.00178286)
(0.103494 -0.00132551 -0.00188809)
(0.105372 -0.00114699 -0.00170338)
(0.103938 -0.00136574 -0.00162824)
(0.103672 -0.00118127 -0.0017428)
(0.105708 -0.00103365 -0.0015903)
(0.104117 -0.00123435 -0.00149587)
(0.103835 -0.00105393 -0.00162806)
(0.106029 -0.000933807 -0.00149539)
(0.104295 -0.00112345 -0.00138379)
(0.103994 -0.000942376 -0.00153974)
(0.10448 -0.00102938 -0.00128858)
(0.104153 -0.00084109 -0.00147282)
(0.102684 -0.00198192 -0.00197934)
(0.101098 -0.00199951 -0.00200782)
(0.101099 -0.00200953 -0.00199757)
(0.102728 -0.00177193 -0.00176775)
(0.100854 -0.00175934 -0.00176802)
(0.100856 -0.0017707 -0.00175607)
(0.102749 -0.00159107 -0.00158424)
(0.100606 -0.00156672 -0.00156527)
(0.100609 -0.00156972 -0.0015612)
(0.102769 -0.00144083 -0.00142973)
(0.100378 -0.00141478 -0.0013957)
(0.100383 -0.00140314 -0.00140567)
(0.102801 -0.00131753 -0.0012996)
(0.100181 -0.00129718 -0.00125332)
(0.10019 -0.00126536 -0.00128223)
(0.102852 -0.00121716 -0.00118836)
(0.100019 -0.00120853 -0.0011318)
(0.100033 -0.00115159 -0.00118427)
(0.0998922 -0.00114294 -0.00102371)
(0.0999149 -0.00105653 -0.00110372)
(0.0994423 -0.00170113 -0.00178878)
(0.0952036 -0.0013439 -0.00179986)
(0.0968616 -0.00160579 -0.00168999)
(0.0989317 -0.00148572 -0.00156015)
(0.0941464 -0.00120584 -0.00164172)
(0.0959598 -0.00132342 -0.00140246)
(0.0984614 -0.0013252 -0.00137242)
(0.0931628 -0.00109927 -0.00149974)
(0.0951485 -0.00112193 -0.0011879)
(0.0980424 -0.00120752 -0.00121577)
(0.0922562 -0.00101978 -0.00136648)
(0.0944267 -0.000977597 -0.00102555)
(0.0976746 -0.00112516 -0.0010827)
(0.0914256 -0.000967295 -0.00124353)
(0.0937898 -0.00087405 -0.000898213)
(0.0973548 -0.00107075 -0.000965063)
(0.0906607 -0.000937993 -0.00113047)
(0.0932237 -0.000801002 -0.000794466)
(0.0899494 -0.000927401 -0.00102199)
(0.0927173 -0.000751245 -0.000705543)
(0.0905997 -0.0012163 -0.00175138)
(0.0850064 -0.00107824 -0.00149003)
(0.089148 -0.00111612 -0.00165167)
(0.0830602 -0.000915202 -0.00136817)
(0.0877983 -0.00103609 -0.00154382)
(0.0813233 -0.000804901 -0.00127281)
(0.0865511 -0.000977817 -0.00142949)
(0.0797441 -0.000731989 -0.00118439)
(0.0853897 -0.00094293 -0.00131579)
(0.0782936 -0.000689067 -0.00109567)
(0.0842955 -0.000928406 -0.00120392)
(0.0769489 -0.000667127 -0.00100518)
(0.0756908 -0.000658569 -0.000912229)
(0.0765604 0.000625265 -0.000992958)
(0.0844831 0.000690542 -0.000983457)
(0.0650535 0.000387234 -0.000470143)
(0.0746572 0.000518457 -0.000906531)
(0.0828843 0.000548406 -0.000845925)
(0.0629704 0.000307551 -0.00041733)
(0.0729337 0.000453171 -0.000833272)
(0.0814549 0.00045508 -0.000745781)
(0.0611389 0.000254574 -0.000376243)
(0.0713547 0.000413372 -0.000762748)
(0.0801634 0.000390687 -0.000664388)
(0.0595004 0.000218876 -0.000340362)
(0.0699004 0.000389565 -0.000695599)
(0.0789848 0.000343595 -0.000594122)
(0.0580223 0.00019409 -0.000308861)
(0.0685557 0.000377602 -0.000637486)
(0.0779015 0.000310473 -0.000536721)
(0.0566795 0.000176825 -0.00028427)
(0.0769086 0.000285527 -0.000492673)
(0.0554523 0.000163478 -0.00026851)
(0.09262 0.000959407 -0.000964102)
(0.0959598 0.00140246 -0.00132342)
(0.0844817 0.000980124 -0.000693491)
(0.091598 0.000773307 -0.000781306)
(0.0951486 0.0011879 -0.00112193)
(0.0828819 0.000840252 -0.000553364)
(0.0906951 0.00063768 -0.000651649)
(0.0944267 0.00102555 -0.000977595)
(0.0814508 0.000736137 -0.000463505)
(0.0898916 0.0005338 -0.000557196)
(0.0937898 0.00089821 -0.000874046)
(0.080156 0.000647723 -0.000405896)
(0.0891687 0.00045275 -0.000488817)
(0.0932237 0.000794462 -0.000800998)
(0.0789716 0.000566925 -0.000368902)
(0.0885176 0.000386046 -0.000440467)
(0.0927174 0.000705543 -0.000751245)
(0.0778792 0.000494632 -0.000347435)
(0.0922713 0.000619957 -0.000718245)
(0.0768723 0.000425965 -0.000339552)
(0.0989317 0.00156015 -0.00148572)
(0.100662 0.00158198 -0.00176737)
(0.0941464 0.00164172 -0.00120584)
(0.0984614 0.00137242 -0.0013252)
(0.100404 0.00139243 -0.00159318)
(0.0931629 0.00149974 -0.00109927)
(0.0980424 0.00121576 -0.00120752)
(0.100166 0.00122401 -0.00145048)
(0.0922562 0.00136648 -0.00101978)
(0.0976746 0.0010827 -0.00112515)
(0.0999551 0.00107961 -0.00134882)
(0.0914256 0.00124353 -0.000967295)
(0.0973548 0.000965061 -0.00107075)
(0.0997721 0.000955012 -0.00128133)
(0.0906607 0.00113047 -0.000937993)
(0.097081 0.000853115 -0.00103714)
(0.099614 0.000841568 -0.00124057)
(0.0899494 0.00102199 -0.000927404)
(0.0994793 0.000729404 -0.00122259)
(0.0892828 0.000909336 -0.000932846)
(0.102272 0.0013805 -0.00188746)
(0.102838 0.00101777 -0.00200683)
(0.0985079 0.00139194 -0.00151695)
(0.102266 0.00122726 -0.00173419)
(0.102961 0.000917322 -0.00187252)
(0.0981722 0.00129791 -0.00142287)
(0.102257 0.00108655 -0.00160988)
(0.103061 0.000823211 -0.00174828)
(0.0978217 0.00119169 -0.00134879)
(0.102248 0.000963905 -0.0015253)
(0.103149 0.000737692 -0.0016508)
(0.0974776 0.00108228 -0.00129966)
(0.10224 0.000854083 -0.00147341)
(0.103232 0.000660587 -0.00157982)
(0.0971399 0.000974929 -0.00127218)
(0.102233 0.000748697 -0.00145016)
(0.103308 0.000588994 -0.0015412)
(0.0967999 0.000869897 -0.00126443)
(0.10337 0.00051953 -0.00153591)
(0.0964491 0.000764171 -0.00127856)
(0.103551 0.000528195 -0.00199327)
(0.103426 2.16376e-06 -0.00204633)
(0.0999367 0.000486281 -0.0015737)
(0.103782 0.000485237 -0.00188864)
(0.103677 3.60584e-06 -0.00193883)
(0.0998944 0.000463219 -0.00148341)
(0.103985 0.000443787 -0.00179141)
(0.103894 6.12633e-06 -0.00183626)
(0.0998583 0.000440717 -0.00142214)
(0.104171 0.00040299 -0.00170732)
(0.104087 1.02877e-05 -0.00174302)
(0.0997984 0.000412942 -0.00138598)
(0.104341 0.000365433 -0.00164947)
(0.104268 1.71613e-05 -0.00166563)
(0.0997189 0.000381789 -0.00136551)
(0.104491 0.000332741 -0.00162899)
(0.104436 2.75729e-05 -0.00162253)
(0.0996138 0.00035187 -0.00136407)
(0.104581 4.37341e-05 -0.00161668)
(0.0994665 0.000326983 -0.00138903)
(0.103277 -0.00056973 -0.00209034)
(0.10268 -0.00111715 -0.00212596)
(0.0999814 -0.000509426 -0.00168307)
(0.103554 -0.000522752 -0.00199189)
(0.102841 -0.00101527 -0.00200502)
(0.0999392 -0.000481602 -0.00157296)
(0.103787 -0.000476007 -0.00188645)
(0.102967 -0.000913137 -0.00186977)
(0.0998986 -0.000455343 -0.00148214)
(0.103992 -0.000428219 -0.00178787)
(0.10307 -0.000815888 -0.00174383)
(0.0998652 -0.000427455 -0.00141999)
(0.104183 -0.000377091 -0.00170133)
(0.103164 -0.000725289 -0.00164324)
(0.09981 -0.000390812 -0.00138255)
(0.104362 -0.000323461 -0.00163869)
(0.103257 -0.000640143 -0.00156679)
(0.0997382 -0.00034516 -0.00135973)
(0.104526 -0.000265795 -0.00161023)
(0.10335 -0.000557644 -0.00151864)
(0.0996473 -0.000292027 -0.0013532)
(0.0995243 -0.000228267 -0.00136785)
(0.102267 -0.00153212 -0.00204072)
(0.100928 -0.00179339 -0.0019677)
(0.0988562 -0.00147296 -0.00162604)
(0.102278 -0.00137927 -0.00188433)
(0.100666 -0.00158273 -0.00176458)
(0.0985133 -0.00139015 -0.00151547)
(0.102276 -0.00122516 -0.00172928)
(0.100411 -0.00139378 -0.00158868)
(0.0981813 -0.00129494 -0.00142043)
(0.102273 -0.00108292 -0.00160156)
(0.100177 -0.00122636 -0.0014431)
(0.097837 -0.00118685 -0.00134453)
(0.102275 -0.000957939 -0.00151099)
(0.0999733 -0.00108363 -0.00133632)
(0.0975032 -0.00107463 -0.00129226)
(0.102285 -0.000845494 -0.00144905)
(0.0998025 -0.000962039 -0.00126046)
(0.0971829 -0.000962849 -0.00125895)
(0.0996637 -0.000854601 -0.00120587)
(0.0968723 -0.000851155 -0.00124087)
(0.0994449 -0.00179067 -0.00169872)
(0.0968625 -0.00169189 -0.00160388)
(0.0952063 -0.00180105 -0.00134256)
(0.0989361 -0.00156325 -0.00148159)
(0.0959613 -0.00140557 -0.00132019)
(0.0941511 -0.0016436 -0.00120357)
(0.0984691 -0.00137773 -0.00131828)
(0.0951512 -0.00119323 -0.00111645)
(0.0931709 -0.00150295 -0.00109554)
(0.0980553 -0.00122454 -0.00119598)
(0.0944313 -0.00103463 -0.000968338)
(0.0922697 -0.00137192 -0.00101356)
(0.0976961 -0.0010972 -0.00110602)
(0.0937974 -0.000913563 -0.00085799)
(0.0914481 -0.00125238 -0.00095687)
(0.0973896 -0.000989735 -0.00103939)
(0.0932363 -0.000819456 -0.00077474)
(0.0906984 -0.00114508 -0.000920198)
(0.0927373 -0.000744805 -0.000710515)
(0.090011 -0.00104617 -0.0008973)
(0.0937766 -0.00122754 -0.00122476)
(0.0863056 -0.000910278 -0.00118182)
(0.0863063 -0.00118379 -0.000908491)
(0.09262 -0.000964101 -0.000959404)
(0.0844817 -0.000693489 -0.000980122)
(0.0844831 -0.000983458 -0.000690541)
(0.091598 -0.000781307 -0.000773304)
(0.0828819 -0.000553363 -0.000840249)
(0.0828843 -0.000845926 -0.000548406)
(0.0906951 -0.000651651 -0.000637678)
(0.0814507 -0.000463504 -0.000736133)
(0.0814549 -0.000745784 -0.000455081)
(0.0898916 -0.0005572 -0.000533799)
(0.080156 -0.000405897 -0.000647718)
(0.0801634 -0.000664392 -0.000390689)
(0.0891687 -0.000488819 -0.000452745)
(0.0789716 -0.000368903 -0.00056692)
(0.0789848 -0.000594128 -0.000343597)
(0.0778792 -0.000347435 -0.000494622)
(0.0779015 -0.000536724 -0.000310473)
(0.0787016 -0.000795435 -0.00110793)
(0.0674927 -0.000509688 -0.000545432)
(0.076557 -0.000627731 -0.000988224)
(0.0650525 -0.000389406 -0.00046659)
(0.0746514 -0.000522548 -0.000898477)
(0.0629687 -0.000311059 -0.000411357)
(0.0729236 -0.000460558 -0.000819605)
(0.0611359 -0.000260302 -0.000366236)
(0.071337 -0.000426383 -0.000739956)
(0.0594951 -0.000228946 -0.000323596)
(0.0698693 -0.000408154 -0.000658414)
(0.0580128 -0.000210731 -0.000281221)
(0.0566634 -0.000200219 -0.000239418)
(0.0556164 0.000286025 -0.000289737)
(0.0650525 0.000466593 -0.000389406)
(0.0536285 0.000223827 -0.000229892)
(0.0629687 0.00041136 -0.000311058)
(0.0518859 0.000177942 -0.000188005)
(0.0611359 0.00036624 -0.000260299)
(0.0503398 0.000142545 -0.000159155)
(0.0594951 0.000323601 -0.000228941)
(0.0489592 0.00011286 -0.000139222)
(0.0580128 0.000281228 -0.000210725)
(0.0477165 8.43931e-05 -0.000125683)
(0.0566634 0.000239428 -0.000200212)
(0.0554262 0.000194646 -0.000195833)
(0.076557 0.000988228 -0.000627733)
(0.0830602 0.00136817 -0.000915204)
(0.0746514 0.000898481 -0.000522548)
(0.0813233 0.00127281 -0.000804901)
(0.0729236 0.000819609 -0.000460557)
(0.0797441 0.00118439 -0.000731987)
(0.071337 0.000739962 -0.00042638)
(0.0782936 0.00109567 -0.000689063)
(0.0698693 0.000658421 -0.000408148)
(0.0769489 0.00100518 -0.000667121)
(0.0685039 0.000576362 -0.000400134)
(0.0756908 0.000912227 -0.000658561)
(0.0745052 0.000812963 -0.000661093)
(0.089148 0.00165167 -0.00111612)
(0.0923655 0.00157504 -0.00126701)
(0.0877984 0.00154382 -0.00103609)
(0.0913271 0.0014783 -0.00117461)
(0.0865512 0.00142949 -0.000977815)
(0.0903341 0.00136552 -0.00110826)
(0.0853897 0.00131579 -0.000942927)
(0.0893975 0.00125026 -0.001066)
(0.0842955 0.00120392 -0.000928401)
(0.0885068 0.00113498 -0.00104452)
(0.0832525 0.00108827 -0.000930719)
(0.0876453 0.00101975 -0.00104069)
(0.0867977 0.000900143 -0.00105338)
(0.0948672 0.00135225 -0.00133052)
(0.095989 0.000916992 -0.00138057)
(0.0942282 0.0012911 -0.00126162)
(0.0955173 0.000902724 -0.00128112)
(0.0935939 0.00120606 -0.00121873)
(0.0950571 0.000869749 -0.0012217)
(0.0929648 0.00110568 -0.00119429)
(0.0945923 0.000811467 -0.0011927)
(0.0923352 0.000999283 -0.00118682)
(0.0941192 0.000742768 -0.00118585)
(0.0916935 0.000891045 -0.00119634)
(0.0936275 0.000673929 -0.00119532)
(0.093098 0.000607796 -0.00122331)
(0.0966701 0.000439172 -0.00133077)
(0.0968291 2.76775e-06 -0.00138925)
(0.0963864 0.000431966 -0.00123751)
(0.0965269 4.66632e-06 -0.00127137)
(0.0961146 0.000419071 -0.00119088)
(0.0962685 7.81536e-06 -0.00120199)
(0.0958255 0.000397923 -0.00118023)
(0.0959876 1.30469e-05 -0.0011769)
(0.0955029 0.00037254 -0.00119124)
(0.0956826 2.17104e-05 -0.00117876)
(0.095133 0.000349186 -0.00121982)
(0.0953476 3.61416e-05 -0.00119532)
(0.0949628 6.11015e-05 -0.0012281)
(0.0969945 -0.000443421 -0.00146819)
(0.0965062 -0.000930999 -0.0015211)
(0.0966737 -0.000432138 -0.00132984)
(0.0959934 -0.000912952 -0.00137985)
(0.0963925 -0.000420182 -0.00123584)
(0.0955249 -0.000895881 -0.00127966)
(0.096125 -0.000399437 -0.00118801)
(0.0950701 -0.000858524 -0.00121882)
(0.0958432 -0.000365362 -0.00117543)
(0.0946143 -0.000793179 -0.00118756)
(0.0955333 -0.000318594 -0.00118283)
(0.0941565 -0.000713085 -0.00117659)
(0.0951855 -0.000258768 -0.00120359)
(0.0936908 -0.000625084 -0.00117922)
(0.095524 -0.0013902 -0.00143543)
(0.0934838 -0.00165149 -0.00138658)
(0.0948754 -0.00134881 -0.00132933)
(0.0923715 -0.00157466 -0.00126582)
(0.0942422 -0.00128552 -0.00125908)
(0.0913373 -0.00147772 -0.0011725)
(0.0936175 -0.00119728 -0.0012138)
(0.0903513 -0.00136471 -0.00110441)
(0.0930047 -0.00109197 -0.00118508)
(0.0894264 -0.0012492 -0.00105944)
(0.0924023 -0.000977333 -0.00117049)
(0.0885555 -0.0011337 -0.00103273)
(0.0877268 -0.00101784 -0.00102046)
(0.0906042 -0.00175261 -0.00121504)
(0.0850086 -0.00149167 -0.00107721)
(0.0891557 -0.00165373 -0.00111405)
(0.0830642 -0.0013709 -0.000913504)
(0.0878114 -0.00154728 -0.00103269)
(0.0813302 -0.00127737 -0.000802098)
(0.086573 -0.00143527 -0.000972317)
(0.0797557 -0.00119208 -0.00072732)
(0.0854262 -0.00132534 -0.000933703)
(0.0783134 -0.00110877 -0.000680843)
(0.0843563 -0.0012193 -0.000912414)
(0.0769829 -0.00102664 -0.000653026)
(0.0757477 -0.000945792 -0.000637871)
(0.0787035 -0.00111069 -0.000793912)
(0.0674933 -0.000547505 -0.000508346)
(0.0765604 -0.000992958 -0.000625262)
(0.0650535 -0.000470145 -0.000387231)
(0.0746572 -0.000906532 -0.000518454)
(0.0629704 -0.000417332 -0.000307547)
(0.0729337 -0.000833273 -0.000453169)
(0.0611389 -0.000376245 -0.000254569)
(0.0713547 -0.00076275 -0.000413369)
(0.0595004 -0.000340364 -0.00021887)
(0.0699004 -0.000695602 -0.000389562)
(0.0580223 -0.000308864 -0.000194083)
(0.0566795 -0.000284272 -0.000176815)
(0.0579388 -0.000375886 -0.000373627)
(0.0556164 -0.000289739 -0.000286022)
(0.0536285 -0.000229895 -0.000223823)
(0.0518859 -0.00018801 -0.000177936)
(0.0503398 -0.000159161 -0.000142538)
(0.0489592 -0.000139228 -0.000112849)
)
;

boundaryField
{
    inlet
    {
        type            calculated;
        value           nonuniform List<vector> 0();
    }
    ami1
    {
        type            cyclicAMI;
        value           nonuniform List<vector> 0();
    }
    walls
    {
        type            calculated;
        value           uniform (0 0 0);
    }
    ami2
    {
        type            cyclicAMI;
        value           nonuniform List<vector> 0();
    }
    outlet
    {
        type            calculated;
        value           nonuniform List<vector> 0();
    }
    procBoundary3to2
    {
        type            processor;
        value           nonuniform List<vector> 
110
(
(0.0465923 0.000118392 5.17162e-05)
(0.0673125 0.000587679 0.000371218)
(0.082416 0.000996511 0.000900101)
(0.0912139 0.000719856 0.00117641)
(0.0947878 0.000184429 0.00124215)
(0.0946961 -0.000335817 0.0012734)
(0.093098 -0.000607816 0.0012233)
(0.0916935 -0.000891062 0.00119633)
(0.0832525 -0.00108828 0.000930706)
(0.0685039 -0.000576368 0.000400123)
(0.0477165 -8.44097e-05 0.000125671)
(0.0672286 0.000402903 0.000485808)
(0.0879413 0.0004049 0.000318349)
(0.0969339 0.000803204 0.000938569)
(0.10234 0.000621857 0.00138554)
(0.104672 0.00019835 0.00161204)
(0.104616 -0.000304869 0.00164288)
(0.10337 -0.000519565 0.0015359)
(0.102234 -0.000748725 0.00145015)
(0.097081 -0.00085314 0.00103712)
(0.0885176 -0.000386066 0.000440444)
(0.0685557 -0.000377621 0.000637467)
(0.0822486 0.000948292 0.000959072)
(0.0968514 0.00102154 0.00073667)
(0.103031 0.00106764 0.000995529)
(0.10666 0.000758383 0.00135172)
(0.108313 0.000259977 0.00155828)
(0.10829 -0.000301077 0.0015876)
(0.107263 -0.000557084 0.00151182)
(0.106315 -0.000833864 0.00145818)
(0.102928 -0.00108958 0.00113542)
(0.097135 -0.000986232 0.000894672)
(0.0833531 -0.000903164 0.0011124)
(0.0910226 0.00122582 0.000777335)
(0.102224 0.00145615 0.000639837)
(0.106616 0.00141798 0.00074387)
(0.109054 0.000970687 0.000939774)
(0.110165 0.000347079 0.00106676)
(0.110161 -0.000347537 0.00108186)
(0.109329 -0.000670022 0.0010473)
(0.108552 -0.00100819 0.00102824)
(0.106344 -0.00141694 0.000843381)
(0.102306 -0.00140874 0.000737099)
(0.0918065 -0.00116842 0.000855047)
(0.0946961 0.00127339 0.000335796)
(0.104616 0.00164286 0.000304853)
(0.10829 0.00158757 0.00030107)
(0.110161 0.00108183 0.00034753)
(0.110998 0.000387304 0.000383494)
(0.110998 -0.000383511 0.000387323)
(0.110257 -0.000744842 0.00037741)
(0.10956 -0.00111611 0.000372916)
(0.107888 -0.00159412 0.000304085)
(0.104526 -0.00161024 0.000265763)
(0.0951854 -0.0012036 0.000258744)
(0.0947878 0.00124214 -0.000184459)
(0.104672 0.00161203 -0.000198373)
(0.108313 0.00155826 -0.00025999)
(0.110165 0.00106673 -0.000347093)
(0.110998 0.000383458 -0.000387328)
(0.110998 -0.000387358 -0.000383498)
(0.110256 -0.000752107 -0.000376053)
(0.109557 -0.00112591 -0.00037342)
(0.107872 -0.0016127 -0.000331192)
(0.104491 -0.00162899 -0.000332768)
(0.095133 -0.00121982 -0.000349202)
(0.0912139 0.00117642 -0.00071989)
(0.10234 0.00138554 -0.000621888)
(0.10666 0.0013517 -0.000758415)
(0.109054 0.000939735 -0.00097072)
(0.110161 0.000347486 -0.00108187)
(0.110165 -0.000347132 -0.00106677)
(0.10933 -0.000681431 -0.00102902)
(0.108552 -0.00102827 -0.00100818)
(0.106315 -0.00145821 -0.000833854)
(0.102233 -0.00145017 -0.000748713)
(0.0916935 -0.00119634 -0.000891054)
(0.0824159 0.000900104 -0.000996536)
(0.0969338 0.000938567 -0.000803234)
(0.103031 0.000995511 -0.00106767)
(0.106616 0.000743837 -0.00141802)
(0.10829 0.000301032 -0.00158761)
(0.108313 -0.000260022 -0.0015583)
(0.10729 -0.0005457 -0.0014746)
(0.106344 -0.000843416 -0.00141692)
(0.102928 -0.00113545 -0.00108957)
(0.0970809 -0.00103714 -0.000853122)
(0.0832525 -0.000930722 -0.00108827)
(0.0673125 0.000371216 -0.000587674)
(0.0879413 0.000318347 -0.000404907)
(0.0968514 0.000736653 -0.00102156)
(0.102224 0.000639816 -0.00145618)
(0.104616 0.000304831 -0.00164289)
(0.104672 -0.000198388 -0.00161206)
(0.103439 -0.000470786 -0.00149757)
(0.102306 -0.000737134 -0.00140872)
(0.097135 -0.000894704 -0.00098621)
(0.0885176 -0.000440472 -0.000386042)
(0.0685039 -0.00040014 -0.000576353)
(0.0465923 5.17177e-05 -0.000118381)
(0.0672286 0.000485811 -0.0004029)
(0.0822486 0.000959061 -0.000948298)
(0.0910226 0.000777322 -0.00122583)
(0.0946961 0.000335791 -0.00127341)
(0.0947878 -0.000184455 -0.00124216)
(0.0932064 -0.000526042 -0.00119427)
(0.0918066 -0.000855077 -0.00116841)
(0.0833531 -0.00111243 -0.000903143)
(0.0685557 -0.000637486 -0.000377598)
(0.0477165 -0.000125691 -8.43812e-05)
)
;
    }
    procBoundary3to4
    {
        type            processor;
        value           nonuniform List<vector> 
109
(
(0.0579388 0.00037589 0.000373624)
(0.0787035 0.0011107 0.000793915)
(0.0906042 0.00175261 0.00121504)
(0.0955241 0.0013902 0.00143543)
(0.0969945 0.00044342 0.00146819)
(0.0969925 -0.000447589 0.00146871)
(0.0955193 -0.00139227 0.00143603)
(0.0905997 -0.00175138 0.0012163)
(0.0787016 -0.00110793 0.000795432)
(0.0579388 -0.000373636 0.000375878)
(0.0787016 0.000795439 0.00110792)
(0.0937766 0.00122754 0.00122476)
(0.0994449 0.00179067 0.00169872)
(0.102267 0.00153211 0.00204072)
(0.103277 0.000569726 0.00209034)
(0.103275 -0.000573004 0.00209123)
(0.102263 -0.00153289 0.00204277)
(0.0994423 -0.00178878 0.00170112)
(0.0937766 -0.00122477 0.00122753)
(0.0787035 -0.000793921 0.00111069)
(0.0905997 0.0012163 0.00175137)
(0.0994423 0.00170113 0.00178877)
(0.102684 0.00198192 0.00197934)
(0.104144 0.00156214 0.00211847)
(0.104654 0.000580557 0.00211671)
(0.104652 -0.00058222 0.0021177)
(0.104142 -0.00156151 0.00212087)
(0.102684 -0.00197935 0.00198192)
(0.0994449 -0.00169873 0.00179066)
(0.0906042 -0.00121505 0.00175261)
(0.0955193 0.00143603 0.00139226)
(0.102263 0.00204278 0.00153288)
(0.104142 0.00212087 0.0015615)
(0.104836 0.00156575 0.00156444)
(0.105068 0.000569805 0.00152868)
(0.105068 -0.000569853 0.00152937)
(0.104836 -0.00156445 0.00156575)
(0.104144 -0.00211848 0.00156214)
(0.102267 -0.00204072 0.00153211)
(0.095524 -0.00143544 0.0013902)
(0.0969925 0.00146871 0.000447584)
(0.103275 0.00209123 0.000572996)
(0.104652 0.0021177 0.000582212)
(0.105068 0.00152937 0.000569846)
(0.105185 0.000552516 0.000552283)
(0.105185 -0.00055229 0.000552518)
(0.105068 -0.00152869 0.000569805)
(0.104654 -0.00211671 0.000580556)
(0.103277 -0.00209034 0.000569724)
(0.0969945 -0.00146819 0.000443415)
(0.0969945 0.00146819 -0.000443424)
(0.103277 0.00209034 -0.000569733)
(0.104654 0.00211671 -0.000580564)
(0.105068 0.00152868 -0.000569811)
(0.105185 0.00055228 -0.000552523)
(0.105185 -0.000552526 -0.000552287)
(0.104654 -0.000570712 -0.00106029)
(0.105068 -0.00152938 -0.00056985)
(0.10453 -0.00157764 -0.00110038)
(0.104652 -0.00211771 -0.000582217)
(0.104092 -0.0021711 -0.00113125)
(0.103275 -0.00209123 -0.000573003)
(0.102678 -0.00212713 -0.00111866)
(0.0969925 -0.00146871 -0.000447593)
(0.0965036 -0.00152152 -0.000933391)
(0.095524 0.00143544 -0.00139021)
(0.102267 0.00204072 -0.00153212)
(0.104144 0.00211847 -0.00156214)
(0.104836 0.00156444 -0.00156576)
(0.105068 0.000569843 -0.00152938)
(0.104617 3.52024e-08 -0.00154939)
(0.104155 -0.000586901 -0.0015516)
(0.104034 -0.00162382 -0.00162297)
(0.1036 -0.00223297 -0.00168864)
(0.102213 -0.00217747 -0.00166775)
(0.0962062 -0.00158267 -0.00142699)
(0.0906042 0.00121504 -0.00175261)
(0.0994449 0.00169872 -0.00179067)
(0.102684 0.00197934 -0.00198193)
(0.104142 0.0015615 -0.00212087)
(0.104652 0.000582212 -0.0021177)
(0.104297 6.97692e-07 -0.00215389)
(0.103917 -0.000620567 -0.00217)
(0.103601 -0.00168904 -0.00223148)
(0.10258 -0.00220373 -0.00220214)
(0.0999669 -0.00196887 -0.00205559)
(0.0921372 -0.0013453 -0.00186289)
(0.0787034 0.000793915 -0.00111069)
(0.0937766 0.00122476 -0.00122754)
(0.0994423 0.00178878 -0.00170113)
(0.102263 0.00153289 -0.00204278)
(0.103275 0.000572999 -0.00209123)
(0.103123 1.32639e-06 -0.00213524)
(0.102934 -0.000609396 -0.00215756)
(0.102216 -0.0016673 -0.00217612)
(0.0999684 -0.00205681 -0.00196744)
(0.0950734 -0.00159775 -0.00159607)
(0.0811881 -0.00102959 -0.00126413)
(0.0579388 0.000373629 -0.000375885)
(0.0787016 0.00110793 -0.000795438)
(0.0905997 0.00175138 -0.0012163)
(0.0955193 0.00139226 -0.00143603)
(0.0969925 0.000447588 -0.00146871)
(0.09718 1.63569e-06 -0.00154765)
(0.0973628 -0.000456785 -0.00164113)
(0.0962089 -0.00142574 -0.00158227)
(0.0921398 -0.00186367 -0.00134455)
(0.0811891 -0.00126569 -0.00102865)
(0.0607577 -0.000495388 -0.000494132)
)
;
    }
}


// ************************************************************************* //
