/*--------------------------------*- C++ -*----------------------------------*\
| =========                 |                                                 |
| \\      /  F ield         | OpenFOAM: The Open Source CFD Toolbox           |
|  \\    /   O peration     | Version:  2212                                  |
|   \\  /    A nd           | Website:  www.openfoam.com                      |
|    \\/     M anipulation  |                                                 |
\*---------------------------------------------------------------------------*/
FoamFile
{
    version     2.0;
    format      ascii;
    arch        "LSB;label=32;scalar=64";
    class       surfaceVectorField;
    location    "2.8";
    object      Uf;
}
// * * * * * * * * * * * * * * * * * * * * * * * * * * * * * * * * * * * * * //

dimensions      [0 1 -1 0 0 0 0];

internalField   nonuniform List<vector> 
1815
(
(0.0277438 -4.67019e-05 -1.70113e-05)
(0.0351092 -6.5712e-05 -8.52214e-05)
(0.034125 -0.000109689 5.35774e-06)
(0.0273664 -5.06338e-05 -1.07505e-05)
(0.0346801 -8.67193e-05 -8.66341e-05)
(0.0336668 -9.1024e-05 1.69776e-05)
(0.0270018 -5.09233e-05 -5.25239e-06)
(0.0342718 -9.89273e-05 -8.42845e-05)
(0.0332337 -7.66677e-05 2.62326e-05)
(0.0266512 -4.95566e-05 -1.73024e-06)
(0.0338628 -0.000105411 -8.21721e-05)
(0.0328024 -6.5741e-05 3.16941e-05)
(0.0263127 -4.81935e-05 7.05392e-07)
(0.0334772 -0.000109542 -8.03283e-05)
(0.0323987 -5.70879e-05 3.51635e-05)
(0.0259879 -4.69479e-05 2.70141e-06)
(0.0330964 -0.000111752 -7.78289e-05)
(0.0320019 -4.96046e-05 3.78619e-05)
(0.0256736 -4.54709e-05 4.47235e-06)
(0.0327321 -0.000113417 -7.51942e-05)
(0.0316266 -4.37497e-05 3.96333e-05)
(0.0253731 -4.42194e-05 5.78702e-06)
(0.0323767 -0.000113747 -7.14494e-05)
(0.031264 -3.76835e-05 4.08091e-05)
(0.0250773 -4.36662e-05 5.88776e-06)
(0.032023 -0.000114642 -6.84878e-05)
(0.0309109 -3.4406e-05 4.04894e-05)
(0.0247871 -4.23822e-05 5.27521e-06)
(0.0316762 -0.000112259 -6.49224e-05)
(0.0305702 -3.33752e-05 3.80689e-05)
(0.0313437 -0.00010483 -5.86854e-05)
(0.0302486 -3.30262e-05 3.43946e-05)
(0.04564 -0.000151026 -0.000195785)
(0.0534421 -0.000274534 -0.000383909)
(0.0589883 -0.000182148 -7.98577e-05)
(0.0451453 -0.000163807 -0.000199187)
(0.0529272 -0.000277589 -0.000395401)
(0.0585301 -0.000187978 -9.15207e-05)
(0.0446674 -0.000169546 -0.00019823)
(0.0524346 -0.000269529 -0.000395975)
(0.0580989 -0.000189731 -9.75222e-05)
(0.0442034 -0.000173412 -0.000196152)
(0.0519209 -0.000263698 -0.000394915)
(0.0576468 -0.000187354 -0.000100377)
(0.0437507 -0.000175971 -0.000192812)
(0.0514296 -0.000260434 -0.00039239)
(0.0572256 -0.000183681 -0.000100995)
(0.0433096 -0.000178345 -0.000188473)
(0.0509271 -0.000258832 -0.000387992)
(0.0567903 -0.000177383 -9.88538e-05)
(0.0428749 -0.000180963 -0.000182712)
(0.0504394 -0.000259583 -0.000381792)
(0.0563763 -0.000173315 -9.66998e-05)
(0.0424476 -0.000184615 -0.000176351)
(0.0499491 -0.000263066 -0.000374054)
(0.0559573 -0.000165528 -9.11142e-05)
(0.0420168 -0.00018723 -0.000169111)
(0.0494509 -0.000268763 -0.000365505)
(0.0555365 -0.000164772 -8.88822e-05)
(0.0415897 -0.000185019 -0.000157651)
(0.048966 -0.000257983 -0.000342333)
(0.0551232 -0.000172758 -8.98705e-05)
(0.0484907 -0.000240121 -0.000307346)
(0.054707 -0.000175517 -8.77838e-05)
(0.062589 -0.000340501 -0.000625227)
(0.0679299 -0.000256227 -0.000754754)
(0.0763879 -0.000418904 -0.000494892)
(0.0620615 -0.000337741 -0.000635718)
(0.0673746 -0.000274465 -0.00077582)
(0.0761021 -0.000403253 -0.000518765)
(0.0615232 -0.000329378 -0.000637272)
(0.0668096 -0.000281373 -0.00078225)
(0.075808 -0.000383479 -0.000531087)
(0.0609767 -0.000324162 -0.000636454)
(0.0662084 -0.000287987 -0.000783661)
(0.0754906 -0.000367643 -0.000539595)
(0.0604225 -0.000321962 -0.000633248)
(0.0656063 -0.000294221 -0.000781702)
(0.0751678 -0.000357703 -0.000545701)
(0.0598634 -0.000322134 -0.000627013)
(0.064983 -0.00030063 -0.000776561)
(0.0748272 -0.000350069 -0.000547711)
(0.0592998 -0.00032594 -0.000618685)
(0.0643605 -0.000306619 -0.000767)
(0.0744801 -0.000347655 -0.000547817)
(0.0587335 -0.000331994 -0.000608341)
(0.0637339 -0.000315812 -0.000756221)
(0.0741224 -0.000345897 -0.000544228)
(0.0581641 -0.000323876 -0.000581803)
(0.0630963 -0.000322815 -0.000742317)
(0.0737519 -0.000350685 -0.000541181)
(0.0576047 -0.00029501 -0.000530825)
(0.0624808 -0.000317726 -0.000709993)
(0.0733872 -0.000342555 -0.00052214)
(0.0618679 -0.00030697 -0.000665524)
(0.0730113 -0.00032748 -0.000491498)
(0.0734185 -0.000267954 -0.000918949)
(0.0764517 -0.000271659 -0.00103848)
(0.0861348 -0.000267834 -0.00085099)
(0.0728175 -0.000296629 -0.000936492)
(0.0758358 -0.000315628 -0.00105305)
(0.0858864 -0.000289844 -0.000880839)
(0.0721812 -0.000317823 -0.000943287)
(0.0751842 -0.000344865 -0.00105644)
(0.0855998 -0.000308952 -0.000898635)
(0.071519 -0.000334922 -0.000943798)
(0.074505 -0.000367227 -0.0010529)
(0.085284 -0.000326607 -0.000909089)
(0.0708383 -0.000348935 -0.000939988)
(0.0738078 -0.000384897 -0.00104488)
(0.0849413 -0.000341368 -0.000914162)
(0.0701454 -0.000359742 -0.000931514)
(0.0730992 -0.000399034 -0.00103346)
(0.0845804 -0.000354244 -0.000914301)
(0.0694458 -0.00036867 -0.000919441)
(0.0723827 -0.000408367 -0.00101831)
(0.0842014 -0.000366306 -0.000910842)
(0.0687466 -0.000375162 -0.000905083)
(0.0716694 -0.000415834 -0.00100223)
(0.0838148 -0.000376462 -0.000903285)
(0.068054 -0.000376326 -0.000886524)
(0.0709523 -0.0004163 -0.000985432)
(0.0834171 -0.000384424 -0.000893157)
(0.0673727 -0.000374705 -0.000863587)
(0.0702502 -0.00040673 -0.000966303)
(0.0830205 -0.000388193 -0.000876628)
(0.0695505 -0.000394371 -0.000945126)
(0.0826217 -0.000389046 -0.000855336)
(0.0790677 -0.000292349 -0.00118705)
(0.0910681 -0.000189222 -0.00118708)
(0.0783975 -0.000340389 -0.0011863)
(0.0907717 -0.000249182 -0.0011926)
(0.0777003 -0.000374693 -0.00117821)
(0.0904429 -0.000297348 -0.00119109)
(0.0769847 -0.00040088 -0.00116513)
(0.0900898 -0.000337461 -0.00118416)
(0.0762576 -0.000421106 -0.00114865)
(0.0897176 -0.00037082 -0.00117251)
(0.0755251 -0.000436052 -0.0011298)
(0.089331 -0.000398304 -0.00115745)
(0.0747916 -0.000446327 -0.00110994)
(0.0889347 -0.000420182 -0.00113973)
(0.0740611 -0.000451754 -0.00109051)
(0.0885315 -0.000437454 -0.00112161)
(0.0733347 -0.000450791 -0.00107141)
(0.0881259 -0.000449027 -0.00110216)
(0.0726123 -0.000443351 -0.00105177)
(0.0877167 -0.000453916 -0.00108073)
(0.0873069 -0.000454067 -0.00105937)
(0.0431403 -0.000222367 1.99201e-05)
(0.0576166 -0.000217146 1.51188e-05)
(0.0496972 -0.000506376 1.93251e-05)
(0.0425803 -0.000191383 2.35313e-05)
(0.057118 -0.000217527 -2.89091e-06)
(0.0490459 -0.000439347 6.95757e-06)
(0.0420451 -0.000166011 2.82877e-05)
(0.056652 -0.000216662 -1.37232e-05)
(0.0484564 -0.000379735 1.59065e-06)
(0.0415306 -0.000146767 3.15943e-05)
(0.056169 -0.000209745 -1.91152e-05)
(0.0478727 -0.000342338 -3.17012e-06)
(0.0410343 -0.000130996 3.37448e-05)
(0.0557225 -0.000200302 -2.22295e-05)
(0.0473427 -0.000317664 -6.61969e-06)
(0.0405592 -0.000117753 3.50735e-05)
(0.055265 -0.00018776 -2.29644e-05)
(0.0468133 -0.000297625 -8.90596e-06)
(0.0401011 -0.000106158 3.52168e-05)
(0.0548355 -0.00017756 -2.37582e-05)
(0.0463248 -0.000281459 -1.13937e-05)
(0.039665 -9.64865e-05 3.42074e-05)
(0.0544066 -0.000162205 -2.27753e-05)
(0.0458448 -0.000266703 -1.45521e-05)
(0.0392443 -8.93521e-05 3.27132e-05)
(0.0539867 -0.000153927 -2.38167e-05)
(0.0453847 -0.000254043 -1.73961e-05)
(0.0388401 -8.46451e-05 2.99787e-05)
(0.0535818 -0.000153832 -2.85982e-05)
(0.0449481 -0.00023746 -1.50627e-05)
(0.0531809 -0.000151782 -3.29113e-05)
(0.0445311 -0.000224947 -1.49152e-05)
(0.0752904 -0.000298257 -1.91475e-05)
(0.0832651 -0.000469122 -0.000183787)
(0.0824734 -0.000610447 3.33261e-05)
(0.0748956 -0.00030925 -5.37909e-05)
(0.0830495 -0.000458022 -0.000228867)
(0.0821501 -0.000601877 -1.48607e-05)
(0.0744969 -0.000312342 -7.62934e-05)
(0.0828313 -0.000447641 -0.000261348)
(0.0818457 -0.000589439 -5.08601e-05)
(0.0740976 -0.000306695 -8.90352e-05)
(0.0825899 -0.000432864 -0.000281331)
(0.0815347 -0.000573715 -7.59443e-05)
(0.0736973 -0.000296183 -9.55907e-05)
(0.0823533 -0.000420671 -0.000295836)
(0.0812418 -0.000555993 -9.32904e-05)
(0.073297 -0.000283921 -9.8697e-05)
(0.0820954 -0.000407427 -0.000304426)
(0.0809416 -0.000534476 -0.000104923)
(0.0728957 -0.00026856 -9.8565e-05)
(0.0818386 -0.000398904 -0.00031207)
(0.080652 -0.000516629 -0.000113693)
(0.0724962 -0.000253928 -9.73497e-05)
(0.0815683 -0.000384817 -0.000312083)
(0.0803574 -0.000491061 -0.000118807)
(0.0720948 -0.000256092 -0.000102284)
(0.0812926 -0.000381021 -0.000315877)
(0.0800635 -0.00047819 -0.000124026)
(0.071684 -0.000265311 -0.00010963)
(0.0810156 -0.000392146 -0.000322412)
(0.0797718 -0.000477247 -0.000132085)
(0.0807122 -0.000397479 -0.000322563)
(0.0794617 -0.000470186 -0.000137267)
(0.0922839 -0.000539684 -0.0004266)
(0.0960762 -0.000414064 -0.000605103)
(0.0979108 -0.000827242 -0.000317176)
(0.0922717 -0.00051699 -0.000469817)
(0.0961399 -0.00041155 -0.00065383)
(0.0979914 -0.000787766 -0.000373213)
(0.0922384 -0.000495467 -0.000500123)
(0.0961667 -0.000411646 -0.000688691)
(0.098052 -0.000754357 -0.000418141)
(0.0921855 -0.000477831 -0.000522454)
(0.0961789 -0.000410496 -0.000712467)
(0.0981164 -0.000725599 -0.000452337)
(0.0921138 -0.000464948 -0.000539726)
(0.0961587 -0.000412024 -0.000731077)
(0.0981585 -0.000704391 -0.000481186)
(0.0920238 -0.000457136 -0.000553614)
(0.0961242 -0.00041357 -0.000743104)
(0.0982002 -0.000685423 -0.000503712)
(0.0919163 -0.000450028 -0.000562049)
(0.096063 -0.000421095 -0.000754379)
(0.0982218 -0.000670838 -0.000522568)
(0.0917961 -0.000446691 -0.000567598)
(0.0959869 -0.000421419 -0.000755955)
(0.0982406 -0.000653837 -0.000533343)
(0.0916621 -0.000451272 -0.000573053)
(0.0958974 -0.000430352 -0.000760237)
(0.098248 -0.000649294 -0.000544476)
(0.0915119 -0.000454467 -0.000571859)
(0.0957902 -0.000438987 -0.000758719)
(0.0982454 -0.000647755 -0.000551119)
(0.0956649 -0.00044083 -0.000748521)
(0.0982259 -0.000645531 -0.000551107)
(0.100309 -0.000316584 -0.000846901)
(0.102127 -0.000228021 -0.00102633)
(0.105164 -0.000536692 -0.000740993)
(0.10042 -0.000334037 -0.00088777)
(0.102243 -0.000267868 -0.00105778)
(0.105388 -0.000533587 -0.000791591)
(0.100499 -0.000353068 -0.000916457)
(0.102324 -0.000306093 -0.00107838)
(0.105586 -0.000535537 -0.000830474)
(0.100548 -0.000370852 -0.000936657)
(0.102379 -0.000340797 -0.00109074)
(0.105767 -0.000539705 -0.000859994)
(0.100569 -0.000386602 -0.00095004)
(0.102405 -0.000371146 -0.00109656)
(0.105925 -0.000544961 -0.00088305)
(0.100566 -0.000403011 -0.00095945)
(0.10241 -0.000397313 -0.00109672)
(0.106065 -0.000550619 -0.000899956)
(0.100542 -0.000418073 -0.000963793)
(0.102393 -0.000422271 -0.00109474)
(0.106188 -0.000558766 -0.000914193)
(0.100499 -0.000431651 -0.000963818)
(0.102358 -0.000441373 -0.00108737)
(0.106294 -0.000563511 -0.000920615)
(0.10044 -0.000445468 -0.00096067)
(0.102312 -0.000459954 -0.00107806)
(0.106391 -0.000571503 -0.000925588)
(0.100365 -0.00045421 -0.000949523)
(0.102246 -0.000473708 -0.00106274)
(0.106467 -0.000580002 -0.0009256)
(0.102175 -0.000480875 -0.00104322)
(0.106537 -0.000585688 -0.000919552)
(0.104162 -0.000164876 -0.00125024)
(0.108683 -0.000285951 -0.00118314)
(0.104249 -0.000228059 -0.00126031)
(0.108905 -0.000330496 -0.0012005)
(0.104306 -0.000284675 -0.00126352)
(0.109104 -0.000372027 -0.00121099)
(0.104338 -0.000334201 -0.00126057)
(0.109282 -0.000409783 -0.00121567)
(0.104347 -0.000376799 -0.00125234)
(0.109441 -0.000443229 -0.0012151)
(0.104336 -0.000413123 -0.00124031)
(0.109583 -0.000472328 -0.00121065)
(0.10431 -0.000443713 -0.00122586)
(0.10971 -0.000497605 -0.00120337)
(0.104269 -0.000468568 -0.00120859)
(0.109824 -0.000518956 -0.0011939)
(0.104218 -0.000487063 -0.00118664)
(0.109928 -0.000536889 -0.00118104)
(0.104159 -0.000500284 -0.00116239)
(0.110022 -0.000550847 -0.00116392)
(0.110109 -0.000562231 -0.00114572)
(0.0571386 -0.000707915 8.7727e-05)
(0.0727159 -0.000787952 0.000132244)
(0.0627128 -0.000968381 0.000205442)
(0.0564314 -0.000599379 6.86954e-05)
(0.0722065 -0.000715786 9.77455e-05)
(0.0618727 -0.000865365 0.000182006)
(0.0557827 -0.000519931 5.37317e-05)
(0.0717512 -0.000650796 7.03348e-05)
(0.0611221 -0.000774587 0.000160271)
(0.0551756 -0.00047305 4.16637e-05)
(0.071317 -0.000608576 4.71908e-05)
(0.0604088 -0.000709224 0.000144228)
(0.0546002 -0.000442594 3.24435e-05)
(0.0709218 -0.000577793 2.89715e-05)
(0.0597635 -0.000661731 0.000132258)
(0.0540521 -0.00041878 2.5066e-05)
(0.0705336 -0.000549693 1.49733e-05)
(0.0591363 -0.000623613 0.000121816)
(0.0535273 -0.000398895 1.81284e-05)
(0.0701715 -0.000526307 2.7939e-06)
(0.0585586 -0.000591351 0.000112705)
(0.0530251 -0.000380696 1.20716e-05)
(0.0698139 -0.000501409 -7.12313e-06)
(0.0579954 -0.00056495 0.000102899)
(0.0525424 -0.000360277 9.54887e-06)
(0.0694706 -0.000484557 -1.67237e-05)
(0.0574602 -0.000537556 9.69788e-05)
(0.0520781 -0.000339675 9.03564e-06)
(0.0691397 -0.000464682 -2.24103e-05)
(0.0569502 -0.000509272 9.28301e-05)
(0.0688095 -0.000448419 -2.76121e-05)
(0.0564527 -0.000486383 8.68139e-05)
(0.0904592 -0.000881267 0.000148767)
(0.0970081 -0.00103051 2.98121e-05)
(0.0944178 -0.00114068 0.000257546)
(0.0902365 -0.000841694 0.000103407)
(0.0969658 -0.000976137 -2.40846e-05)
(0.094188 -0.00107316 0.000232865)
(0.0900335 -0.000806003 6.57376e-05)
(0.096928 -0.00092717 -7.04339e-05)
(0.0939803 -0.0010094 0.000209653)
(0.0898451 -0.000776336 3.48195e-05)
(0.096913 -0.000891524 -0.000110146)
(0.0938069 -0.0009564 0.000188343)
(0.0896675 -0.000746568 1.05866e-05)
(0.0968909 -0.00086191 -0.000142688)
(0.0936405 -0.000909883 0.000168883)
(0.0894962 -0.000719318 -9.19251e-06)
(0.0968845 -0.000833279 -0.00016819)
(0.0934996 -0.000867175 0.000151236)
(0.0893276 -0.000690799 -2.50543e-05)
(0.0968686 -0.000808979 -0.000188957)
(0.0933602 -0.000833152 0.000133704)
(0.0891612 -0.000667431 -3.91461e-05)
(0.0968596 -0.000780732 -0.000204707)
(0.0932339 -0.000796705 0.000120213)
(0.0889907 -0.000653841 -5.27507e-05)
(0.0968463 -0.000767877 -0.000221295)
(0.0931103 -0.000774192 0.000105504)
(0.0888175 -0.000638702 -6.39869e-05)
(0.0968269 -0.000758754 -0.000234999)
(0.0929886 -0.000752425 9.08557e-05)
(0.0967999 -0.000749551 -0.000246346)
(0.0928662 -0.000730807 7.84994e-05)
(0.104285 -0.00105294 -0.000170044)
(0.107263 -0.000902162 -0.000353691)
(0.107122 -0.00125915 3.44665e-06)
(0.104453 -0.000998326 -0.000224312)
(0.107507 -0.000860013 -0.000407196)
(0.107294 -0.0011864 -3.5207e-05)
(0.104624 -0.000955483 -0.000272574)
(0.107744 -0.00082737 -0.000454383)
(0.10747 -0.00112572 -7.22465e-05)
(0.104795 -0.000922188 -0.000314232)
(0.107984 -0.000803003 -0.00049509)
(0.10766 -0.00107619 -0.000106647)
(0.104965 -0.000893591 -0.000348632)
(0.108212 -0.000784432 -0.000529132)
(0.107847 -0.00103503 -0.000137325)
(0.105131 -0.000866021 -0.000375741)
(0.108438 -0.000767699 -0.000556611)
(0.108042 -0.000998561 -0.000162856)
(0.105297 -0.000840021 -0.00039693)
(0.108653 -0.000751739 -0.000578119)
(0.108233 -0.000964824 -0.00018386)
(0.105456 -0.000821942 -0.000415499)
(0.108865 -0.000736862 -0.000594829)
(0.108429 -0.000934432 -0.00020043)
(0.105611 -0.000813096 -0.000432455)
(0.10907 -0.00073143 -0.00060946)
(0.108623 -0.000914597 -0.000218223)
(0.10576 -0.000809246 -0.000446576)
(0.109262 -0.000730088 -0.000621575)
(0.108813 -0.000900458 -0.000234347)
(0.10945 -0.000732159 -0.000631616)
(0.109001 -0.000888696 -0.000247443)
(0.110721 -0.00073307 -0.000600155)
(0.11207 -0.000587927 -0.00080235)
(0.113075 -0.000884146 -0.000390221)
(0.111043 -0.000711459 -0.000646795)
(0.112409 -0.000584377 -0.000837291)
(0.113422 -0.000845271 -0.000427604)
(0.111355 -0.000696667 -0.000686419)
(0.112735 -0.000585372 -0.000866182)
(0.113762 -0.000814759 -0.000461277)
(0.111656 -0.000687027 -0.00071935)
(0.11305 -0.000589262 -0.000889239)
(0.114095 -0.000790588 -0.000490807)
(0.111946 -0.000681011 -0.000746218)
(0.113353 -0.000595074 -0.000907072)
(0.114421 -0.000771677 -0.000515983)
(0.112224 -0.000677101 -0.00076783)
(0.113643 -0.000601164 -0.000920412)
(0.11474 -0.000756073 -0.00053682)
(0.112493 -0.000673993 -0.000784526)
(0.113923 -0.000607272 -0.000929994)
(0.115051 -0.00074309 -0.000554019)
(0.112748 -0.000672755 -0.000797003)
(0.114192 -0.000612621 -0.000935796)
(0.115354 -0.000731646 -0.000567604)
(0.112996 -0.000675331 -0.000806499)
(0.114451 -0.000620187 -0.000938328)
(0.115651 -0.000724567 -0.000579423)
(0.113233 -0.000681508 -0.00081406)
(0.1147 -0.000629608 -0.000938268)
(0.115939 -0.000721467 -0.000589457)
(0.114941 -0.000639796 -0.000936529)
(0.116222 -0.000721318 -0.000597918)
(0.113822 -0.000429178 -0.00105004)
(0.115973 -0.000505615 -0.000818793)
(0.114168 -0.000449603 -0.00106647)
(0.116367 -0.000509298 -0.00083277)
(0.114498 -0.000470499 -0.00107807)
(0.116748 -0.000515023 -0.000843775)
(0.114815 -0.000490897 -0.00108538)
(0.117117 -0.000522019 -0.000851815)
(0.115119 -0.000509869 -0.00108905)
(0.117476 -0.000529373 -0.000857155)
(0.115411 -0.000527077 -0.00108975)
(0.117824 -0.000536446 -0.000860035)
(0.115692 -0.000542473 -0.00108793)
(0.118162 -0.000543063 -0.000860812)
(0.115963 -0.000556523 -0.00108353)
(0.118492 -0.000549131 -0.000859755)
(0.116225 -0.000569872 -0.00107649)
(0.118813 -0.000555268 -0.000856578)
(0.116478 -0.000582414 -0.00106702)
(0.119127 -0.000561814 -0.000851528)
(0.119434 -0.000568339 -0.000845077)
(0.0681656 -0.00118586 0.000270521)
(0.0826867 -0.00128603 0.000286371)
(0.0724783 -0.00134919 0.000281695)
(0.0672617 -0.00109128 0.000259256)
(0.0820765 -0.00118797 0.000284485)
(0.0715195 -0.0012527 0.000301383)
(0.066436 -0.0010085 0.000244725)
(0.0815288 -0.00109961 0.00027663)
(0.0706329 -0.00116676 0.000310934)
(0.0656753 -0.000940067 0.000230122)
(0.0810338 -0.0010248 0.000266011)
(0.0698039 -0.00109546 0.000312361)
(0.0649685 -0.000883471 0.000216283)
(0.0805793 -0.000962036 0.000254222)
(0.0690292 -0.00103592 0.000308847)
(0.0643061 -0.000835702 0.000203258)
(0.0801628 -0.000909609 0.000241676)
(0.0682992 -0.000985016 0.000302573)
(0.0636798 -0.000795668 0.000190862)
(0.0797745 -0.000865293 0.000228974)
(0.0676091 -0.000941313 0.00029402)
(0.0630835 -0.000759572 0.000179958)
(0.0794107 -0.000828648 0.000216651)
(0.0669508 -0.000904139 0.000284352)
(0.062512 -0.000723845 0.000171282)
(0.0790652 -0.000794245 0.000205748)
(0.0663203 -0.000868643 0.00027446)
(0.0619617 -0.000691273 0.000162845)
(0.0787366 -0.000761469 0.000195666)
(0.0657156 -0.000835015 0.000264317)
(0.0784204 -0.000734529 0.000185004)
(0.0651289 -0.000804886 0.000253432)
(0.0985266 -0.00137846 0.000313345)
(0.104186 -0.00149115 0.000228821)
(0.100873 -0.00156217 0.000261469)
(0.0983146 -0.00128276 0.000315203)
(0.10415 -0.00139479 0.000224279)
(0.100665 -0.00146433 0.000295972)
(0.0981363 -0.00119847 0.000311442)
(0.104138 -0.00131008 0.000214394)
(0.100484 -0.0013754 0.000320096)
(0.0979864 -0.00112599 0.000303664)
(0.104152 -0.00123793 0.000201325)
(0.100331 -0.00129713 0.000335978)
(0.0978604 -0.00106405 0.000292972)
(0.104179 -0.00117687 0.000186454)
(0.100195 -0.00122834 0.000346462)
(0.0977533 -0.00101186 0.000280389)
(0.104224 -0.00112472 0.000171115)
(0.100081 -0.00116882 0.000351717)
(0.0976619 -0.000967942 0.000267358)
(0.104278 -0.00108043 0.000156056)
(0.099981 -0.00111895 0.000352093)
(0.0975809 -0.000930874 0.00025465)
(0.104344 -0.00104146 0.000142312)
(0.0998966 -0.00107472 0.0003496)
(0.0975098 -0.00089747 0.000241801)
(0.104415 -0.00100925 0.000128616)
(0.0998214 -0.00103657 0.00034484)
(0.0974465 -0.00086677 0.000228714)
(0.10449 -0.000979736 0.000114585)
(0.099754 -0.00100031 0.000338693)
(0.104572 -0.000952895 0.000101002)
(0.099697 -0.000967011 0.000331039)
(0.110353 -0.00142524 0.000114317)
(0.112924 -0.00125134 -4.74911e-05)
(0.111835 -0.00154777 0.000145375)
(0.110538 -0.00134355 9.77658e-05)
(0.113193 -0.00117995 -6.56749e-05)
(0.112031 -0.00146544 0.000152887)
(0.110734 -0.00127377 7.82559e-05)
(0.113468 -0.00111947 -8.5824e-05)
(0.112234 -0.00139299 0.000155363)
(0.110941 -0.00121431 5.7632e-05)
(0.113748 -0.00106788 -0.000106561)
(0.112446 -0.00132941 0.000153522)
(0.111156 -0.00116372 3.77212e-05)
(0.114031 -0.00102406 -0.000126651)
(0.112664 -0.00127412 0.000149314)
(0.111377 -0.00111991 1.96638e-05)
(0.114316 -0.00098633 -0.000144896)
(0.112888 -0.00122586 0.000144452)
(0.111603 -0.00108112 3.82281e-06)
(0.114602 -0.000953179 -0.000161026)
(0.113116 -0.001183 0.000139755)
(0.111832 -0.00104789 -1.08649e-05)
(0.114887 -0.000924168 -0.000174821)
(0.113348 -0.00114483 0.00013462)
(0.112065 -0.00102093 -2.56255e-05)
(0.115173 -0.000901013 -0.000187966)
(0.113583 -0.00111242 0.000127866)
(0.112299 -0.000997659 -3.98105e-05)
(0.115457 -0.000882739 -0.000200783)
(0.11382 -0.00108511 0.000119872)
(0.115741 -0.000866661 -0.000212234)
(0.11406 -0.00105969 0.000111213)
(0.115938 -0.00101778 -0.000232385)
(0.117071 -0.000831355 -0.000409972)
(0.117067 -0.0010915 -0.000109513)
(0.116305 -0.000968356 -0.000254402)
(0.117473 -0.00079722 -0.000425301)
(0.11745 -0.00104021 -0.000118568)
(0.116669 -0.000926888 -0.000275856)
(0.117868 -0.000769081 -0.000440085)
(0.117829 -0.000995584 -0.000128683)
(0.11703 -0.000892051 -0.000295959)
(0.118258 -0.00074579 -0.000453764)
(0.118203 -0.000956776 -0.000139115)
(0.117387 -0.000862488 -0.000314148)
(0.118642 -0.000726513 -0.000465953)
(0.118574 -0.000923051 -0.000149308)
(0.117741 -0.000837016 -0.000330151)
(0.11902 -0.000710309 -0.000476333)
(0.118942 -0.000893476 -0.000158853)
(0.11809 -0.000815017 -0.000343965)
(0.119392 -0.000696481 -0.000484936)
(0.119305 -0.000867378 -0.000167521)
(0.118435 -0.000796815 -0.000356074)
(0.119758 -0.000684758 -0.000491821)
(0.119665 -0.000844509 -0.000175377)
(0.118776 -0.000782898 -0.000367122)
(0.120119 -0.000675826 -0.000497454)
(0.120021 -0.000825349 -0.000182865)
(0.119113 -0.000772421 -0.000377021)
(0.120475 -0.000670025 -0.000502101)
(0.120373 -0.000810035 -0.000190365)
(0.120827 -0.000665927 -0.000505498)
(0.120722 -0.00079713 -0.000197467)
(0.118654 -0.00059957 -0.000610859)
(0.119638 -0.000622803 -0.000418934)
(0.119087 -0.000587429 -0.000618686)
(0.120095 -0.000604426 -0.000422417)
(0.119509 -0.000578155 -0.000625397)
(0.120543 -0.000589206 -0.00042581)
(0.119923 -0.000571091 -0.000630847)
(0.12098 -0.000576624 -0.000428932)
(0.120328 -0.000565669 -0.000634953)
(0.12141 -0.000566153 -0.000431592)
(0.120725 -0.000561434 -0.000637709)
(0.121831 -0.000557334 -0.00043364)
(0.121115 -0.000558127 -0.000639186)
(0.122245 -0.00054983 -0.00043503)
(0.121499 -0.000555797 -0.000639427)
(0.122652 -0.00054348 -0.000435791)
(0.121875 -0.000554783 -0.000638566)
(0.123053 -0.000538394 -0.000435929)
(0.122246 -0.000554935 -0.000636675)
(0.123448 -0.000534855 -0.00043566)
(0.123837 -0.00053218 -0.000434742)
(0.0761143 -0.00143294 0.000298508)
(0.0891757 -0.00154294 0.000230044)
(0.0783979 -0.00145363 0.000247172)
(0.0751679 -0.00134978 0.000332794)
(0.0885747 -0.0014541 0.000282922)
(0.077499 -0.00138705 0.000304417)
(0.0742736 -0.00127742 0.000356484)
(0.0880118 -0.00137409 0.000323023)
(0.0766317 -0.00132569 0.000341294)
(0.0734281 -0.0012147 0.000370966)
(0.0874838 -0.00130323 0.000352762)
(0.0757945 -0.00127062 0.000367186)
(0.0726275 -0.0011597 0.000377926)
(0.0869882 -0.00123997 0.00037438)
(0.0749876 -0.00122124 0.000384588)
(0.0718669 -0.0011117 0.000378699)
(0.0865228 -0.00118472 0.000388173)
(0.0742104 -0.00117694 0.000395688)
(0.0711409 -0.00106999 0.000374642)
(0.0860841 -0.00113769 0.000394684)
(0.0734602 -0.00113758 0.000401013)
(0.0704458 -0.00103252 0.000367657)
(0.0856694 -0.0010954 0.00039576)
(0.0727352 -0.00110215 0.000401496)
(0.0697777 -0.000997923 0.000358545)
(0.0852747 -0.00105662 0.000393871)
(0.0720334 -0.00106916 0.000398561)
(0.069133 -0.00096581 0.000347583)
(0.0848977 -0.00102156 0.000389209)
(0.0713525 -0.00103851 0.000392881)
(0.0845372 -0.00098846 0.000382214)
(0.0706911 -0.00100979 0.000385099)
(0.103133 -0.001661 0.000231071)
(0.108139 -0.00171631 0.000193975)
(0.104119 -0.00165924 0.000129967)
(0.102958 -0.00156977 0.000289894)
(0.108146 -0.00162909 0.000242262)
(0.104009 -0.001587 0.000209125)
(0.102802 -0.00148625 0.000336242)
(0.108164 -0.00154896 0.00028047)
(0.103902 -0.00152009 0.000273972)
(0.102663 -0.00141061 0.00037353)
(0.108194 -0.00147655 0.000310233)
(0.103801 -0.00145882 0.00032729)
(0.10254 -0.00134337 0.00040246)
(0.108234 -0.0014116 0.000333995)
(0.103705 -0.00140181 0.000371414)
(0.102433 -0.00128563 0.000422344)
(0.108284 -0.00135439 0.000351224)
(0.103614 -0.00134931 0.000406107)
(0.102341 -0.00123509 0.000434286)
(0.108344 -0.00130483 0.000362816)
(0.103531 -0.00130293 0.000432225)
(0.10226 -0.00118928 0.000440785)
(0.108413 -0.00126013 0.000369578)
(0.103454 -0.0012601 0.000450916)
(0.10219 -0.00114785 0.000443564)
(0.108488 -0.00122034 0.000372992)
(0.103383 -0.0012208 0.000464431)
(0.102129 -0.00110894 0.000442834)
(0.10857 -0.00118439 0.000373195)
(0.103316 -0.00118451 0.000474281)
(0.108657 -0.00114981 0.000370608)
(0.103255 -0.00114756 0.000479254)
(0.113581 -0.00159442 0.000179199)
(0.115881 -0.00138349 8.38319e-05)
(0.114008 -0.00154475 0.000181926)
(0.113797 -0.00152171 0.000206291)
(0.116185 -0.00132077 0.000101275)
(0.114261 -0.00149036 0.000220151)
(0.114017 -0.00145547 0.000227448)
(0.116487 -0.00126348 0.000114692)
(0.114511 -0.00143855 0.000252871)
(0.11424 -0.00139587 0.000243201)
(0.116789 -0.00121159 0.000124126)
(0.114759 -0.00139079 0.000279996)
(0.114467 -0.00134277 0.000254895)
(0.117092 -0.0011651 0.000130588)
(0.115006 -0.00134688 0.000302395)
(0.114698 -0.00129549 0.000263739)
(0.117394 -0.00112366 0.000134898)
(0.115252 -0.00130676 0.000320725)
(0.114933 -0.00125319 0.000270221)
(0.117696 -0.00108664 0.000137815)
(0.115498 -0.00127015 0.00033582)
(0.11517 -0.00121549 0.000273962)
(0.117999 -0.0010534 0.000139242)
(0.115744 -0.00123663 0.00034788)
(0.11541 -0.0011823 0.000274941)
(0.118301 -0.00102407 0.000138817)
(0.115989 -0.00120608 0.000356843)
(0.115653 -0.0011523 0.000273607)
(0.118603 -0.000998607 0.000136797)
(0.116234 -0.00117857 0.000363137)
(0.118905 -0.000975256 0.000133552)
(0.116478 -0.00115212 0.000366796)
(0.118627 -0.00111643 7.06938e-06)
(0.119634 -0.000895186 -0.000108327)
(0.118844 -0.00105253 0.000123233)
(0.119023 -0.00107006 1.02113e-05)
(0.120072 -0.000859185 -0.000105286)
(0.11926 -0.00101741 0.000130298)
(0.119413 -0.00102813 1.14338e-05)
(0.120501 -0.000827005 -0.000103907)
(0.119667 -0.000984646 0.000136117)
(0.119799 -0.000990387 1.12518e-05)
(0.120924 -0.000798345 -0.000103726)
(0.120067 -0.000954437 0.000140544)
(0.12018 -0.000956538 1.00946e-05)
(0.12134 -0.000772886 -0.000104302)
(0.120462 -0.000926796 0.000143818)
(0.120558 -0.00092619 8.28252e-06)
(0.12175 -0.000750273 -0.000105326)
(0.120851 -0.000901521 0.000146068)
(0.120932 -0.000899034 6.00694e-06)
(0.122155 -0.000730146 -0.000106598)
(0.121235 -0.000878404 0.00014748)
(0.121303 -0.000874985 3.21212e-06)
(0.122555 -0.000712292 -0.000108047)
(0.121614 -0.000857322 0.000148195)
(0.121671 -0.000854142 -2.1132e-07)
(0.122951 -0.000696737 -0.000109777)
(0.121989 -0.000838291 0.000148199)
(0.122036 -0.00083597 -4.12232e-06)
(0.123342 -0.000683637 -0.00011182)
(0.12236 -0.000821494 0.000147547)
(0.123729 -0.000672059 -0.000113981)
(0.122727 -0.000805887 0.000146333)
(0.12112 -0.000628492 -0.000224973)
(0.121257 -0.000406548 -0.000351019)
(0.121257 -0.000558826 -2.73855e-05)
(0.121593 -0.000606852 -0.000223806)
(0.121744 -0.000393473 -0.000344785)
(0.121744 -0.000541663 -2.78157e-05)
(0.122056 -0.000588183 -0.000223533)
(0.12222 -0.000382121 -0.000339314)
(0.12222 -0.000526377 -2.88001e-05)
(0.12251 -0.000572045 -0.000223785)
(0.122686 -0.000372212 -0.000334521)
(0.122686 -0.000512814 -3.00372e-05)
(0.122956 -0.000558008 -0.000224263)
(0.123143 -0.000363512 -0.000330268)
(0.123144 -0.000500769 -3.13261e-05)
(0.123395 -0.000545739 -0.000224784)
(0.123593 -0.000355841 -0.000326424)
(0.123593 -0.000490047 -3.25713e-05)
(0.123827 -0.000534998 -0.000225259)
(0.124034 -0.000349055 -0.000322905)
(0.124034 -0.000480482 -3.37196e-05)
(0.124252 -0.000525677 -0.00022567)
(0.124469 -0.000343067 -0.000319679)
(0.124469 -0.000471968 -3.47532e-05)
(0.124672 -0.00051781 -0.000226056)
(0.124898 -0.000337861 -0.000316751)
(0.124898 -0.000464489 -3.56777e-05)
(0.125086 -0.000511176 -0.000226394)
(0.125321 -0.000333521 -0.00031421)
(0.125321 -0.000458135 -3.65266e-05)
(0.125738 -0.000329726 -0.000311801)
(0.125739 -0.000452448 -3.72693e-05)
(0.121885 -0.000172197 -0.000471088)
(0.122 -8.75575e-05 -0.000239641)
(0.122375 -0.000169308 -0.00046057)
(0.122505 -8.5937e-05 -0.000233985)
(0.122854 -0.000166568 -0.000450606)
(0.122998 -8.44312e-05 -0.000228697)
(0.123323 -0.000164007 -0.000441312)
(0.123481 -8.30385e-05 -0.000223786)
(0.123784 -0.000161637 -0.000432722)
(0.123955 -8.17611e-05 -0.000219251)
(0.124236 -0.000159449 -0.000424811)
(0.124419 -8.05884e-05 -0.000215077)
(0.124681 -0.000157435 -0.000417559)
(0.124876 -7.95122e-05 -0.000211242)
(0.12512 -0.0001556 -0.000410956)
(0.125325 -7.85259e-05 -0.000207736)
(0.125552 -0.000153977 -0.000405058)
(0.125768 -7.76363e-05 -0.000204558)
(0.125978 -0.000152532 -0.000399731)
(0.126204 -7.68674e-05 -0.00020177)
(0.126635 -7.61622e-05 -0.000199184)
(0.0798243 -0.00140695 0.0002538)
(0.0919753 -0.00147745 0.000133358)
(0.0798061 -0.00130807 0.000234822)
(0.0790057 -0.00136251 0.000314138)
(0.0915257 -0.00143101 0.000215519)
(0.0790696 -0.00128798 0.00030155)
(0.0781959 -0.00131856 0.00035385)
(0.0910746 -0.00138609 0.000275754)
(0.0783196 -0.00126295 0.000345279)
(0.077398 -0.0012768 0.000383482)
(0.0906252 -0.00134351 0.000324195)
(0.0775636 -0.00123558 0.000378192)
(0.0766149 -0.00123812 0.000405601)
(0.0901796 -0.00130292 0.000363194)
(0.0768068 -0.00120761 0.000403514)
(0.0758481 -0.00120263 0.000421363)
(0.0897405 -0.00126391 0.000394188)
(0.0760537 -0.00118004 0.000422318)
(0.0750985 -0.00116977 0.000431096)
(0.0893092 -0.00122764 0.00041785)
(0.0753074 -0.00115321 0.000435062)
(0.0743665 -0.00113899 0.000435522)
(0.0888869 -0.00119359 0.000435041)
(0.0745702 -0.00112763 0.000442533)
(0.0736515 -0.00111018 0.000435723)
(0.0884742 -0.00116173 0.000446895)
(0.0738442 -0.00110335 0.000445665)
(0.0729522 -0.0010834 0.000432312)
(0.08807 -0.0011324 0.000455142)
(0.0731282 -0.00107992 0.00044429)
(0.0876753 -0.00110327 0.000458835)
(0.0724223 -0.0010572 0.000436923)
(0.105011 -0.00158215 0.000112989)
(0.109602 -0.00157429 0.000146036)
(0.104566 -0.0014261 9.38252e-05)
(0.10497 -0.00153542 0.000196378)
(0.109723 -0.00153388 0.000215144)
(0.1046 -0.00140881 0.000172406)
(0.10492 -0.0014917 0.000266908)
(0.109834 -0.00149425 0.000274705)
(0.104612 -0.00138919 0.000241403)
(0.104862 -0.00144981 0.000326113)
(0.109939 -0.00145666 0.000325332)
(0.104607 -0.00136794 0.000301195)
(0.104798 -0.00140814 0.000375211)
(0.110036 -0.00141967 0.000367939)
(0.104587 -0.00134397 0.000351993)
(0.104731 -0.0013676 0.000415214)
(0.110129 -0.00138323 0.000403532)
(0.104554 -0.0013178 0.000394345)
(0.104664 -0.0013294 0.00044736)
(0.110218 -0.00134893 0.000432781)
(0.104511 -0.00129132 0.000429292)
(0.104596 -0.00129331 0.000472853)
(0.110305 -0.00131661 0.000456628)
(0.10446 -0.00126514 0.00045784)
(0.104528 -0.00125931 0.000493353)
(0.11039 -0.00128588 0.000475531)
(0.104404 -0.00123806 0.000480402)
(0.104462 -0.00122506 0.000508934)
(0.110474 -0.0012568 0.000491084)
(0.104342 -0.00120945 0.000497315)
(0.110558 -0.00122619 0.000502224)
(0.104279 -0.00117933 0.000509352)
(0.114696 -0.00143937 0.000223768)
(0.116843 -0.00120668 0.00021757)
(0.114096 -0.0012488 0.000305461)
(0.114983 -0.00140631 0.000267372)
(0.117203 -0.00117952 0.000245875)
(0.114419 -0.00124193 0.000339101)
(0.115262 -0.00137336 0.000305805)
(0.117554 -0.0011516 0.000271566)
(0.114729 -0.00123183 0.000370768)
(0.115534 -0.00134173 0.00033904)
(0.117896 -0.0011251 0.000293954)
(0.115029 -0.00122033 0.000399531)
(0.115801 -0.00131119 0.000367612)
(0.118232 -0.00109978 0.000313276)
(0.115318 -0.00120739 0.000425153)
(0.116062 -0.00128197 0.000392024)
(0.118561 -0.00107546 0.000329755)
(0.115599 -0.00119335 0.000447794)
(0.116319 -0.00125432 0.000412639)
(0.118885 -0.00105229 0.000343619)
(0.115872 -0.00117874 0.000467569)
(0.116572 -0.00122815 0.000429709)
(0.119203 -0.00103037 0.000355104)
(0.116137 -0.00116373 0.000484555)
(0.116822 -0.00120349 0.000443685)
(0.119517 -0.00100961 0.000364357)
(0.116396 -0.00114819 0.000498972)
(0.117069 -0.00117958 0.000455026)
(0.119828 -0.000990283 0.000371863)
(0.116649 -0.00113214 0.000511402)
(0.120134 -0.00097091 0.000377679)
(0.116897 -0.00111475 0.000522723)
(0.119482 -0.000952799 0.000247179)
(0.120432 -0.000723899 0.000207528)
(0.118849 -0.000785297 0.000421646)
(0.119909 -0.000931506 0.000256781)
(0.120896 -0.000707922 0.000211197)
(0.119284 -0.000778752 0.000419982)
(0.120327 -0.000910642 0.000265718)
(0.121349 -0.000692137 0.000214851)
(0.119709 -0.000771701 0.000419863)
(0.120736 -0.000890704 0.000273472)
(0.121792 -0.000677028 0.000217957)
(0.120124 -0.000764475 0.000420341)
(0.121138 -0.000871785 0.000280048)
(0.122226 -0.000662776 0.00022054)
(0.120532 -0.00075714 0.000421135)
(0.121533 -0.000853851 0.000285473)
(0.122653 -0.000649398 0.000222612)
(0.120932 -0.000749617 0.00042202)
(0.121922 -0.000836901 0.00028983)
(0.123073 -0.000636867 0.000224194)
(0.121324 -0.000741922 0.000422823)
(0.122305 -0.000820947 0.000293219)
(0.123486 -0.000625187 0.000225339)
(0.121711 -0.000734104 0.000423486)
(0.122684 -0.000806088 0.000295795)
(0.123894 -0.000614367 0.000226099)
(0.122091 -0.000726192 0.000424097)
(0.123058 -0.000791961 0.000297658)
(0.124296 -0.000604569 0.000226608)
(0.122466 -0.000718361 0.000424993)
(0.124693 -0.000595137 0.000226806)
(0.122835 -0.000710132 0.000426015)
(0.121885 -0.000471681 0.000170456)
(0.122 -0.00024003 8.60242e-05)
(0.121258 -0.000351446 0.000404442)
(0.122375 -0.000460944 0.000167823)
(0.122505 -0.000234211 8.45542e-05)
(0.121745 -0.000345095 0.000391655)
(0.122854 -0.000450793 0.000165358)
(0.122999 -0.000228775 8.32289e-05)
(0.122221 -0.000339514 0.000380622)
(0.123324 -0.000441362 0.000163069)
(0.123482 -0.000223754 8.20228e-05)
(0.122687 -0.000334643 0.000371025)
(0.123784 -0.000432677 0.000160959)
(0.123955 -0.00021915 8.09268e-05)
(0.123144 -0.000330351 0.000362621)
(0.124237 -0.000424707 0.000159014)
(0.12442 -0.000214938 7.99279e-05)
(0.123594 -0.000326497 0.000355227)
(0.124682 -0.000417417 0.000157219)
(0.124876 -0.000211087 7.90108e-05)
(0.124035 -0.000322989 0.000348694)
(0.12512 -0.000410794 0.000155572)
(0.125325 -0.000207573 7.81633e-05)
(0.12447 -0.000319784 0.000342922)
(0.125552 -0.00040487 0.000154091)
(0.125768 -0.000204393 7.73818e-05)
(0.124899 -0.00031688 0.000337885)
(0.125978 -0.000399504 0.000152741)
(0.126204 -0.000201579 7.66774e-05)
(0.125322 -0.000314335 0.000333647)
(0.126635 -0.000198955 7.59943e-05)
(0.125739 -0.000311925 0.000329928)
(0.122624 -5.85009e-07 -5.98496e-07)
(0.122 8.62656e-05 0.000238544)
(0.123132 -4.99019e-07 -6.1404e-07)
(0.122505 8.48571e-05 0.00023281)
(0.12363 -4.16959e-07 -6.06139e-07)
(0.122999 8.35511e-05 0.000227492)
(0.124117 -3.48443e-07 -5.80528e-07)
(0.123482 8.23178e-05 0.000222597)
(0.124595 -2.93349e-07 -5.43466e-07)
(0.123955 8.11609e-05 0.000218112)
(0.125064 -2.49393e-07 -5.00803e-07)
(0.12442 8.00826e-05 0.00021401)
(0.125524 -2.1485e-07 -4.60436e-07)
(0.124877 7.90792e-05 0.00021025)
(0.125978 -1.89056e-07 -4.30502e-07)
(0.125326 7.81527e-05 0.000206801)
(0.126425 -1.71311e-07 -4.19644e-07)
(0.125768 7.73064e-05 0.000203651)
(0.126866 -1.63032e-07 -4.3655e-07)
(0.126205 7.65696e-05 0.000200831)
(0.126635 7.58723e-05 0.00019815)
(0.0790602 -0.00118981 0.000287942)
(0.091064 -0.00118995 0.000184671)
(0.0764454 -0.00104096 0.000266798)
(0.0783899 -0.00118898 0.000337066)
(0.0907675 -0.00119527 0.000245325)
(0.0758295 -0.00105544 0.000311854)
(0.0776927 -0.00118064 0.000372343)
(0.0904388 -0.00119345 0.000294253)
(0.0751784 -0.0010587 0.000342348)
(0.0769769 -0.00116725 0.000399278)
(0.0900857 -0.00118618 0.000335086)
(0.0744991 -0.00105488 0.000365572)
(0.0762496 -0.00115053 0.000419961)
(0.0897134 -0.00117424 0.000369041)
(0.0738025 -0.0010466 0.000383838)
(0.0755167 -0.00113161 0.000435176)
(0.0893267 -0.00115899 0.000396954)
(0.0730933 -0.00103494 0.000398103)
(0.0747826 -0.0011119 0.000445708)
(0.0889303 -0.0011413 0.000419226)
(0.0723774 -0.00101978 0.00040763)
(0.0740514 -0.00109283 0.000451455)
(0.088527 -0.00112331 0.000436905)
(0.0716631 -0.00100375 0.000415169)
(0.0733242 -0.00107438 0.000451083)
(0.0881213 -0.0011043 0.00044885)
(0.0709454 -0.00098759 0.000416178)
(0.0726015 -0.00105544 0.000444046)
(0.087712 -0.0010837 0.000454122)
(0.0702427 -0.00096994 0.000408559)
(0.0873029 -0.00106232 0.000454043)
(0.0695407 -0.000948972 0.000395763)
(0.104162 -0.00125308 0.000160929)
(0.108684 -0.00118579 0.000282126)
(0.102128 -0.00102924 0.00022415)
(0.104248 -0.00126268 0.000224434)
(0.108906 -0.00120271 0.000327084)
(0.102244 -0.00106003 0.000264073)
(0.104306 -0.00126552 0.000281551)
(0.109105 -0.00121279 0.000369124)
(0.102326 -0.00108018 0.000302687)
(0.104338 -0.00126228 0.000331649)
(0.109283 -0.00121717 0.000407448)
(0.102382 -0.00109233 0.00033808)
(0.104347 -0.00125381 0.000374815)
(0.109442 -0.00121631 0.000441431)
(0.102408 -0.00109778 0.000368864)
(0.104337 -0.0012416 0.000411675)
(0.109584 -0.00121161 0.000471073)
(0.102413 -0.0010979 0.000395727)
(0.10431 -0.00122703 0.000442762)
(0.109712 -0.00120414 0.000496808)
(0.102396 -0.00109571 0.000421026)
(0.10427 -0.00120981 0.000468005)
(0.109826 -0.00119449 0.000518561)
(0.102361 -0.00108791 0.000440469)
(0.10422 -0.00118817 0.000486498)
(0.10993 -0.00118168 0.000536703)
(0.102315 -0.00107921 0.000459592)
(0.104162 -0.00116378 0.000499334)
(0.110024 -0.00116459 0.000550298)
(0.102251 -0.00106347 0.000471925)
(0.110113 -0.00114602 0.0005614)
(0.102183 -0.00104367 0.000479703)
(0.113824 -0.00105196 0.000425887)
(0.115975 -0.000820399 0.000502279)
(0.112072 -0.000804455 0.000584572)
(0.11417 -0.00106799 0.000446916)
(0.116369 -0.000834057 0.000506558)
(0.112412 -0.000838939 0.000581605)
(0.1145 -0.00107924 0.000468385)
(0.11675 -0.000844741 0.000512852)
(0.112739 -0.000867384 0.000583051)
(0.114817 -0.00108624 0.000489319)
(0.11712 -0.000852531 0.000520382)
(0.113054 -0.000890113 0.000587408)
(0.115121 -0.00108966 0.000508813)
(0.117478 -0.000857655 0.000528231)
(0.113357 -0.000907651 0.000593666)
(0.115414 -0.00109014 0.000526502)
(0.117826 -0.000860352 0.000535782)
(0.113648 -0.000920793 0.000600317)
(0.115695 -0.00108812 0.000542285)
(0.118165 -0.000860966 0.000542802)
(0.113928 -0.000930205 0.000606874)
(0.115966 -0.00108361 0.000556579)
(0.118494 -0.000859752 0.000549172)
(0.114197 -0.000935899 0.000612619)
(0.116228 -0.00107643 0.000569822)
(0.118816 -0.000856482 0.000555455)
(0.114456 -0.000938338 0.000620327)
(0.116481 -0.00106683 0.00058214)
(0.119129 -0.000851231 0.000561784)
(0.114705 -0.000937891 0.000628993)
(0.119437 -0.00084465 0.000568255)
(0.114947 -0.000936029 0.000639225)
(0.118656 -0.000611814 0.000596803)
(0.11964 -0.000419508 0.00062008)
(0.117073 -0.000410795 0.000828267)
(0.119089 -0.00061944 0.000585237)
(0.120097 -0.000422897 0.000602175)
(0.117476 -0.000426046 0.000794755)
(0.119511 -0.000625953 0.000576497)
(0.120545 -0.000426185 0.000587418)
(0.117872 -0.000440671 0.000767152)
(0.119925 -0.000631236 0.000569924)
(0.120982 -0.000429225 0.00057527)
(0.118261 -0.000454203 0.000744356)
(0.12033 -0.000635207 0.000564953)
(0.121412 -0.000431832 0.000565199)
(0.118645 -0.000466271 0.000725538)
(0.120728 -0.000637851 0.000561119)
(0.121833 -0.00043385 0.000556752)
(0.119023 -0.000476569 0.00070978)
(0.121118 -0.000639222 0.000558136)
(0.122247 -0.000435225 0.000549573)
(0.119395 -0.000485091 0.000696329)
(0.121501 -0.00063936 0.000556021)
(0.122654 -0.00043597 0.000543481)
(0.119762 -0.000491879 0.000684895)
(0.121877 -0.000638365 0.000555059)
(0.123055 -0.000436096 0.000538558)
(0.120122 -0.000497362 0.000676075)
(0.122248 -0.000636336 0.000555192)
(0.123449 -0.000435767 0.000535042)
(0.120478 -0.000501702 0.000670103)
(0.123839 -0.000434835 0.000532415)
(0.120829 -0.000504976 0.000666034)
(0.121122 -0.000225117 0.000626316)
(0.121258 -2.72151e-05 0.000556792)
(0.119636 -0.000108146 0.000892651)
(0.121595 -0.000223941 0.000605028)
(0.121745 -2.76394e-05 0.000539857)
(0.120074 -0.0001052 0.000856992)
(0.122058 -0.000223667 0.000586713)
(0.122221 -2.86467e-05 0.000524825)
(0.120504 -0.0001039 0.00082518)
(0.122512 -0.000223939 0.000570909)
(0.122687 -2.99435e-05 0.00051151)
(0.120927 -0.000103806 0.000796884)
(0.122958 -0.00022446 0.000557188)
(0.123145 -3.13246e-05 0.000499702)
(0.121343 -0.00010448 0.000771777)
(0.123397 -0.00022504 0.000545209)
(0.123594 -3.26814e-05 0.000489201)
(0.121753 -0.00010561 0.000749492)
(0.123828 -0.000225583 0.000534721)
(0.124036 -3.3949e-05 0.000479827)
(0.122158 -0.000106982 0.00072965)
(0.124254 -0.000226057 0.000525602)
(0.12447 -3.50952e-05 0.000471465)
(0.122558 -0.000108507 0.000712022)
(0.124673 -0.00022649 0.000517862)
(0.124899 -3.61182e-05 0.000464082)
(0.122953 -0.000110276 0.000696608)
(0.125087 -0.000226862 0.000511306)
(0.125322 -3.70259e-05 0.000457759)
(0.123344 -0.000112292 0.00068354)
(0.125739 -3.78205e-05 0.000452064)
(0.123731 -0.000114455 0.000671978)
(0.121886 0.000170992 0.000470004)
(0.120433 0.000208362 0.000721991)
(0.122375 0.000168338 0.000459393)
(0.120897 0.000212015 0.000706113)
(0.122855 0.000165789 0.000449391)
(0.121349 0.000215555 0.000690472)
(0.123324 0.00016337 0.000440108)
(0.121793 0.000218466 0.00067553)
(0.123785 0.000161103 0.000431563)
(0.122228 0.000220821 0.000661449)
(0.124237 0.000158993 0.000423711)
(0.122654 0.000222662 0.000648226)
(0.124682 0.000157042 0.000416507)
(0.123074 0.000224025 0.000635814)
(0.12512 0.000155257 0.000409926)
(0.123488 0.00022499 0.000624203)
(0.125552 0.000153673 0.000403998)
(0.123895 0.000225606 0.000613385)
(0.125979 0.000152249 0.000398575)
(0.124297 0.000226053 0.000603533)
(0.124694 0.000226192 0.000593947)
(0.0734132 -0.000921075 0.000263742)
(0.0861329 -0.000853412 0.000263474)
(0.067924 -0.00075618 0.000251642)
(0.0728127 -0.000938472 0.000293757)
(0.0858852 -0.000882901 0.00028628)
(0.0673692 -0.000777285 0.000270982)
(0.072177 -0.000945088 0.000316161)
(0.0855993 -0.000900453 0.0003064)
(0.0668049 -0.000783895 0.00027953)
(0.0715154 -0.000945362 0.000334012)
(0.0852839 -0.000910646 0.000324894)
(0.0662035 -0.000785136 0.000287162)
(0.0708351 -0.000941289 0.000348306)
(0.0849419 -0.000915369 0.000340053)
(0.0656022 -0.00078296 0.00029387)
(0.0701424 -0.000932641 0.000359133)
(0.0845811 -0.000915356 0.000353227)
(0.0649781 -0.000777494 0.00030022)
(0.0694429 -0.000920535 0.000367731)
(0.0842025 -0.000911791 0.000365429)
(0.0643573 -0.000767851 0.000306078)
(0.068743 -0.000906537 0.000374364)
(0.083816 -0.000903846 0.000375153)
(0.063728 -0.000756723 0.000313712)
(0.0680491 -0.000889361 0.000377669)
(0.0834178 -0.000894834 0.000384361)
(0.0630943 -0.000743624 0.000322157)
(0.0673665 -0.000867413 0.000377041)
(0.0830216 -0.000879333 0.000389436)
(0.062475 -0.000713204 0.000320337)
(0.0666966 -0.000842795 0.000374857)
(0.0826222 -0.000857426 0.000389607)
(0.0618559 -0.000668064 0.0003067)
(0.0822308 -0.000834369 0.00038898)
(0.0612739 -0.000632269 0.000300967)
(0.100312 -0.000849231 0.000312879)
(0.105167 -0.000743492 0.00053324)
(0.0960766 -0.000608182 0.000412126)
(0.100424 -0.000889423 0.000330618)
(0.105392 -0.00079333 0.000530475)
(0.0961413 -0.000655726 0.000408662)
(0.100503 -0.000917808 0.000350273)
(0.105591 -0.000831717 0.000532842)
(0.0961693 -0.000689962 0.00040864)
(0.100552 -0.000937724 0.000368585)
(0.105772 -0.000861023 0.000537614)
(0.0961822 -0.000713464 0.000407908)
(0.100574 -0.000950969 0.000384819)
(0.10593 -0.000883685 0.000543168)
(0.0961628 -0.000731693 0.000409608)
(0.100572 -0.000960312 0.000401681)
(0.106071 -0.000900619 0.000549461)
(0.0961288 -0.000743949 0.000411946)
(0.100548 -0.000964168 0.000416808)
(0.106194 -0.000914606 0.000557937)
(0.0960675 -0.000754736 0.000419276)
(0.100505 -0.000964309 0.00043094)
(0.106301 -0.000920774 0.000563005)
(0.0959923 -0.000757343 0.000422014)
(0.100447 -0.000960926 0.000444464)
(0.106397 -0.000926007 0.000571584)
(0.0959003 -0.000761571 0.000430913)
(0.100374 -0.000949221 0.00045282)
(0.106474 -0.000924749 0.000578542)
(0.0957952 -0.000756283 0.000433804)
(0.100287 -0.000931722 0.000456387)
(0.106546 -0.000919166 0.000585)
(0.0956743 -0.000748668 0.000441001)
(0.0955335 -0.000734705 0.000441971)
(0.110725 -0.000601991 0.000730224)
(0.113078 -0.000391604 0.000880983)
(0.107265 -0.00035572 0.000900146)
(0.111048 -0.00064811 0.000709122)
(0.113426 -0.000428682 0.000842755)
(0.10751 -0.000408852 0.000858387)
(0.11136 -0.000687309 0.000694711)
(0.113766 -0.000462003 0.000812702)
(0.107748 -0.000455465 0.00082574)
(0.111662 -0.000719918 0.000685437)
(0.114101 -0.000491313 0.000788965)
(0.107989 -0.000495769 0.000801483)
(0.111952 -0.000746558 0.000679869)
(0.114427 -0.000516293 0.00077046)
(0.108217 -0.000529526 0.000783181)
(0.11223 -0.000768023 0.000676483)
(0.114746 -0.000537053 0.000755363)
(0.108443 -0.000556896 0.000766932)
(0.112499 -0.00078461 0.000673925)
(0.115057 -0.000554128 0.000742821)
(0.108659 -0.000578268 0.000751401)
(0.112755 -0.000796988 0.000673046)
(0.11536 -0.000567558 0.000731809)
(0.108871 -0.00059511 0.000737548)
(0.113003 -0.000806123 0.000675178)
(0.115657 -0.000579189 0.000724826)
(0.109075 -0.000609676 0.000732062)
(0.113239 -0.00081331 0.000680897)
(0.115944 -0.000588602 0.00072103)
(0.109268 -0.000620837 0.000728919)
(0.116228 -0.000596935 0.000720946)
(0.109457 -0.000631278 0.00073251)
(0.115942 -0.000233012 0.00101497)
(0.11707 -0.000109569 0.00108854)
(0.112926 -4.77124e-05 0.00124849)
(0.116309 -0.000254976 0.000966176)
(0.117453 -0.000118734 0.0010378)
(0.113197 -6.6159e-05 0.00117779)
(0.116674 -0.000276312 0.000925234)
(0.117832 -0.000128873 0.000993656)
(0.113473 -8.63315e-05 0.0011178)
(0.117034 -0.000296311 0.000890866)
(0.118207 -0.000139329 0.000955292)
(0.113753 -0.000107019 0.00106663)
(0.117392 -0.000314432 0.000861754)
(0.118579 -0.000149559 0.000921983)
(0.114036 -0.00012706 0.0010232)
(0.117745 -0.000330383 0.000836704)
(0.118946 -0.000159162 0.000892809)
(0.114321 -0.000145296 0.000985857)
(0.118095 -0.000344118 0.000815064)
(0.119309 -0.000167872 0.000867061)
(0.114606 -0.00016141 0.000953038)
(0.118439 -0.000356076 0.000797072)
(0.119669 -0.000175725 0.000844473)
(0.114892 -0.000175194 0.000924369)
(0.11878 -0.0003668 0.000783068)
(0.120025 -0.000183128 0.000825424)
(0.115177 -0.000188118 0.000901258)
(0.119117 -0.00037641 0.000772469)
(0.120377 -0.000190405 0.000809984)
(0.115461 -0.000200307 0.00088261)
(0.120726 -0.0001974 0.000797055)
(0.115744 -0.000211699 0.000866796)
(0.11863 7.47113e-06 0.00111388)
(0.118846 0.000124021 0.00105009)
(0.115883 8.4737e-05 0.00138082)
(0.119026 1.04425e-05 0.0010679)
(0.119262 0.00013098 0.00101522)
(0.116188 0.000101875 0.00131841)
(0.119416 1.15068e-05 0.00102636)
(0.119669 0.000136641 0.000982746)
(0.116491 0.000114993 0.00126148)
(0.119802 1.1164e-05 0.000989009)
(0.12007 0.000140854 0.000952835)
(0.116794 0.000124174 0.00120995)
(0.120184 9.84678e-06 0.00095552)
(0.120464 0.000143891 0.000925484)
(0.117096 0.000130411 0.00116381)
(0.120562 7.8896e-06 0.000925495)
(0.120853 0.000145912 0.000900473)
(0.117398 0.000134512 0.00112268)
(0.120936 5.50606e-06 0.000898602)
(0.121237 0.000147119 0.000877573)
(0.117701 0.000137249 0.00108591)
(0.121307 2.66294e-06 0.000874728)
(0.121617 0.000147678 0.000856645)
(0.118003 0.000138551 0.00105288)
(0.121674 -7.2598e-07 0.000853936)
(0.121991 0.000147586 0.00083767)
(0.118305 0.000138105 0.00102366)
(0.122039 -4.58038e-06 0.000835729)
(0.122363 0.000146932 0.000820833)
(0.118607 0.000136205 0.000998162)
(0.12273 0.000145712 0.000805092)
(0.118908 0.000133017 0.000974763)
(0.119483 0.000248268 0.000950717)
(0.116845 0.000218951 0.00120454)
(0.11991 0.000257775 0.000929573)
(0.117205 0.000247225 0.00117743)
(0.120328 0.000266498 0.000908898)
(0.117556 0.000272713 0.00114963)
(0.120738 0.000273966 0.00088916)
(0.117899 0.000294778 0.00112331)
(0.12114 0.000280243 0.000870431)
(0.118235 0.000313746 0.0010982)
(0.121535 0.000285385 0.000852651)
(0.118564 0.0003299 0.00107405)
(0.121924 0.000289501 0.000835803)
(0.118888 0.000343443 0.001051)
(0.122307 0.000292705 0.000819877)
(0.119206 0.000354696 0.00102915)
(0.122686 0.000295177 0.00080497)
(0.11952 0.00036373 0.00100836)
(0.12306 0.000296992 0.000790698)
(0.119831 0.000371165 0.000988927)
(0.120138 0.000376887 0.000969286)
(0.0625824 -0.000626096 0.000336307)
(0.076384 -0.000496767 0.000416334)
(0.0534398 -0.000384814 0.000271892)
(0.0620561 -0.000636939 0.000334663)
(0.0760989 -0.000520422 0.000400252)
(0.0529261 -0.000396619 0.000274632)
(0.0615181 -0.000638657 0.000327777)
(0.0758061 -0.000532678 0.000381188)
(0.0524331 -0.000397442 0.000267547)
(0.0609713 -0.000637677 0.000323422)
(0.0754886 -0.000540845 0.000365909)
(0.0519202 -0.000396201 0.000262376)
(0.060417 -0.000634185 0.000321476)
(0.0751667 -0.000546641 0.000356318)
(0.0514288 -0.000393478 0.000259649)
(0.0598578 -0.000627717 0.000321499)
(0.0748256 -0.000548518 0.000349008)
(0.0509258 -0.000388892 0.000258176)
(0.0592946 -0.000618982 0.000324481)
(0.0744796 -0.000548261 0.000346153)
(0.0504393 -0.000382587 0.000258724)
(0.0587291 -0.000608756 0.000330202)
(0.0741202 -0.000545137 0.000345362)
(0.0499467 -0.000374747 0.000262116)
(0.0581583 -0.000583626 0.00032343)
(0.0737518 -0.000542594 0.000350333)
(0.0494525 -0.000366617 0.000267283)
(0.0575964 -0.000532946 0.000293938)
(0.0733847 -0.000522504 0.00033946)
(0.048967 -0.000343737 0.000255855)
(0.057054 -0.000479364 0.000265189)
(0.0730068 -0.000491689 0.000324869)
(0.0484831 -0.000308074 0.000235289)
(0.072642 -0.000466231 0.000317831)
(0.0480311 -0.000279996 0.000225218)
(0.0922835 -0.000429236 0.000538409)
(0.09791 -0.00031995 0.000826774)
(0.0832632 -0.000187134 0.00047129)
(0.0922724 -0.000471346 0.00051441)
(0.0979921 -0.000375064 0.000786364)
(0.0830472 -0.000231051 0.00045781)
(0.0922403 -0.000501072 0.000492574)
(0.0980543 -0.000419298 0.00075239)
(0.0828305 -0.000262798 0.000446057)
(0.0921883 -0.000523034 0.000475027)
(0.0981195 -0.000453074 0.000723566)
(0.0825893 -0.000282507 0.000431025)
(0.0921173 -0.000540281 0.000462671)
(0.0981624 -0.000481596 0.000702468)
(0.0823542 -0.000296709 0.000418515)
(0.0920278 -0.000553989 0.000454973)
(0.0982046 -0.000504218 0.000684149)
(0.0820965 -0.000305498 0.000405913)
(0.0919204 -0.000563413 0.000449716)
(0.0982261 -0.000522681 0.000669309)
(0.081841 -0.000312757 0.000396937)
(0.0917986 -0.000569811 0.00044797)
(0.0982455 -0.00053516 0.000655186)
(0.0815703 -0.000314288 0.000385116)
(0.0916643 -0.000571833 0.000447264)
(0.0982499 -0.000545788 0.000650125)
(0.0812948 -0.000317902 0.000381823)
(0.0915155 -0.000570116 0.000449635)
(0.098249 -0.000548697 0.000642702)
(0.0810179 -0.000320006 0.000385571)
(0.0913447 -0.00056535 0.000454821)
(0.0982328 -0.000552492 0.000646124)
(0.0807153 -0.000325755 0.000400978)
(0.0804081 -0.000322879 0.000402003)
(0.104286 -0.00017185 0.00105229)
(0.107122 2.50256e-06 0.00125758)
(0.0970034 2.85915e-05 0.00103013)
(0.104456 -0.000225689 0.00099758)
(0.107296 -3.61483e-05 0.00118519)
(0.0969631 -2.52808e-05 0.000976122)
(0.104628 -0.000273417 0.000954419)
(0.107474 -7.29178e-05 0.00112446)
(0.0969268 -7.14744e-05 0.00092737)
(0.1048 -0.000314722 0.000921087)
(0.107664 -0.000107102 0.001075)
(0.0969122 -0.000110953 0.000891579)
(0.104969 -0.000348965 0.000892741)
(0.107852 -0.000137666 0.00103405)
(0.0968907 -0.000143322 0.000861778)
(0.105136 -0.00037599 0.000865479)
(0.108047 -0.000163212 0.000997938)
(0.0968844 -0.000168672 0.000832962)
(0.105301 -0.000397327 0.000840101)
(0.108238 -0.000184187 0.000964436)
(0.0968687 -0.000189391 0.000808885)
(0.10546 -0.00041605 0.000822635)
(0.108434 -0.000201082 0.00093474)
(0.0968595 -0.000205052 0.000780218)
(0.105616 -0.000432274 0.00081287)
(0.108627 -0.000218467 0.00091489)
(0.0968465 -0.000221532 0.000767938)
(0.105764 -0.000446212 0.000809145)
(0.108817 -0.000233074 0.000899262)
(0.0968265 -0.000234897 0.000759178)
(0.109006 -0.000247036 0.000889065)
(0.0968019 -0.00024653 0.000750341)
(0.110355 0.000114241 0.0014231)
(0.111837 0.000146165 0.00154524)
(0.104185 0.000229576 0.00148853)
(0.110541 9.73521e-05 0.00134191)
(0.112034 0.000153157 0.00146334)
(0.104151 0.000224378 0.00139288)
(0.110738 7.77512e-05 0.0012725)
(0.112239 0.000155321 0.00139124)
(0.10414 0.000214163 0.00130887)
(0.110945 5.7117e-05 0.00121336)
(0.112451 0.000153289 0.001328)
(0.104155 0.000200911 0.00123713)
(0.111161 3.71888e-05 0.00116306)
(0.112669 0.000148922 0.00127301)
(0.104181 0.000185918 0.00117623)
(0.111382 1.90981e-05 0.00111951)
(0.112893 0.000143905 0.00122503)
(0.104227 0.000170507 0.00112412)
(0.111608 3.19314e-06 0.00108097)
(0.113121 0.000139078 0.0011824)
(0.104281 0.000155452 0.00107993)
(0.111836 -1.14198e-05 0.00104788)
(0.113353 0.000133837 0.00114443)
(0.104345 0.000141743 0.00104093)
(0.112069 -2.56525e-05 0.00102073)
(0.113588 0.000127148 0.00111209)
(0.104416 0.000128272 0.00100883)
(0.112302 -3.94464e-05 0.000997447)
(0.113824 0.000119553 0.0010846)
(0.104491 0.000114709 0.000979957)
(0.114063 0.000111033 0.0010593)
(0.104572 0.000101019 0.000952382)
(0.113584 0.000180287 0.00159196)
(0.114011 0.000183388 0.00154243)
(0.108142 0.000195801 0.00171395)
(0.113801 0.00020694 0.00151949)
(0.114264 0.000221374 0.0014881)
(0.10815 0.000243538 0.00162675)
(0.114021 0.000227705 0.00145355)
(0.114514 0.000253756 0.00143645)
(0.108168 0.000281243 0.0015468)
(0.114245 0.000243142 0.00139427)
(0.114763 0.000280525 0.00138893)
(0.108198 0.000310689 0.00147461)
(0.114472 0.000254561 0.00134145)
(0.115011 0.000302578 0.00134527)
(0.108239 0.000334119 0.00140984)
(0.114703 0.000263163 0.00129441)
(0.115257 0.000320598 0.00130537)
(0.108289 0.000350922 0.00135276)
(0.114938 0.000269447 0.00125229)
(0.115503 0.000335398 0.00126893)
(0.108349 0.000362227 0.00130331)
(0.115175 0.000273088 0.00121472)
(0.115748 0.00034723 0.00123553)
(0.108418 0.00036892 0.00125871)
(0.115415 0.000274128 0.00118155)
(0.115993 0.000356035 0.00120499)
(0.108493 0.000372328 0.00121902)
(0.115657 0.000272911 0.00115151)
(0.116238 0.000362313 0.00117742)
(0.108574 0.000372632 0.00118325)
(0.116482 0.000365979 0.00115076)
(0.108661 0.000370116 0.00114846)
(0.114698 0.0002254 0.00143724)
(0.109605 0.000147764 0.00157242)
(0.114986 0.000268852 0.00140416)
(0.109726 0.000216859 0.0015318)
(0.115265 0.00030697 0.00137132)
(0.109838 0.000276234 0.00149217)
(0.115538 0.000339816 0.00133987)
(0.109943 0.000326579 0.00145467)
(0.115805 0.000368009 0.00130951)
(0.110041 0.00036885 0.0014178)
(0.116066 0.00039206 0.00128044)
(0.110133 0.000404126 0.00138144)
(0.116323 0.000412367 0.00125288)
(0.110223 0.000432985 0.00134717)
(0.116576 0.000429173 0.00122671)
(0.11031 0.000456634 0.00131482)
(0.116826 0.000442962 0.00120195)
(0.110395 0.000475229 0.00128401)
(0.117073 0.000454185 0.00117781)
(0.11048 0.000490611 0.00125481)
(0.110563 0.000501454 0.00122393)
(0.0456411 -0.000196993 0.000149218)
(0.0589879 -8.20478e-05 0.000183313)
(0.0351118 -8.60005e-05 6.50036e-05)
(0.0451473 -0.000200626 0.000161799)
(0.0585299 -9.35577e-05 0.000187433)
(0.0346839 -8.76743e-05 8.54062e-05)
(0.04467 -0.000199595 0.000167765)
(0.0580985 -9.93121e-05 0.000188447)
(0.0342757 -8.53691e-05 9.76276e-05)
(0.0442063 -0.000197298 0.000171929)
(0.0576473 -0.000101919 0.000186)
(0.0338683 -8.30932e-05 0.000104293)
(0.0437536 -0.000193838 0.000174851)
(0.0572265 -0.000102305 0.000182287)
(0.0334828 -8.11298e-05 0.00010861)
(0.0433124 -0.000189427 0.000177373)
(0.0567913 -0.000100143 0.000176382)
(0.0331022 -7.85658e-05 0.000111052)
(0.0428779 -0.000183797 0.000180233)
(0.0563785 -9.78619e-05 0.00017225)
(0.0327385 -7.58472e-05 0.00011275)
(0.0424502 -0.000177647 0.000183904)
(0.0559583 -9.27031e-05 0.000165319)
(0.0323824 -7.22262e-05 0.00011339)
(0.0420193 -0.000169971 0.000185236)
(0.0555399 -9.06059e-05 0.000164696)
(0.032029 -6.93494e-05 0.000114123)
(0.0415967 -0.000157993 0.000181585)
(0.0551281 -8.97496e-05 0.000168363)
(0.0316862 -6.53655e-05 0.000110457)
(0.0411867 -0.000143542 0.00017669)
(0.0547057 -8.9535e-05 0.000176166)
(0.0313478 -5.94288e-05 0.000104021)
(0.0543006 -8.55325e-05 0.000176864)
(0.0310307 -5.26157e-05 9.87192e-05)
(0.0752868 -2.20331e-05 0.000300874)
(0.0824682 3.13576e-05 0.000612616)
(0.0576193 1.37042e-05 0.000219459)
(0.0748922 -5.58703e-05 0.000309291)
(0.0821449 -1.64911e-05 0.000602427)
(0.0571213 -3.8679e-06 0.000218057)
(0.0744941 -7.79322e-05 0.000311208)
(0.0818418 -5.22588e-05 0.000589276)
(0.0566554 -1.46537e-05 0.000216263)
(0.0740955 -9.04505e-05 0.000305104)
(0.0815306 -7.72293e-05 0.000573335)
(0.0561738 -2.02004e-05 0.000209135)
(0.0736962 -9.6927e-05 0.000294588)
(0.081239 -9.43632e-05 0.000555205)
(0.0557282 -2.32477e-05 0.000199523)
(0.0732968 -0.000100011 0.000282563)
(0.0809388 -0.000105921 0.000533732)
(0.0552714 -2.39053e-05 0.000187251)
(0.0728967 -0.000100067 0.000267806)
(0.0806507 -0.000114578 0.000515977)
(0.0548435 -2.45251e-05 0.000176987)
(0.072498 -9.93647e-05 0.000254407)
(0.080355 -0.000119549 0.000490405)
(0.0544143 -2.35797e-05 0.000162484)
(0.0720961 -0.000102997 0.000253537)
(0.0800641 -0.000125253 0.000478451)
(0.0539968 -2.4862e-05 0.000154097)
(0.071686 -0.000111875 0.000266216)
(0.0797704 -0.000132593 0.000474855)
(0.0535936 -2.88836e-05 0.000149767)
(0.0712645 -0.0001187 0.000275534)
(0.0794605 -0.000140327 0.000474318)
(0.053187 -3.50834e-05 0.000152887)
(0.0527957 -3.78392e-05 0.000151608)
(0.0904518 0.000148072 0.000881286)
(0.0944118 0.000257594 0.00113968)
(0.0727182 0.000133159 0.000787906)
(0.0902306 0.000102474 0.00084212)
(0.0941838 0.0002325 0.0010725)
(0.0722094 9.86035e-05 0.000716102)
(0.0900283 6.46935e-05 0.000806767)
(0.0939775 0.000209024 0.0010094)
(0.0717553 7.06451e-05 0.000651369)
(0.0898402 3.38612e-05 0.000776962)
(0.0938042 0.000187616 0.00095655)
(0.0713218 4.71192e-05 0.00060898)
(0.0896628 9.81876e-06 0.000746827)
(0.0936384 0.000168184 0.000909923)
(0.0709276 2.87528e-05 0.0005781)
(0.0894918 -9.83027e-06 0.000719484)
(0.0934973 0.000150614 0.000866929)
(0.07054 1.48641e-05 0.000549719)
(0.0893232 -2.53978e-05 0.000690513)
(0.0933583 0.000133115 0.000833071)
(0.0701787 2.69035e-06 0.000526407)
(0.0891571 -3.91769e-05 0.000666633)
(0.0932313 0.000119916 0.000795967)
(0.069822 -6.80983e-06 0.000500957)
(0.0889871 -5.3101e-05 0.000653967)
(0.0931085 0.000105423 0.000773511)
(0.0694791 -1.63895e-05 0.000483872)
(0.0888129 -6.44991e-05 0.000638965)
(0.0929856 9.0867e-05 0.000752991)
(0.0691486 -2.31487e-05 0.000465088)
(0.0928646 7.76616e-05 0.000730598)
(0.0688198 -2.72098e-05 0.000446105)
(0.0985242 0.000314288 0.00137639)
(0.100873 0.000263458 0.00155989)
(0.0826858 0.000288158 0.00128446)
(0.0983137 0.000315481 0.00128142)
(0.100666 0.00029718 0.00146233)
(0.0820774 0.000285975 0.00118608)
(0.0981362 0.000311287 0.00119771)
(0.100485 0.000320672 0.00137384)
(0.0815313 0.000277766 0.00109766)
(0.0979868 0.000303228 0.0011255)
(0.100333 0.000336184 0.00129587)
(0.0810377 0.00026681 0.00102291)
(0.0978609 0.000292386 0.00106358)
(0.100197 0.000346347 0.00122721)
(0.0805846 0.000254737 0.000960269)
(0.0977536 0.000279782 0.00101136)
(0.100084 0.000351288 0.00116768)
(0.0801692 0.000242028 0.000907976)
(0.097662 0.000266861 0.000967362)
(0.0999837 0.000351528 0.0011178)
(0.079782 0.000229321 0.000863748)
(0.0975807 0.000254334 0.000930234)
(0.0998989 0.000349181 0.00107349)
(0.0794189 0.000217038 0.000827236)
(0.0975091 0.000241624 0.000897513)
(0.0998236 0.000344529 0.00103541)
(0.0790743 0.000206151 0.000792991)
(0.0974455 0.000228535 0.000866778)
(0.0997558 0.000338395 0.00100003)
(0.0787461 0.000195984 0.00076088)
(0.0996983 0.000330933 0.0009658)
(0.0784314 0.000185393 0.000733583)
(0.103136 0.000233094 0.00165892)
(0.104122 0.000132085 0.00165748)
(0.0891758 0.00023243 0.00154187)
(0.102962 0.000291296 0.0015676)
(0.104012 0.000210917 0.00158495)
(0.0885754 0.000284831 0.00145224)
(0.102806 0.000337208 0.00148416)
(0.103906 0.000275417 0.00151801)
(0.0880133 0.000324536 0.00137172)
(0.102667 0.000374168 0.00140864)
(0.103806 0.00032849 0.00145679)
(0.0874861 0.000354063 0.00130056)
(0.102545 0.000402634 0.00134148)
(0.10371 0.000372302 0.00139987)
(0.0869915 0.000375432 0.00123719)
(0.102438 0.00042206 0.00128376)
(0.10362 0.000406551 0.0013474)
(0.0865271 0.000388854 0.00118191)
(0.102346 0.00043384 0.00123324)
(0.103536 0.000432307 0.001301)
(0.0860894 0.000395128 0.00113486)
(0.102265 0.000440359 0.0011875)
(0.103459 0.000450846 0.00125816)
(0.0856756 0.000396198 0.00109266)
(0.102195 0.000443167 0.0011463)
(0.103388 0.000464256 0.00121888)
(0.0852818 0.000394364 0.00105399)
(0.102133 0.000442507 0.00110745)
(0.103321 0.000474005 0.00118273)
(0.0849056 0.00038983 0.00101908)
(0.10326 0.00047888 0.00114555)
(0.084546 0.000382991 0.000986309)
(0.105015 0.000114833 0.00158044)
(0.0919771 0.000135786 0.00147709)
(0.104974 0.000198159 0.00153348)
(0.0915272 0.000217267 0.00142996)
(0.104924 0.000268519 0.00148972)
(0.091076 0.000277322 0.00138454)
(0.104867 0.000327487 0.00144786)
(0.0906266 0.000325694 0.00134161)
(0.104803 0.000376306 0.00140622)
(0.0901814 0.000364557 0.00130079)
(0.104737 0.000415966 0.00136565)
(0.0897427 0.000395357 0.00126156)
(0.104669 0.000447835 0.00132737)
(0.089312 0.000418806 0.00122515)
(0.104602 0.000473094 0.00129121)
(0.0888904 0.000435865 0.00119094)
(0.104535 0.000493323 0.00125715)
(0.0884783 0.000447656 0.00115906)
(0.104468 0.000508577 0.00122277)
(0.0880748 0.000455868 0.00112967)
(0.0876809 0.000459475 0.00110057)
(0.0277474 -1.77404e-05 4.63093e-05)
(0.0341298 4.77067e-06 0.000110202)
(0.0273714 -1.16022e-05 4.99855e-05)
(0.0336732 1.63149e-05 9.11356e-05)
(0.0270082 -6.07009e-06 5.0359e-05)
(0.0332402 2.54752e-05 7.65875e-05)
(0.0266584 -2.46442e-06 4.91329e-05)
(0.032811 3.08197e-05 6.57496e-05)
(0.0263206 5.22336e-08 4.78388e-05)
(0.0324078 3.43483e-05 5.70269e-05)
(0.025996 2.1415e-06 4.66343e-05)
(0.0320116 3.7198e-05 4.95698e-05)
(0.0256822 3.97765e-06 4.5229e-05)
(0.0316371 3.90778e-05 4.37181e-05)
(0.0253814 5.27132e-06 4.4029e-05)
(0.0312745 4.03992e-05 3.77411e-05)
(0.0250858 5.37027e-06 4.30773e-05)
(0.0309217 4.0003e-05 3.43614e-05)
(0.024799 4.65789e-06 4.1816e-05)
(0.0305851 3.71056e-05 3.28297e-05)
(0.0245239 4.57098e-06 4.04156e-05)
(0.030258 3.33722e-05 3.29568e-05)
(0.0299509 3.1293e-05 3.27119e-05)
(0.0431475 2.00524e-05 0.000222993)
(0.049706 2.09143e-05 0.000505866)
(0.0425888 2.34323e-05 0.000191902)
(0.0490559 8.51294e-06 0.000439301)
(0.0420548 2.77422e-05 0.000166437)
(0.0484663 2.28391e-06 0.000380011)
(0.0415415 3.08064e-05 0.000147061)
(0.0478847 -3.12393e-06 0.000342556)
(0.0410462 3.30399e-05 0.000131205)
(0.0473554 -6.88633e-06 0.000317853)
(0.040572 3.45813e-05 0.000117903)
(0.0468274 -8.99947e-06 0.000297634)
(0.0401149 3.50256e-05 0.000106215)
(0.0463398 -1.13908e-05 0.000281411)
(0.0396797 3.41563e-05 9.64222e-05)
(0.045861 -1.40089e-05 0.000266262)
(0.0392598 3.19737e-05 8.91308e-05)
(0.0454013 -1.69691e-05 0.000253529)
(0.0388594 2.93488e-05 8.35795e-05)
(0.0449683 -1.63286e-05 0.000237809)
(0.0384738 2.65216e-05 8.02004e-05)
(0.0445466 -1.31176e-05 0.000221693)
(0.0571496 8.99472e-05 0.00070757)
(0.0627195 0.0002071 0.000967429)
(0.0564431 7.05689e-05 0.000599706)
(0.0618801 0.000183961 0.000864437)
(0.0557954 5.48448e-05 0.000520321)
(0.0611308 0.000161947 0.000773469)
(0.0551896 4.2214e-05 0.00047331)
(0.0604193 0.000145437 0.000707957)
(0.0546155 3.27936e-05 0.00044267)
(0.0597757 0.00013316 0.000660406)
(0.0540687 2.54109e-05 0.000418703)
(0.0591504 0.000122572 0.000622284)
(0.0535451 1.86107e-05 0.000398616)
(0.058574 0.000113493 0.00059004)
(0.0530438 1.26943e-05 0.000380194)
(0.0580129 0.000103602 0.000563756)
(0.0525622 9.4841e-06 0.000360408)
(0.0574781 9.76511e-05 0.000536512)
(0.0520989 9.18749e-06 0.000338878)
(0.05697 9.3018e-05 0.000508937)
(0.0564739 8.72388e-05 0.000484989)
(0.0681677 0.000272671 0.00118366)
(0.0724781 0.000283843 0.00134796)
(0.0672657 0.000261424 0.00108843)
(0.0715203 0.000303447 0.00125049)
(0.0664421 0.000246663 0.00100543)
(0.0706352 0.000312805 0.00116396)
(0.0656836 0.000231733 0.000937013)
(0.0698079 0.000314005 0.00109234)
(0.0649791 0.000217601 0.000880588)
(0.069035 0.00031024 0.00103269)
(0.0643188 0.000204433 0.000833028)
(0.068307 0.00030376 0.000981827)
(0.0636944 0.000191971 0.000793263)
(0.0676188 0.000295125 0.000938218)
(0.0631 0.000180972 0.000757572)
(0.0669623 0.00028546 0.000901288)
(0.0625302 0.000172146 0.000722314)
(0.0663337 0.000275613 0.000866071)
(0.0619817 0.000163699 0.000690068)
(0.0657305 0.000265551 0.000832653)
(0.0651465 0.000254752 0.000802984)
(0.0761127 0.000300682 0.00143167)
(0.0783969 0.000249919 0.00145339)
(0.0751668 0.000334744 0.00134755)
(0.0774978 0.000306432 0.00138588)
(0.0742735 0.000358274 0.00127446)
(0.0766306 0.000343061 0.00132373)
(0.0734293 0.000372613 0.00121126)
(0.075794 0.000368885 0.00126803)
(0.0726303 0.000379395 0.00115603)
(0.074988 0.000386182 0.00121824)
(0.0718715 0.000380002 0.00110796)
(0.0742119 0.000397113 0.00117369)
(0.0711473 0.000375868 0.00106634)
(0.0734631 0.000402309 0.00113422)
(0.070454 0.000368919 0.00102905)
(0.0727395 0.000402754 0.00109879)
(0.0697877 0.000359967 0.000994521)
(0.0720392 0.000399878 0.00106584)
(0.0691449 0.000349199 0.000962747)
(0.0713598 0.000394424 0.00103515)
(0.0707002 0.000386702 0.0010069)
(0.0798239 0.000256044 0.00140697)
(0.0790044 0.000315671 0.00136175)
(0.0781943 0.000355316 0.00131707)
(0.0773965 0.000384968 0.00127473)
(0.0766139 0.000407027 0.00123561)
(0.0758479 0.000422709 0.0011998)
(0.0750992 0.000432363 0.00116673)
(0.0743682 0.000436801 0.00113581)
(0.0736545 0.00043713 0.00110691)
(0.0729564 0.000433889 0.00108018)
)
;

boundaryField
{
    inlet
    {
        type            calculated;
        value           nonuniform List<vector> 0();
    }
    ami1
    {
        type            cyclicAMI;
        value           nonuniform List<vector> 0();
    }
    walls
    {
        type            calculated;
        value           uniform (0 0 0);
    }
    ami2
    {
        type            cyclicAMI;
        value           nonuniform List<vector> 0();
    }
    outlet
    {
        type            calculated;
        value           nonuniform List<vector> 0();
    }
    procBoundary8to0
    {
        type            processor;
        value           nonuniform List<vector> 
29
(
(0.0281234 -4.17434e-05 -2.14567e-05)
(0.0461398 -0.000125112 -0.000182704)
(0.0630962 -0.000323498 -0.000594739)
(0.0739735 -0.000225596 -0.000884389)
(0.0796974 -0.000221254 -0.00117686)
(0.0437167 -0.000258316 1.953e-05)
(0.0756789 -0.000320907 1.38506e-05)
(0.0922811 -0.000571372 -0.000373067)
(0.100165 -0.000305565 -0.000793787)
(0.104043 -9.69649e-05 -0.00123277)
(0.057916 -0.000799699 0.000116404)
(0.0907101 -0.000941766 0.000196267)
(0.10413 -0.00112359 -0.000111892)
(0.110391 -0.000764732 -0.000546674)
(0.113461 -0.000410542 -0.00102832)
(0.0691604 -0.00128518 0.000275826)
(0.0987819 -0.00148857 0.000302418)
(0.110183 -0.00152082 0.000125583)
(0.115568 -0.00107639 -0.000210871)
(0.118212 -0.000615043 -0.000602245)
(0.0771215 -0.00152701 0.000248772)
(0.103326 -0.00176023 0.000156781)
(0.113366 -0.00167315 0.000144394)
(0.118225 -0.00116744 1.53917e-06)
(0.120637 -0.000652246 -0.000226869)
(0.121383 -0.000175162 -0.000482019)
(0.119044 -0.000974282 0.000237389)
(0.121383 -0.000482814 0.00017323)
(0.122103 -6.52223e-07 -5.56986e-07)
)
;
    }
    procBoundary8to1
    {
        type            processor;
        value           nonuniform List<vector> 
33
(
(0.0806479 -0.00145016 0.000170911)
(0.105039 -0.00162865 1.67237e-05)
(0.114398 -0.00147081 0.000176083)
(0.07969 -0.0011796 0.000216644)
(0.104043 -0.00123599 9.28373e-05)
(0.113463 -0.0010306 0.000406633)
(0.118213 -0.000603344 0.000611723)
(0.120638 -0.000227006 0.00064978)
(0.121384 0.000173742 0.00048107)
(0.0739676 -0.000886873 0.000221173)
(0.100167 -0.000796999 0.000301659)
(0.110394 -0.000548902 0.000760991)
(0.115571 -0.000211348 0.00107282)
(0.118227 2.16024e-06 0.00116459)
(0.119044 0.000238452 0.000972137)
(0.0630876 -0.00059608 0.000320739)
(0.092279 -0.000376565 0.000571256)
(0.104128 -0.000113452 0.00112192)
(0.110184 0.000126326 0.00151789)
(0.113369 0.000146067 0.00167052)
(0.1144 0.000177706 0.00146884)
(0.0461412 -0.000183735 0.000124728)
(0.0756757 1.13895e-05 0.000323628)
(0.0906999 0.000195987 0.000941297)
(0.0987773 0.000304367 0.0014863)
(0.103328 0.00015947 0.00175863)
(0.105043 1.85236e-05 0.00162751)
(0.0281276 -2.18378e-05 4.16299e-05)
(0.0437242 1.93896e-05 0.000259282)
(0.0579266 0.000117561 0.00079967)
(0.0691611 0.000277467 0.00128466)
(0.0771194 0.00025115 0.00152695)
(0.0806482 0.000173609 0.00145084)
)
;
    }
    procBoundary8to7
    {
        type            processor;
        value           nonuniform List<vector> 
68
(
(0.0245119 -4.04585e-05 5.23303e-06)
(0.0411767 -0.000179287 -0.000142735)
(0.0570648 -0.000268413 -0.000478027)
(0.0667051 -0.000374065 -0.000839143)
(0.0718975 -0.00043177 -0.00103118)
(0.0384511 -8.12269e-05 2.65187e-05)
(0.0712675 -0.000268343 -0.000113765)
(0.0913409 -0.000453999 -0.000563585)
(0.100276 -0.000457674 -0.000932344)
(0.10409 -0.000512383 -0.00114144)
(0.0516285 -0.00032267 7.90743e-06)
(0.0886412 -0.000622023 -7.39936e-05)
(0.105898 -0.000807062 -0.000457207)
(0.113458 -0.000686413 -0.000817177)
(0.116723 -0.00059398 -0.00105587)
(0.06143 -0.000661319 0.000153159)
(0.09739 -0.000836803 0.000215175)
(0.112533 -0.000977546 -5.33403e-05)
(0.119446 -0.00076416 -0.000385353)
(0.122612 -0.000555777 -0.000634025)
(0.0685105 -0.000934319 0.000334882)
(0.102076 -0.00107179 0.000439402)
(0.115896 -0.00112471 0.000270338)
(0.122398 -0.000819999 -8.15735e-06)
(0.125496 -0.000505559 -0.000226666)
(0.126399 -0.000151244 -0.000394901)
(0.0722671 -0.00105703 0.000425285)
(0.104397 -0.00118817 0.000518323)
(0.117313 -0.00115575 0.000463914)
(0.123428 -0.000778338 0.000298921)
(0.1264 -0.0003946 0.000151498)
(0.127301 -1.67175e-07 -4.896e-07)
(0.0718863 -0.00103522 0.000432159)
(0.0688607 -0.000926452 0.000386557)
(0.104094 -0.0011427 0.000511358)
(0.102097 -0.00102519 0.000486327)
(0.116727 -0.00105559 0.000593632)
(0.122613 -0.000633605 0.000556037)
(0.125497 -0.000227177 0.000505738)
(0.1264 0.000150953 0.000393566)
(0.0660429 -0.00081779 0.000372751)
(0.100189 -0.000912026 0.000457255)
(0.106598 -0.000908207 0.000586456)
(0.113465 -0.000816374 0.000685932)
(0.11945 -0.000384667 0.000764227)
(0.122401 -8.6108e-06 0.000819677)
(0.12343 0.000298211 0.000776852)
(0.0565263 -0.000441786 0.000252665)
(0.0911582 -0.000553078 0.000451239)
(0.0981989 -0.0005496 0.000644471)
(0.105903 -0.000457639 0.000808527)
(0.112535 -5.30592e-05 0.000977626)
(0.1159 0.00026968 0.0011238)
(0.117318 0.000462948 0.00115365)
(0.0407864 -0.000130337 0.000172085)
(0.0708423 -0.000119833 0.000273836)
(0.079156 -0.000143388 0.000464543)
(0.0886375 -7.42386e-05 0.000621634)
(0.0973894 0.000215103 0.00083681)
(0.10208 0.000439289 0.00107028)
(0.104404 0.000517793 0.0011857)
(0.0242615 5.43791e-06 3.89371e-05)
(0.0380999 2.4814e-05 7.76444e-05)
(0.0441438 -1.28198e-05 0.000211369)
(0.0516493 8.97135e-06 0.000320502)
(0.0614514 0.000154133 0.000661436)
(0.0685241 0.000336706 0.000931942)
(0.072273 0.000427004 0.00105397)
)
;
    }
    procBoundary8to9
    {
        type            processor;
        value           nonuniform List<vector> 
132
(
(0.0798158 -0.000239863 -0.00130512)
(0.0790795 -0.000305525 -0.00128477)
(0.0783297 -0.000348107 -0.00125992)
(0.077574 -0.000380081 -0.00123298)
(0.0768178 -0.000404688 -0.00120541)
(0.0760654 -0.000423107 -0.00117804)
(0.0753199 -0.000435658 -0.00115112)
(0.0745835 -0.000443044 -0.00112522)
(0.0738583 -0.000446069 -0.0011005)
(0.073143 -0.000444407 -0.00107632)
(0.0724374 -0.000437081 -0.00105315)
(0.104568 -9.777e-05 -0.00142291)
(0.104602 -0.000175896 -0.001406)
(0.104615 -0.000244342 -0.00138679)
(0.10461 -0.000303579 -0.00136592)
(0.104589 -0.000353902 -0.00134225)
(0.104556 -0.000395733 -0.00131629)
(0.104513 -0.000430251 -0.0012899)
(0.104461 -0.000458492 -0.00126377)
(0.104405 -0.000480819 -0.00123655)
(0.104342 -0.00049775 -0.00120758)
(0.104278 -0.000510577 -0.00117777)
(0.114096 -0.000308855 -0.00124657)
(0.114418 -0.000341781 -0.00124019)
(0.114728 -0.000372824 -0.00123047)
(0.115028 -0.000401092 -0.00121928)
(0.115318 -0.000426259 -0.00120659)
(0.115598 -0.000448465 -0.00119277)
(0.115871 -0.000467868 -0.00117835)
(0.116136 -0.000484573 -0.00116351)
(0.116394 -0.000498856 -0.00114804)
(0.116647 -0.000511498 -0.00113217)
(0.116894 -0.000523035 -0.00111486)
(0.118848 -0.000424463 -0.000784034)
(0.119283 -0.000422222 -0.000777809)
(0.119708 -0.000421594 -0.00077105)
(0.120123 -0.000421603 -0.000764056)
(0.120531 -0.000421978 -0.0007569)
(0.12093 -0.000422483 -0.00074952)
(0.121323 -0.000422965 -0.000741945)
(0.121709 -0.000423381 -0.000734243)
(0.122089 -0.000423843 -0.000726429)
(0.122464 -0.000424743 -0.000718752)
(0.122834 -0.000425758 -0.00071063)
(0.120432 -0.000209744 -0.000722828)
(0.120896 -0.00021302 -0.000707191)
(0.121348 -0.000216311 -0.000691692)
(0.121792 -0.000219068 -0.000676801)
(0.122226 -0.00022133 -0.000662706)
(0.122653 -0.000223107 -0.000649446)
(0.123073 -0.000224434 -0.000637002)
(0.123486 -0.000225362 -0.000625397)
(0.123893 -0.000225967 -0.000614629)
(0.124295 -0.000226398 -0.000604917)
(0.124692 -0.000226549 -0.000595552)
(0.121257 2.58636e-05 -0.000557855)
(0.121744 2.64822e-05 -0.000541049)
(0.12222 2.76676e-05 -0.000526081)
(0.122686 2.90958e-05 -0.000512763)
(0.123143 3.05732e-05 -0.000500906)
(0.123592 3.20052e-05 -0.000490334)
(0.124034 3.33268e-05 -0.000480886)
(0.124469 3.45186e-05 -0.000472483)
(0.124897 3.55718e-05 -0.000465096)
(0.12532 3.64961e-05 -0.000458849)
(0.125737 3.72672e-05 -0.000453282)
(0.122 0.000238708 -8.71748e-05)
(0.122505 0.000233059 -8.574e-05)
(0.122998 0.000227798 -8.44048e-05)
(0.123481 0.000222922 -8.31533e-05)
(0.123954 0.000218432 -8.19909e-05)
(0.124419 0.000214312 -8.09129e-05)
(0.124876 0.000210533 -7.99166e-05)
(0.125325 0.000207078 -7.90099e-05)
(0.125767 0.000203936 -7.82014e-05)
(0.126203 0.000201152 -7.75211e-05)
(0.126634 0.000198528 -7.69167e-05)
(0.121257 0.000405033 0.000349981)
(0.121744 0.000392331 0.000343718)
(0.12222 0.000381262 0.000338226)
(0.122686 0.000371536 0.00033343)
(0.123144 0.000362955 0.000329196)
(0.123593 0.000355374 0.000325385)
(0.124035 0.000348658 0.00032189)
(0.124469 0.000342733 0.000318665)
(0.124898 0.000337573 0.000315691)
(0.125321 0.000333291 0.000313054)
(0.125738 0.000329541 0.000310484)
(0.118849 0.000422878 0.000783384)
(0.119284 0.000421334 0.000776921)
(0.119709 0.00042107 0.000769994)
(0.120125 0.000421216 0.0007629)
(0.120532 0.000421631 0.000755692)
(0.120932 0.000422179 0.000748278)
(0.121325 0.000422676 0.00074062)
(0.121711 0.000423129 0.000732801)
(0.122091 0.000423562 0.000724766)
(0.122466 0.000424472 0.000716791)
(0.122836 0.000425477 0.000708256)
(0.114097 0.000306967 0.00124688)
(0.11442 0.000340902 0.00123979)
(0.114731 0.000372401 0.00122971)
(0.115031 0.000400784 0.00121836)
(0.115321 0.00042595 0.00120563)
(0.115602 0.000448231 0.00119176)
(0.115875 0.000467582 0.00117717)
(0.11614 0.000484363 0.00116222)
(0.116399 0.00049841 0.00114644)
(0.116652 0.000510834 0.00113016)
(0.1169 0.000521964 0.00111224)
(0.10457 9.48741e-05 0.00142502)
(0.104603 0.000173868 0.00140706)
(0.104616 0.000243047 0.00138722)
(0.104611 0.000302824 0.00136593)
(0.104591 0.000353496 0.00134203)
(0.104558 0.00039567 0.00131587)
(0.104515 0.000430095 0.00128934)
(0.104465 0.000458673 0.00126308)
(0.104408 0.000480626 0.00123579)
(0.104348 0.000497401 0.00120733)
(0.104283 0.000508777 0.00117669)
(0.0798073 0.000236893 0.00130863)
(0.0790698 0.000302239 0.00128773)
(0.0783189 0.000345963 0.00126205)
(0.0775625 0.000379288 0.00123413)
(0.0768058 0.000404845 0.00120573)
(0.0760531 0.00042359 0.00117779)
(0.0753074 0.000436392 0.00115079)
(0.0745706 0.000443619 0.00112488)
(0.0738457 0.00044701 0.00110064)
(0.0731298 0.000445886 0.0010772)
(0.0724259 0.00043907 0.0010547)
)
;
    }
}


// ************************************************************************* //
