/*--------------------------------*- C++ -*----------------------------------*\
| =========                 |                                                 |
| \\      /  F ield         | OpenFOAM: The Open Source CFD Toolbox           |
|  \\    /   O peration     | Version:  2212                                  |
|   \\  /    A nd           | Website:  www.openfoam.com                      |
|    \\/     M anipulation  |                                                 |
\*---------------------------------------------------------------------------*/
FoamFile
{
    version     2.0;
    format      ascii;
    arch        "LSB;label=32;scalar=64";
    class       vectorField;
    location    "2.3/polyMesh";
    object      points;
}
// * * * * * * * * * * * * * * * * * * * * * * * * * * * * * * * * * * * * * //


986
(
(0.04 0.0161912 -0.0117407)
(0.042 0.0161912 -0.0117407)
(0.044 0.0161912 -0.0117407)
(0.046 0.0161912 -0.0117407)
(0.04 0.0144801 -0.00906073)
(0.042 0.0144801 -0.00906073)
(0.044 0.0144801 -0.00906073)
(0.046 0.0144801 -0.00906073)
(0.04 0.0125402 -0.00625802)
(0.042 0.0125402 -0.00625802)
(0.044 0.0125402 -0.00625802)
(0.046 0.0125402 -0.00625802)
(0.04 0.0103975 -0.00337474)
(0.042 0.0103975 -0.00337474)
(0.044 0.0103975 -0.00337474)
(0.046 0.0103975 -0.00337474)
(0.04 0.0143555 -0.0139255)
(0.042 0.0143555 -0.0139255)
(0.044 0.0143555 -0.0139255)
(0.046 0.0143555 -0.0139255)
(0.048 0.0143555 -0.0139255)
(0.05 0.0143555 -0.0139255)
(0.052 0.0143555 -0.0139255)
(0.054 0.0143555 -0.0139255)
(0.056 0.0143555 -0.0139255)
(0.058 0.0143555 -0.0139255)
(0.06 0.0143555 -0.0139255)
(0.062 0.0143555 -0.0139255)
(0.064 0.0143555 -0.0139255)
(0.04 0.0123419 -0.0114168)
(0.042 0.0123419 -0.0114168)
(0.044 0.0123419 -0.0114168)
(0.046 0.0123419 -0.0114168)
(0.048 0.0123419 -0.0114168)
(0.05 0.0123419 -0.0114168)
(0.052 0.0123419 -0.0114168)
(0.054 0.0123419 -0.0114168)
(0.056 0.0123419 -0.0114168)
(0.058 0.0123419 -0.0114168)
(0.06 0.0123419 -0.0114168)
(0.062 0.0123419 -0.0114168)
(0.064 0.0123419 -0.0114168)
(0.04 0.0101436 -0.00874591)
(0.042 0.0101436 -0.00874591)
(0.044 0.0101436 -0.00874591)
(0.046 0.0101436 -0.00874591)
(0.048 0.0101436 -0.00874591)
(0.05 0.0101436 -0.00874591)
(0.052 0.0101436 -0.00874591)
(0.054 0.0101436 -0.00874591)
(0.056 0.0101436 -0.00874591)
(0.058 0.0101436 -0.00874591)
(0.06 0.0101436 -0.00874591)
(0.062 0.0101436 -0.00874591)
(0.064 0.0101436 -0.00874591)
(0.04 0.00779102 -0.00595117)
(0.042 0.00779102 -0.00595117)
(0.044 0.00779102 -0.00595117)
(0.046 0.00779102 -0.00595117)
(0.048 0.00779102 -0.00595117)
(0.05 0.00779102 -0.00595117)
(0.052 0.00779102 -0.00595117)
(0.054 0.00779102 -0.00595117)
(0.056 0.00779102 -0.00595117)
(0.058 0.00779102 -0.00595117)
(0.06 0.00779102 -0.00595117)
(0.062 0.00779102 -0.00595117)
(0.064 0.00779102 -0.00595117)
(0.04 0.0122276 -0.0158267)
(0.042 0.0122276 -0.0158267)
(0.044 0.0122276 -0.0158267)
(0.046 0.0122276 -0.0158267)
(0.048 0.0122276 -0.0158267)
(0.05 0.0122276 -0.0158267)
(0.052 0.0122276 -0.0158267)
(0.054 0.0122276 -0.0158267)
(0.056 0.0122276 -0.0158267)
(0.058 0.0122276 -0.0158267)
(0.06 0.0122276 -0.0158267)
(0.062 0.0122276 -0.0158267)
(0.064 0.0122276 -0.0158267)
(0.04 0.00996059 -0.0135444)
(0.042 0.00996059 -0.0135444)
(0.044 0.00996059 -0.0135444)
(0.046 0.00996059 -0.0135444)
(0.048 0.00996059 -0.0135444)
(0.05 0.00996059 -0.0135444)
(0.052 0.00996059 -0.0135444)
(0.054 0.00996059 -0.0135444)
(0.056 0.00996059 -0.0135444)
(0.058 0.00996059 -0.0135444)
(0.06 0.00996059 -0.0135444)
(0.062 0.00996059 -0.0135444)
(0.064 0.00996059 -0.0135444)
(0.04 0.00755311 -0.0110604)
(0.042 0.00755311 -0.0110604)
(0.044 0.00755311 -0.0110604)
(0.046 0.00755311 -0.0110604)
(0.048 0.00755311 -0.0110604)
(0.05 0.00755311 -0.0110604)
(0.052 0.00755311 -0.0110604)
(0.054 0.00755311 -0.0110604)
(0.056 0.00755311 -0.0110604)
(0.058 0.00755311 -0.0110604)
(0.06 0.00755311 -0.0110604)
(0.062 0.00755311 -0.0110604)
(0.064 0.00755311 -0.0110604)
(0.04 0.00503984 -0.0084093)
(0.042 0.00503984 -0.0084093)
(0.044 0.00503984 -0.0084093)
(0.046 0.00503984 -0.0084093)
(0.048 0.00503984 -0.0084093)
(0.05 0.00503984 -0.0084093)
(0.052 0.00503984 -0.0084093)
(0.054 0.00503984 -0.0084093)
(0.056 0.00503984 -0.0084093)
(0.058 0.00503984 -0.0084093)
(0.06 0.00503984 -0.0084093)
(0.062 0.00503984 -0.0084093)
(0.064 0.00503984 -0.0084093)
(0.04 0.00245764 -0.00562896)
(0.042 0.00245764 -0.00562896)
(0.044 0.00245764 -0.00562896)
(0.046 0.00245764 -0.00562896)
(0.048 0.00245764 -0.00562896)
(0.05 0.00245764 -0.00562896)
(0.052 0.00245764 -0.00562896)
(0.054 0.00245764 -0.00562896)
(0.056 0.00245764 -0.00562896)
(0.058 0.00245764 -0.00562896)
(0.06 0.00245764 -0.00562896)
(0.062 0.00245764 -0.00562896)
(0.064 0.00245764 -0.00562896)
(0.04 -0.000155259 -0.00275998)
(0.042 -0.000155259 -0.00275998)
(0.044 -0.000155259 -0.00275998)
(0.046 -0.000155259 -0.00275998)
(0.048 -0.000155259 -0.00275998)
(0.05 -0.000155259 -0.00275998)
(0.052 -0.000155259 -0.00275998)
(0.054 -0.000155259 -0.00275998)
(0.056 -0.000155259 -0.00275998)
(0.058 -0.000155259 -0.00275998)
(0.06 -0.000155259 -0.00275998)
(0.062 -0.000155259 -0.00275998)
(0.064 -0.000155259 -0.00275998)
(0.04 -0.00275998 0.000155259)
(0.042 -0.00275998 0.000155259)
(0.044 -0.00275998 0.000155259)
(0.046 -0.00275998 0.000155259)
(0.048 -0.00275998 0.000155259)
(0.05 -0.00275998 0.000155259)
(0.052 -0.00275998 0.000155259)
(0.054 -0.00275998 0.000155259)
(0.056 -0.00275998 0.000155259)
(0.058 -0.00275998 0.000155259)
(0.06 -0.00275998 0.000155259)
(0.062 -0.00275998 0.000155259)
(0.064 -0.00275998 0.000155259)
(0.04 -0.00531781 0.00307343)
(0.042 -0.00531781 0.00307343)
(0.044 -0.00531781 0.00307343)
(0.046 -0.00531781 0.00307343)
(0.048 -0.00531781 0.00307343)
(0.05 -0.00531781 0.00307343)
(0.052 -0.00531781 0.00307343)
(0.054 -0.00531781 0.00307343)
(0.056 -0.00531781 0.00307343)
(0.058 -0.00531781 0.00307343)
(0.06 -0.00531781 0.00307343)
(0.062 -0.00531781 0.00307343)
(0.064 -0.00531781 0.00307343)
(0.04 -0.00779102 0.00595117)
(0.042 -0.00779102 0.00595117)
(0.044 -0.00779102 0.00595117)
(0.046 -0.00779102 0.00595117)
(0.048 -0.00779102 0.00595117)
(0.05 -0.00779102 0.00595117)
(0.052 -0.00779102 0.00595117)
(0.054 -0.00779102 0.00595117)
(0.056 -0.00779102 0.00595117)
(0.058 -0.00779102 0.00595117)
(0.06 -0.00779102 0.00595117)
(0.062 -0.00779102 0.00595117)
(0.064 -0.00779102 0.00595117)
(0.04 -0.0101436 0.00874591)
(0.042 -0.0101436 0.00874591)
(0.044 -0.0101436 0.00874591)
(0.046 -0.0101436 0.00874591)
(0.048 -0.0101436 0.00874591)
(0.05 -0.0101436 0.00874591)
(0.052 -0.0101436 0.00874591)
(0.054 -0.0101436 0.00874591)
(0.056 -0.0101436 0.00874591)
(0.058 -0.0101436 0.00874591)
(0.06 -0.0101436 0.00874591)
(0.062 -0.0101436 0.00874591)
(0.04 -0.0123419 0.0114168)
(0.042 -0.0123419 0.0114168)
(0.044 -0.0123419 0.0114168)
(0.046 -0.0123419 0.0114168)
(0.048 -0.0123419 0.0114168)
(0.05 -0.0123419 0.0114168)
(0.052 -0.0123419 0.0114168)
(0.054 -0.0123419 0.0114168)
(0.056 -0.0123419 0.0114168)
(0.058 -0.0123419 0.0114168)
(0.06 -0.0123419 0.0114168)
(0.062 -0.0123419 0.0114168)
(0.04 -0.0143555 0.0139255)
(0.042 -0.0143555 0.0139255)
(0.044 -0.0143555 0.0139255)
(0.046 -0.0143555 0.0139255)
(0.048 -0.0143555 0.0139255)
(0.05 -0.0143555 0.0139255)
(0.052 -0.0143555 0.0139255)
(0.054 -0.0143555 0.0139255)
(0.056 -0.0143555 0.0139255)
(0.058 -0.0143555 0.0139255)
(0.06 -0.0143555 0.0139255)
(0.062 -0.0143555 0.0139255)
(0.04 0.00985077 -0.0174058)
(0.042 0.00985077 -0.0174058)
(0.044 0.00985077 -0.0174058)
(0.046 0.00985077 -0.0174058)
(0.048 0.00985077 -0.0174058)
(0.05 0.00985077 -0.0174058)
(0.052 0.00985077 -0.0174058)
(0.054 0.00985077 -0.0174058)
(0.056 0.00985077 -0.0174058)
(0.058 0.00985077 -0.0174058)
(0.06 0.00985077 -0.0174058)
(0.062 0.00985077 -0.0174058)
(0.064 0.00985077 -0.0174058)
(0.04 0.00737959 -0.0154049)
(0.042 0.00737959 -0.0154049)
(0.044 0.00737959 -0.0154049)
(0.046 0.00737959 -0.0154049)
(0.048 0.00737959 -0.0154049)
(0.05 0.00737959 -0.0154049)
(0.052 0.00737959 -0.0154049)
(0.054 0.00737959 -0.0154049)
(0.056 0.00737959 -0.0154049)
(0.058 0.00737959 -0.0154049)
(0.06 0.00737959 -0.0154049)
(0.062 0.00737959 -0.0154049)
(0.064 0.00737959 -0.0154049)
(0.04 0.00481213 -0.0131629)
(0.042 0.00481213 -0.0131629)
(0.044 0.00481213 -0.0131629)
(0.046 0.00481213 -0.0131629)
(0.048 0.00481213 -0.0131629)
(0.05 0.00481213 -0.0131629)
(0.052 0.00481213 -0.0131629)
(0.054 0.00481213 -0.0131629)
(0.056 0.00481213 -0.0131629)
(0.058 0.00481213 -0.0131629)
(0.06 0.00481213 -0.0131629)
(0.062 0.00481213 -0.0131629)
(0.064 0.00481213 -0.0131629)
(0.04 0.00218734 -0.0107104)
(0.042 0.00218734 -0.0107104)
(0.044 0.00218734 -0.0107104)
(0.046 0.00218734 -0.0107104)
(0.048 0.00218734 -0.0107104)
(0.05 0.00218734 -0.0107104)
(0.052 0.00218734 -0.0107104)
(0.054 0.00218734 -0.0107104)
(0.056 0.00218734 -0.0107104)
(0.058 0.00218734 -0.0107104)
(0.06 0.00218734 -0.0107104)
(0.062 0.00218734 -0.0107104)
(0.064 0.00218734 -0.0107104)
(0.04 -0.000454673 -0.00808254)
(0.042 -0.000454673 -0.00808254)
(0.044 -0.000454673 -0.00808254)
(0.046 -0.000454673 -0.00808254)
(0.048 -0.000454673 -0.00808254)
(0.05 -0.000454673 -0.00808254)
(0.052 -0.000454673 -0.00808254)
(0.054 -0.000454673 -0.00808254)
(0.056 -0.000454673 -0.00808254)
(0.058 -0.000454673 -0.00808254)
(0.06 -0.000454673 -0.00808254)
(0.062 -0.000454673 -0.00808254)
(0.064 -0.000454673 -0.00808254)
(0.04 -0.00307343 -0.00531781)
(0.042 -0.00307343 -0.00531781)
(0.044 -0.00307343 -0.00531781)
(0.046 -0.00307343 -0.00531781)
(0.048 -0.00307343 -0.00531781)
(0.05 -0.00307343 -0.00531781)
(0.052 -0.00307343 -0.00531781)
(0.054 -0.00307343 -0.00531781)
(0.056 -0.00307343 -0.00531781)
(0.058 -0.00307343 -0.00531781)
(0.06 -0.00307343 -0.00531781)
(0.062 -0.00307343 -0.00531781)
(0.064 -0.00307343 -0.00531781)
(0.04 -0.00562896 -0.00245764)
(0.042 -0.00562896 -0.00245764)
(0.044 -0.00562896 -0.00245764)
(0.046 -0.00562896 -0.00245764)
(0.048 -0.00562896 -0.00245764)
(0.05 -0.00562896 -0.00245764)
(0.052 -0.00562896 -0.00245764)
(0.054 -0.00562896 -0.00245764)
(0.056 -0.00562896 -0.00245764)
(0.058 -0.00562896 -0.00245764)
(0.06 -0.00562896 -0.00245764)
(0.062 -0.00562896 -0.00245764)
(0.064 -0.00562896 -0.00245764)
(0.04 -0.00808254 0.000454673)
(0.042 -0.00808254 0.000454673)
(0.044 -0.00808254 0.000454673)
(0.046 -0.00808254 0.000454673)
(0.048 -0.00808254 0.000454673)
(0.05 -0.00808254 0.000454673)
(0.052 -0.00808254 0.000454673)
(0.054 -0.00808254 0.000454673)
(0.056 -0.00808254 0.000454673)
(0.058 -0.00808254 0.000454673)
(0.06 -0.00808254 0.000454673)
(0.062 -0.00808254 0.000454673)
(0.064 -0.00808254 0.000454673)
(0.04 -0.0103975 0.00337474)
(0.042 -0.0103975 0.00337474)
(0.044 -0.0103975 0.00337474)
(0.046 -0.0103975 0.00337474)
(0.048 -0.0103975 0.00337474)
(0.05 -0.0103975 0.00337474)
(0.052 -0.0103975 0.00337474)
(0.054 -0.0103975 0.00337474)
(0.056 -0.0103975 0.00337474)
(0.058 -0.0103975 0.00337474)
(0.06 -0.0103975 0.00337474)
(0.062 -0.0103975 0.00337474)
(0.064 -0.0103975 0.00337474)
(0.04 -0.0125402 0.00625802)
(0.042 -0.0125402 0.00625802)
(0.044 -0.0125402 0.00625802)
(0.046 -0.0125402 0.00625802)
(0.048 -0.0125402 0.00625802)
(0.05 -0.0125402 0.00625802)
(0.052 -0.0125402 0.00625802)
(0.054 -0.0125402 0.00625802)
(0.056 -0.0125402 0.00625802)
(0.058 -0.0125402 0.00625802)
(0.06 -0.0125402 0.00625802)
(0.062 -0.0125402 0.00625802)
(0.04 -0.0144801 0.00906073)
(0.042 -0.0144801 0.00906073)
(0.044 -0.0144801 0.00906073)
(0.046 -0.0144801 0.00906073)
(0.048 -0.0144801 0.00906073)
(0.05 -0.0144801 0.00906073)
(0.052 -0.0144801 0.00906073)
(0.054 -0.0144801 0.00906073)
(0.056 -0.0144801 0.00906073)
(0.058 -0.0144801 0.00906073)
(0.06 -0.0144801 0.00906073)
(0.062 -0.0144801 0.00906073)
(0.04 -0.0161912 0.0117407)
(0.042 -0.0161912 0.0117407)
(0.044 -0.0161912 0.0117407)
(0.046 -0.0161912 0.0117407)
(0.048 -0.0161912 0.0117407)
(0.05 -0.0161912 0.0117407)
(0.052 -0.0161912 0.0117407)
(0.054 -0.0161912 0.0117407)
(0.056 -0.0161912 0.0117407)
(0.058 -0.0161912 0.0117407)
(0.06 -0.0161912 0.0117407)
(0.062 -0.0161912 0.0117407)
(0.04 0.0072734 -0.0186306)
(0.042 0.0072734 -0.0186306)
(0.044 0.0072734 -0.0186306)
(0.046 0.0072734 -0.0186306)
(0.048 0.0072734 -0.0186306)
(0.05 0.0072734 -0.0186306)
(0.052 0.0072734 -0.0186306)
(0.054 0.0072734 -0.0186306)
(0.056 0.0072734 -0.0186306)
(0.058 0.0072734 -0.0186306)
(0.06 0.0072734 -0.0186306)
(0.062 0.0072734 -0.0186306)
(0.064 0.0072734 -0.0186306)
(0.04 0.00464624 -0.0169651)
(0.042 0.00464624 -0.0169651)
(0.044 0.00464624 -0.0169651)
(0.046 0.00464624 -0.0169651)
(0.048 0.00464624 -0.0169651)
(0.05 0.00464624 -0.0169651)
(0.052 0.00464624 -0.0169651)
(0.054 0.00464624 -0.0169651)
(0.056 0.00464624 -0.0169651)
(0.058 0.00464624 -0.0169651)
(0.06 0.00464624 -0.0169651)
(0.062 0.00464624 -0.0169651)
(0.064 0.00464624 -0.0169651)
(0.04 0.001967 -0.0150189)
(0.042 0.001967 -0.0150189)
(0.044 0.001967 -0.0150189)
(0.046 0.001967 -0.0150189)
(0.048 0.001967 -0.0150189)
(0.05 0.001967 -0.0150189)
(0.052 0.001967 -0.0150189)
(0.054 0.001967 -0.0150189)
(0.056 0.001967 -0.0150189)
(0.058 0.001967 -0.0150189)
(0.06 0.001967 -0.0150189)
(0.062 0.001967 -0.0150189)
(0.064 0.001967 -0.0150189)
(0.04 -0.000721119 -0.012819)
(0.042 -0.000721119 -0.012819)
(0.044 -0.000721119 -0.012819)
(0.046 -0.000721119 -0.012819)
(0.048 -0.000721119 -0.012819)
(0.05 -0.000721119 -0.012819)
(0.052 -0.000721119 -0.012819)
(0.054 -0.000721119 -0.012819)
(0.056 -0.000721119 -0.012819)
(0.058 -0.000721119 -0.012819)
(0.06 -0.000721119 -0.012819)
(0.062 -0.000721119 -0.012819)
(0.064 -0.000721119 -0.012819)
(0.04 -0.00337474 -0.0103975)
(0.042 -0.00337474 -0.0103975)
(0.044 -0.00337474 -0.0103975)
(0.046 -0.00337474 -0.0103975)
(0.048 -0.00337474 -0.0103975)
(0.05 -0.00337474 -0.0103975)
(0.052 -0.00337474 -0.0103975)
(0.054 -0.00337474 -0.0103975)
(0.056 -0.00337474 -0.0103975)
(0.058 -0.00337474 -0.0103975)
(0.06 -0.00337474 -0.0103975)
(0.062 -0.00337474 -0.0103975)
(0.064 -0.00337474 -0.0103975)
(0.04 -0.00595117 -0.00779102)
(0.042 -0.00595117 -0.00779102)
(0.044 -0.00595117 -0.00779102)
(0.046 -0.00595117 -0.00779102)
(0.048 -0.00595117 -0.00779102)
(0.05 -0.00595117 -0.00779102)
(0.052 -0.00595117 -0.00779102)
(0.054 -0.00595117 -0.00779102)
(0.056 -0.00595117 -0.00779102)
(0.058 -0.00595117 -0.00779102)
(0.06 -0.00595117 -0.00779102)
(0.062 -0.00595117 -0.00779102)
(0.064 -0.00595117 -0.00779102)
(0.04 -0.0084093 -0.00503984)
(0.042 -0.0084093 -0.00503984)
(0.044 -0.0084093 -0.00503984)
(0.046 -0.0084093 -0.00503984)
(0.048 -0.0084093 -0.00503984)
(0.05 -0.0084093 -0.00503984)
(0.052 -0.0084093 -0.00503984)
(0.054 -0.0084093 -0.00503984)
(0.056 -0.0084093 -0.00503984)
(0.058 -0.0084093 -0.00503984)
(0.06 -0.0084093 -0.00503984)
(0.062 -0.0084093 -0.00503984)
(0.064 -0.0084093 -0.00503984)
(0.04 -0.0107104 -0.00218734)
(0.042 -0.0107104 -0.00218734)
(0.044 -0.0107104 -0.00218734)
(0.046 -0.0107104 -0.00218734)
(0.048 -0.0107104 -0.00218734)
(0.05 -0.0107104 -0.00218734)
(0.052 -0.0107104 -0.00218734)
(0.054 -0.0107104 -0.00218734)
(0.056 -0.0107104 -0.00218734)
(0.058 -0.0107104 -0.00218734)
(0.06 -0.0107104 -0.00218734)
(0.062 -0.0107104 -0.00218734)
(0.064 -0.0107104 -0.00218734)
(0.04 -0.012819 0.000721119)
(0.042 -0.012819 0.000721119)
(0.044 -0.012819 0.000721119)
(0.046 -0.012819 0.000721119)
(0.048 -0.012819 0.000721119)
(0.05 -0.012819 0.000721119)
(0.052 -0.012819 0.000721119)
(0.054 -0.012819 0.000721119)
(0.056 -0.012819 0.000721119)
(0.058 -0.012819 0.000721119)
(0.06 -0.012819 0.000721119)
(0.062 -0.012819 0.000721119)
(0.064 -0.012819 0.000721119)
(0.04 -0.0147036 0.003639)
(0.042 -0.0147036 0.003639)
(0.044 -0.0147036 0.003639)
(0.046 -0.0147036 0.003639)
(0.048 -0.0147036 0.003639)
(0.05 -0.0147036 0.003639)
(0.052 -0.0147036 0.003639)
(0.054 -0.0147036 0.003639)
(0.056 -0.0147036 0.003639)
(0.058 -0.0147036 0.003639)
(0.06 -0.0147036 0.003639)
(0.062 -0.0147036 0.003639)
(0.04 -0.0163369 0.00651961)
(0.042 -0.0163369 0.00651961)
(0.044 -0.0163369 0.00651961)
(0.046 -0.0163369 0.00651961)
(0.048 -0.0163369 0.00651961)
(0.05 -0.0163369 0.00651961)
(0.052 -0.0163369 0.00651961)
(0.054 -0.0163369 0.00651961)
(0.056 -0.0163369 0.00651961)
(0.058 -0.0163369 0.00651961)
(0.06 -0.0163369 0.00651961)
(0.062 -0.0163369 0.00651961)
(0.04 -0.0176973 0.00931697)
(0.042 -0.0176973 0.00931697)
(0.044 -0.0176973 0.00931697)
(0.046 -0.0176973 0.00931697)
(0.048 -0.0176973 0.00931697)
(0.05 -0.0176973 0.00931697)
(0.052 -0.0176973 0.00931697)
(0.054 -0.0176973 0.00931697)
(0.056 -0.0176973 0.00931697)
(0.058 -0.0176973 0.00931697)
(0.06 -0.0176973 0.00931697)
(0.062 -0.0176973 0.00931697)
(0.04 0.00454796 -0.019476)
(0.042 0.00454796 -0.019476)
(0.044 0.00454796 -0.019476)
(0.046 0.00454796 -0.019476)
(0.048 0.00454796 -0.019476)
(0.05 0.00454796 -0.019476)
(0.052 0.00454796 -0.019476)
(0.054 0.00454796 -0.019476)
(0.056 0.00454796 -0.019476)
(0.058 0.00454796 -0.019476)
(0.06 0.00454796 -0.019476)
(0.062 0.00454796 -0.019476)
(0.064 0.00454796 -0.019476)
(0.04 0.00181105 -0.0181976)
(0.042 0.00181105 -0.0181976)
(0.044 0.00181105 -0.0181976)
(0.046 0.00181105 -0.0181976)
(0.048 0.00181105 -0.0181976)
(0.05 0.00181105 -0.0181976)
(0.052 0.00181105 -0.0181976)
(0.054 0.00181105 -0.0181976)
(0.056 0.00181105 -0.0181976)
(0.058 0.00181105 -0.0181976)
(0.06 0.00181105 -0.0181976)
(0.062 0.00181105 -0.0181976)
(0.064 0.00181105 -0.0181976)
(0.04 -0.000933762 -0.0165991)
(0.042 -0.000933762 -0.0165991)
(0.044 -0.000933762 -0.0165991)
(0.046 -0.000933762 -0.0165991)
(0.048 -0.000933762 -0.0165991)
(0.05 -0.000933762 -0.0165991)
(0.052 -0.000933762 -0.0165991)
(0.054 -0.000933762 -0.0165991)
(0.056 -0.000933762 -0.0165991)
(0.058 -0.000933762 -0.0165991)
(0.06 -0.000933762 -0.0165991)
(0.062 -0.000933762 -0.0165991)
(0.064 -0.000933762 -0.0165991)
(0.04 -0.003639 -0.0147036)
(0.042 -0.003639 -0.0147036)
(0.044 -0.003639 -0.0147036)
(0.046 -0.003639 -0.0147036)
(0.048 -0.003639 -0.0147036)
(0.05 -0.003639 -0.0147036)
(0.052 -0.003639 -0.0147036)
(0.054 -0.003639 -0.0147036)
(0.056 -0.003639 -0.0147036)
(0.058 -0.003639 -0.0147036)
(0.06 -0.003639 -0.0147036)
(0.062 -0.003639 -0.0147036)
(0.064 -0.003639 -0.0147036)
(0.04 -0.00625802 -0.0125402)
(0.042 -0.00625802 -0.0125402)
(0.044 -0.00625802 -0.0125402)
(0.046 -0.00625802 -0.0125402)
(0.048 -0.00625802 -0.0125402)
(0.05 -0.00625802 -0.0125402)
(0.052 -0.00625802 -0.0125402)
(0.054 -0.00625802 -0.0125402)
(0.056 -0.00625802 -0.0125402)
(0.058 -0.00625802 -0.0125402)
(0.06 -0.00625802 -0.0125402)
(0.062 -0.00625802 -0.0125402)
(0.064 -0.00625802 -0.0125402)
(0.04 -0.00874591 -0.0101436)
(0.042 -0.00874591 -0.0101436)
(0.044 -0.00874591 -0.0101436)
(0.046 -0.00874591 -0.0101436)
(0.048 -0.00874591 -0.0101436)
(0.05 -0.00874591 -0.0101436)
(0.052 -0.00874591 -0.0101436)
(0.054 -0.00874591 -0.0101436)
(0.056 -0.00874591 -0.0101436)
(0.058 -0.00874591 -0.0101436)
(0.06 -0.00874591 -0.0101436)
(0.062 -0.00874591 -0.0101436)
(0.064 -0.00874591 -0.0101436)
(0.04 -0.0110604 -0.00755311)
(0.042 -0.0110604 -0.00755311)
(0.044 -0.0110604 -0.00755311)
(0.046 -0.0110604 -0.00755311)
(0.048 -0.0110604 -0.00755311)
(0.05 -0.0110604 -0.00755311)
(0.052 -0.0110604 -0.00755311)
(0.054 -0.0110604 -0.00755311)
(0.056 -0.0110604 -0.00755311)
(0.058 -0.0110604 -0.00755311)
(0.06 -0.0110604 -0.00755311)
(0.062 -0.0110604 -0.00755311)
(0.064 -0.0110604 -0.00755311)
(0.04 -0.0131629 -0.00481213)
(0.042 -0.0131629 -0.00481213)
(0.044 -0.0131629 -0.00481213)
(0.046 -0.0131629 -0.00481213)
(0.048 -0.0131629 -0.00481213)
(0.05 -0.0131629 -0.00481213)
(0.052 -0.0131629 -0.00481213)
(0.054 -0.0131629 -0.00481213)
(0.056 -0.0131629 -0.00481213)
(0.058 -0.0131629 -0.00481213)
(0.06 -0.0131629 -0.00481213)
(0.062 -0.0131629 -0.00481213)
(0.064 -0.0131629 -0.00481213)
(0.04 -0.0150189 -0.001967)
(0.042 -0.0150189 -0.001967)
(0.044 -0.0150189 -0.001967)
(0.046 -0.0150189 -0.001967)
(0.048 -0.0150189 -0.001967)
(0.05 -0.0150189 -0.001967)
(0.052 -0.0150189 -0.001967)
(0.054 -0.0150189 -0.001967)
(0.056 -0.0150189 -0.001967)
(0.058 -0.0150189 -0.001967)
(0.06 -0.0150189 -0.001967)
(0.062 -0.0150189 -0.001967)
(0.064 -0.0150189 -0.001967)
(0.04 -0.0165991 0.000933762)
(0.042 -0.0165991 0.000933762)
(0.044 -0.0165991 0.000933762)
(0.046 -0.0165991 0.000933762)
(0.048 -0.0165991 0.000933762)
(0.05 -0.0165991 0.000933762)
(0.052 -0.0165991 0.000933762)
(0.054 -0.0165991 0.000933762)
(0.056 -0.0165991 0.000933762)
(0.058 -0.0165991 0.000933762)
(0.06 -0.0165991 0.000933762)
(0.062 -0.0165991 0.000933762)
(0.04 -0.0178797 0.00384053)
(0.042 -0.0178797 0.00384053)
(0.044 -0.0178797 0.00384053)
(0.046 -0.0178797 0.00384053)
(0.048 -0.0178797 0.00384053)
(0.05 -0.0178797 0.00384053)
(0.052 -0.0178797 0.00384053)
(0.054 -0.0178797 0.00384053)
(0.056 -0.0178797 0.00384053)
(0.058 -0.0178797 0.00384053)
(0.06 -0.0178797 0.00384053)
(0.062 -0.0178797 0.00384053)
(0.04 -0.0188431 0.00670355)
(0.042 -0.0188431 0.00670355)
(0.044 -0.0188431 0.00670355)
(0.046 -0.0188431 0.00670355)
(0.048 -0.0188431 0.00670355)
(0.05 -0.0188431 0.00670355)
(0.052 -0.0188431 0.00670355)
(0.054 -0.0188431 0.00670355)
(0.056 -0.0188431 0.00670355)
(0.058 -0.0188431 0.00670355)
(0.06 -0.0188431 0.00670355)
(0.062 -0.0188431 0.00670355)
(0.04 0.00172994 -0.019925)
(0.042 0.00172994 -0.019925)
(0.044 0.00172994 -0.019925)
(0.046 0.00172994 -0.019925)
(0.048 0.00172994 -0.019925)
(0.05 0.00172994 -0.019925)
(0.052 0.00172994 -0.019925)
(0.054 0.00172994 -0.019925)
(0.056 0.00172994 -0.019925)
(0.058 0.00172994 -0.019925)
(0.06 0.00172994 -0.019925)
(0.062 0.00172994 -0.019925)
(0.064 0.00172994 -0.019925)
(0.04 -0.00107344 -0.0190822)
(0.042 -0.00107344 -0.0190822)
(0.044 -0.00107344 -0.0190822)
(0.046 -0.00107344 -0.0190822)
(0.048 -0.00107344 -0.0190822)
(0.05 -0.00107344 -0.0190822)
(0.052 -0.00107344 -0.0190822)
(0.054 -0.00107344 -0.0190822)
(0.056 -0.00107344 -0.0190822)
(0.058 -0.00107344 -0.0190822)
(0.06 -0.00107344 -0.0190822)
(0.062 -0.00107344 -0.0190822)
(0.064 -0.00107344 -0.0190822)
(0.04 -0.00384053 -0.0178797)
(0.042 -0.00384053 -0.0178797)
(0.044 -0.00384053 -0.0178797)
(0.046 -0.00384053 -0.0178797)
(0.048 -0.00384053 -0.0178797)
(0.05 -0.00384053 -0.0178797)
(0.052 -0.00384053 -0.0178797)
(0.054 -0.00384053 -0.0178797)
(0.056 -0.00384053 -0.0178797)
(0.058 -0.00384053 -0.0178797)
(0.06 -0.00384053 -0.0178797)
(0.062 -0.00384053 -0.0178797)
(0.064 -0.00384053 -0.0178797)
(0.04 -0.00651961 -0.0163369)
(0.042 -0.00651961 -0.0163369)
(0.044 -0.00651961 -0.0163369)
(0.046 -0.00651961 -0.0163369)
(0.048 -0.00651961 -0.0163369)
(0.05 -0.00651961 -0.0163369)
(0.052 -0.00651961 -0.0163369)
(0.054 -0.00651961 -0.0163369)
(0.056 -0.00651961 -0.0163369)
(0.058 -0.00651961 -0.0163369)
(0.06 -0.00651961 -0.0163369)
(0.062 -0.00651961 -0.0163369)
(0.064 -0.00651961 -0.0163369)
(0.04 -0.00906073 -0.0144801)
(0.042 -0.00906073 -0.0144801)
(0.044 -0.00906073 -0.0144801)
(0.046 -0.00906073 -0.0144801)
(0.048 -0.00906073 -0.0144801)
(0.05 -0.00906073 -0.0144801)
(0.052 -0.00906073 -0.0144801)
(0.054 -0.00906073 -0.0144801)
(0.056 -0.00906073 -0.0144801)
(0.058 -0.00906073 -0.0144801)
(0.06 -0.00906073 -0.0144801)
(0.062 -0.00906073 -0.0144801)
(0.064 -0.00906073 -0.0144801)
(0.04 -0.0114168 -0.0123419)
(0.042 -0.0114168 -0.0123419)
(0.044 -0.0114168 -0.0123419)
(0.046 -0.0114168 -0.0123419)
(0.048 -0.0114168 -0.0123419)
(0.05 -0.0114168 -0.0123419)
(0.052 -0.0114168 -0.0123419)
(0.054 -0.0114168 -0.0123419)
(0.056 -0.0114168 -0.0123419)
(0.058 -0.0114168 -0.0123419)
(0.06 -0.0114168 -0.0123419)
(0.062 -0.0114168 -0.0123419)
(0.064 -0.0114168 -0.0123419)
(0.04 -0.0135444 -0.00996059)
(0.042 -0.0135444 -0.00996059)
(0.044 -0.0135444 -0.00996059)
(0.046 -0.0135444 -0.00996059)
(0.048 -0.0135444 -0.00996059)
(0.05 -0.0135444 -0.00996059)
(0.052 -0.0135444 -0.00996059)
(0.054 -0.0135444 -0.00996059)
(0.056 -0.0135444 -0.00996059)
(0.058 -0.0135444 -0.00996059)
(0.06 -0.0135444 -0.00996059)
(0.062 -0.0135444 -0.00996059)
(0.064 -0.0135444 -0.00996059)
(0.04 -0.0154049 -0.00737959)
(0.042 -0.0154049 -0.00737959)
(0.044 -0.0154049 -0.00737959)
(0.046 -0.0154049 -0.00737959)
(0.048 -0.0154049 -0.00737959)
(0.05 -0.0154049 -0.00737959)
(0.052 -0.0154049 -0.00737959)
(0.054 -0.0154049 -0.00737959)
(0.056 -0.0154049 -0.00737959)
(0.058 -0.0154049 -0.00737959)
(0.06 -0.0154049 -0.00737959)
(0.062 -0.0154049 -0.00737959)
(0.064 -0.0154049 -0.00737959)
(0.04 -0.0169651 -0.00464624)
(0.042 -0.0169651 -0.00464624)
(0.044 -0.0169651 -0.00464624)
(0.046 -0.0169651 -0.00464624)
(0.048 -0.0169651 -0.00464624)
(0.05 -0.0169651 -0.00464624)
(0.052 -0.0169651 -0.00464624)
(0.054 -0.0169651 -0.00464624)
(0.056 -0.0169651 -0.00464624)
(0.058 -0.0169651 -0.00464624)
(0.06 -0.0169651 -0.00464624)
(0.062 -0.0169651 -0.00464624)
(0.064 -0.0169651 -0.00464624)
(0.04 -0.0181976 -0.00181105)
(0.042 -0.0181976 -0.00181105)
(0.044 -0.0181976 -0.00181105)
(0.046 -0.0181976 -0.00181105)
(0.048 -0.0181976 -0.00181105)
(0.05 -0.0181976 -0.00181105)
(0.052 -0.0181976 -0.00181105)
(0.054 -0.0181976 -0.00181105)
(0.056 -0.0181976 -0.00181105)
(0.058 -0.0181976 -0.00181105)
(0.06 -0.0181976 -0.00181105)
(0.062 -0.0181976 -0.00181105)
(0.04 -0.0190822 0.00107344)
(0.042 -0.0190822 0.00107344)
(0.044 -0.0190822 0.00107344)
(0.046 -0.0190822 0.00107344)
(0.048 -0.0190822 0.00107344)
(0.05 -0.0190822 0.00107344)
(0.052 -0.0190822 0.00107344)
(0.054 -0.0190822 0.00107344)
(0.056 -0.0190822 0.00107344)
(0.058 -0.0190822 0.00107344)
(0.06 -0.0190822 0.00107344)
(0.062 -0.0190822 0.00107344)
(0.04 -0.0196053 0.00395367)
(0.042 -0.0196053 0.00395367)
(0.044 -0.0196053 0.00395367)
(0.046 -0.0196053 0.00395367)
(0.048 -0.0196053 0.00395367)
(0.05 -0.0196053 0.00395367)
(0.052 -0.0196053 0.00395367)
(0.054 -0.0196053 0.00395367)
(0.056 -0.0196053 0.00395367)
(0.058 -0.0196053 0.00395367)
(0.06 -0.0196053 0.00395367)
(0.062 -0.0196053 0.00395367)
(0.04 -0.0011233 -0.0199684)
(0.042 -0.0011233 -0.0199684)
(0.044 -0.0011233 -0.0199684)
(0.046 -0.0011233 -0.0199684)
(0.048 -0.0011233 -0.0199684)
(0.05 -0.0011233 -0.0199684)
(0.052 -0.0011233 -0.0199684)
(0.054 -0.0011233 -0.0199684)
(0.056 -0.0011233 -0.0199684)
(0.058 -0.0011233 -0.0199684)
(0.06 -0.0011233 -0.0199684)
(0.062 -0.0011233 -0.0199684)
(0.064 -0.0011233 -0.0199684)
(0.04 -0.00395367 -0.0196053)
(0.042 -0.00395367 -0.0196053)
(0.044 -0.00395367 -0.0196053)
(0.046 -0.00395367 -0.0196053)
(0.048 -0.00395367 -0.0196053)
(0.05 -0.00395367 -0.0196053)
(0.052 -0.00395367 -0.0196053)
(0.054 -0.00395367 -0.0196053)
(0.056 -0.00395367 -0.0196053)
(0.058 -0.00395367 -0.0196053)
(0.06 -0.00395367 -0.0196053)
(0.062 -0.00395367 -0.0196053)
(0.064 -0.00395367 -0.0196053)
(0.04 -0.00670355 -0.0188431)
(0.042 -0.00670355 -0.0188431)
(0.044 -0.00670355 -0.0188431)
(0.046 -0.00670355 -0.0188431)
(0.048 -0.00670355 -0.0188431)
(0.05 -0.00670355 -0.0188431)
(0.052 -0.00670355 -0.0188431)
(0.054 -0.00670355 -0.0188431)
(0.056 -0.00670355 -0.0188431)
(0.058 -0.00670355 -0.0188431)
(0.06 -0.00670355 -0.0188431)
(0.062 -0.00670355 -0.0188431)
(0.064 -0.00670355 -0.0188431)
(0.04 -0.00931697 -0.0176973)
(0.042 -0.00931697 -0.0176973)
(0.044 -0.00931697 -0.0176973)
(0.046 -0.00931697 -0.0176973)
(0.048 -0.00931697 -0.0176973)
(0.05 -0.00931697 -0.0176973)
(0.052 -0.00931697 -0.0176973)
(0.054 -0.00931697 -0.0176973)
(0.056 -0.00931697 -0.0176973)
(0.058 -0.00931697 -0.0176973)
(0.06 -0.00931697 -0.0176973)
(0.062 -0.00931697 -0.0176973)
(0.064 -0.00931697 -0.0176973)
(0.04 -0.0117407 -0.0161912)
(0.042 -0.0117407 -0.0161912)
(0.044 -0.0117407 -0.0161912)
(0.046 -0.0117407 -0.0161912)
(0.048 -0.0117407 -0.0161912)
(0.05 -0.0117407 -0.0161912)
(0.052 -0.0117407 -0.0161912)
(0.054 -0.0117407 -0.0161912)
(0.056 -0.0117407 -0.0161912)
(0.058 -0.0117407 -0.0161912)
(0.06 -0.0117407 -0.0161912)
(0.062 -0.0117407 -0.0161912)
(0.064 -0.0117407 -0.0161912)
(0.04 -0.0139255 -0.0143555)
(0.042 -0.0139255 -0.0143555)
(0.044 -0.0139255 -0.0143555)
(0.046 -0.0139255 -0.0143555)
(0.048 -0.0139255 -0.0143555)
(0.05 -0.0139255 -0.0143555)
(0.052 -0.0139255 -0.0143555)
(0.054 -0.0139255 -0.0143555)
(0.056 -0.0139255 -0.0143555)
(0.058 -0.0139255 -0.0143555)
(0.06 -0.0139255 -0.0143555)
(0.062 -0.0139255 -0.0143555)
(0.064 -0.0139255 -0.0143555)
(0.04 -0.0158267 -0.0122276)
(0.042 -0.0158267 -0.0122276)
(0.044 -0.0158267 -0.0122276)
(0.046 -0.0158267 -0.0122276)
(0.048 -0.0158267 -0.0122276)
(0.05 -0.0158267 -0.0122276)
(0.052 -0.0158267 -0.0122276)
(0.054 -0.0158267 -0.0122276)
(0.056 -0.0158267 -0.0122276)
(0.058 -0.0158267 -0.0122276)
(0.06 -0.0158267 -0.0122276)
(0.062 -0.0158267 -0.0122276)
(0.064 -0.0158267 -0.0122276)
(0.04 -0.0174058 -0.00985077)
(0.042 -0.0174058 -0.00985077)
(0.044 -0.0174058 -0.00985077)
(0.046 -0.0174058 -0.00985077)
(0.048 -0.0174058 -0.00985077)
(0.05 -0.0174058 -0.00985077)
(0.052 -0.0174058 -0.00985077)
(0.054 -0.0174058 -0.00985077)
(0.056 -0.0174058 -0.00985077)
(0.058 -0.0174058 -0.00985077)
(0.06 -0.0174058 -0.00985077)
(0.062 -0.0174058 -0.00985077)
(0.064 -0.0174058 -0.00985077)
(0.04 -0.0186306 -0.0072734)
(0.042 -0.0186306 -0.0072734)
(0.044 -0.0186306 -0.0072734)
(0.046 -0.0186306 -0.0072734)
(0.048 -0.0186306 -0.0072734)
(0.05 -0.0186306 -0.0072734)
(0.052 -0.0186306 -0.0072734)
(0.054 -0.0186306 -0.0072734)
(0.056 -0.0186306 -0.0072734)
(0.058 -0.0186306 -0.0072734)
(0.06 -0.0186306 -0.0072734)
(0.062 -0.0186306 -0.0072734)
(0.064 -0.0186306 -0.0072734)
(0.04 -0.019476 -0.00454796)
(0.042 -0.019476 -0.00454796)
(0.044 -0.019476 -0.00454796)
(0.046 -0.019476 -0.00454796)
(0.048 -0.019476 -0.00454796)
(0.05 -0.019476 -0.00454796)
(0.052 -0.019476 -0.00454796)
(0.054 -0.019476 -0.00454796)
(0.056 -0.019476 -0.00454796)
(0.058 -0.019476 -0.00454796)
(0.06 -0.019476 -0.00454796)
(0.062 -0.019476 -0.00454796)
(0.04 -0.019925 -0.00172994)
(0.042 -0.019925 -0.00172994)
(0.044 -0.019925 -0.00172994)
(0.046 -0.019925 -0.00172994)
(0.048 -0.019925 -0.00172994)
(0.05 -0.019925 -0.00172994)
(0.052 -0.019925 -0.00172994)
(0.054 -0.019925 -0.00172994)
(0.056 -0.019925 -0.00172994)
(0.058 -0.019925 -0.00172994)
(0.06 -0.019925 -0.00172994)
(0.062 -0.019925 -0.00172994)
(0.04 -0.0199684 0.0011233)
(0.042 -0.0199684 0.0011233)
(0.044 -0.0199684 0.0011233)
(0.046 -0.0199684 0.0011233)
(0.048 -0.0199684 0.0011233)
(0.05 -0.0199684 0.0011233)
(0.052 -0.0199684 0.0011233)
(0.054 -0.0199684 0.0011233)
(0.056 -0.0199684 0.0011233)
(0.058 -0.0199684 0.0011233)
(0.06 -0.0199684 0.0011233)
(0.062 -0.0199684 0.0011233)
)


// ************************************************************************* //
