/*--------------------------------*- C++ -*----------------------------------*\
| =========                 |                                                 |
| \\      /  F ield         | OpenFOAM: The Open Source CFD Toolbox           |
|  \\    /   O peration     | Version:  2212                                  |
|   \\  /    A nd           | Website:  www.openfoam.com                      |
|    \\/     M anipulation  |                                                 |
\*---------------------------------------------------------------------------*/
FoamFile
{
    version     2.0;
    format      ascii;
    arch        "LSB;label=32;scalar=64";
    class       vectorField;
    location    "1.1/polyMesh";
    object      points;
}
// * * * * * * * * * * * * * * * * * * * * * * * * * * * * * * * * * * * * * //


972
(
(0.064 0.0171315 -0.0103204)
(0.066 0.0171315 -0.0103204)
(0.068 0.0171315 -0.0103204)
(0.07 0.0171315 -0.0103204)
(0.072 0.0171315 -0.0103204)
(0.074 0.0171315 -0.0103204)
(0.076 0.0171315 -0.0103204)
(0.078 0.0171315 -0.0103204)
(0.08 0.0171315 -0.0103204)
(0.082 0.0171315 -0.0103204)
(0.084 0.0171315 -0.0103204)
(0.086 0.0171315 -0.0103204)
(0.064 0.0184259 -0.00777725)
(0.066 0.0184259 -0.00777725)
(0.068 0.0184259 -0.00777725)
(0.07 0.0184259 -0.00777725)
(0.072 0.0184259 -0.00777725)
(0.074 0.0184259 -0.00777725)
(0.076 0.0184259 -0.00777725)
(0.078 0.0184259 -0.00777725)
(0.08 0.0184259 -0.00777725)
(0.082 0.0184259 -0.00777725)
(0.084 0.0184259 -0.00777725)
(0.086 0.0184259 -0.00777725)
(0.064 0.0193452 -0.00507581)
(0.066 0.0193452 -0.00507581)
(0.068 0.0193452 -0.00507581)
(0.07 0.0193452 -0.00507581)
(0.072 0.0193452 -0.00507581)
(0.074 0.0193452 -0.00507581)
(0.076 0.0193452 -0.00507581)
(0.078 0.0193452 -0.00507581)
(0.08 0.0193452 -0.00507581)
(0.082 0.0193452 -0.00507581)
(0.084 0.0193452 -0.00507581)
(0.086 0.0193452 -0.00507581)
(0.062 0.0198706 -0.00227103)
(0.064 0.0198706 -0.00227103)
(0.066 0.0198706 -0.00227103)
(0.068 0.0198706 -0.00227103)
(0.07 0.0198706 -0.00227103)
(0.072 0.0198706 -0.00227103)
(0.074 0.0198706 -0.00227103)
(0.076 0.0198706 -0.00227103)
(0.078 0.0198706 -0.00227103)
(0.08 0.0198706 -0.00227103)
(0.082 0.0198706 -0.00227103)
(0.084 0.0198706 -0.00227103)
(0.086 0.0198706 -0.00227103)
(0.062 0.0199916 0.000579969)
(0.064 0.0199916 0.000579969)
(0.066 0.0199916 0.000579969)
(0.068 0.0199916 0.000579969)
(0.07 0.0199916 0.000579969)
(0.072 0.0199916 0.000579969)
(0.074 0.0199916 0.000579969)
(0.076 0.0199916 0.000579969)
(0.078 0.0199916 0.000579969)
(0.08 0.0199916 0.000579969)
(0.082 0.0199916 0.000579969)
(0.084 0.0199916 0.000579969)
(0.086 0.0199916 0.000579969)
(0.062 0.0197056 0.00341916)
(0.064 0.0197056 0.00341916)
(0.066 0.0197056 0.00341916)
(0.068 0.0197056 0.00341916)
(0.07 0.0197056 0.00341916)
(0.072 0.0197056 0.00341916)
(0.074 0.0197056 0.00341916)
(0.076 0.0197056 0.00341916)
(0.078 0.0197056 0.00341916)
(0.08 0.0197056 0.00341916)
(0.082 0.0197056 0.00341916)
(0.084 0.0197056 0.00341916)
(0.086 0.0197056 0.00341916)
(0.062 0.0190184 0.00618876)
(0.064 0.0190184 0.00618876)
(0.066 0.0190184 0.00618876)
(0.068 0.0190184 0.00618876)
(0.07 0.0190184 0.00618876)
(0.072 0.0190184 0.00618876)
(0.074 0.0190184 0.00618876)
(0.076 0.0190184 0.00618876)
(0.078 0.0190184 0.00618876)
(0.08 0.0190184 0.00618876)
(0.082 0.0190184 0.00618876)
(0.084 0.0190184 0.00618876)
(0.086 0.0190184 0.00618876)
(0.064 0.0141916 -0.00901464)
(0.066 0.0141916 -0.00901464)
(0.068 0.0141916 -0.00901464)
(0.07 0.0141916 -0.00901464)
(0.072 0.0141916 -0.00901464)
(0.074 0.0141916 -0.00901464)
(0.076 0.0141916 -0.00901464)
(0.078 0.0141916 -0.00901464)
(0.08 0.0141916 -0.00901464)
(0.082 0.0141916 -0.00901464)
(0.084 0.0141916 -0.00901464)
(0.086 0.0141916 -0.00901464)
(0.064 0.0156401 -0.00616872)
(0.066 0.0156401 -0.00616872)
(0.068 0.0156401 -0.00616872)
(0.07 0.0156401 -0.00616872)
(0.072 0.0156401 -0.00616872)
(0.074 0.0156401 -0.00616872)
(0.076 0.0156401 -0.00616872)
(0.078 0.0156401 -0.00616872)
(0.08 0.0156401 -0.00616872)
(0.082 0.0156401 -0.00616872)
(0.084 0.0156401 -0.00616872)
(0.086 0.0156401 -0.00616872)
(0.064 0.0167793 -0.00319798)
(0.066 0.0167793 -0.00319798)
(0.068 0.0167793 -0.00319798)
(0.07 0.0167793 -0.00319798)
(0.072 0.0167793 -0.00319798)
(0.074 0.0167793 -0.00319798)
(0.076 0.0167793 -0.00319798)
(0.078 0.0167793 -0.00319798)
(0.08 0.0167793 -0.00319798)
(0.082 0.0167793 -0.00319798)
(0.084 0.0167793 -0.00319798)
(0.086 0.0167793 -0.00319798)
(0.062 0.0175891 -0.00015671)
(0.064 0.0175891 -0.00015671)
(0.066 0.0175891 -0.00015671)
(0.068 0.0175891 -0.00015671)
(0.07 0.0175891 -0.00015671)
(0.072 0.0175891 -0.00015671)
(0.074 0.0175891 -0.00015671)
(0.076 0.0175891 -0.00015671)
(0.078 0.0175891 -0.00015671)
(0.08 0.0175891 -0.00015671)
(0.082 0.0175891 -0.00015671)
(0.084 0.0175891 -0.00015671)
(0.086 0.0175891 -0.00015671)
(0.062 0.0180562 0.00289933)
(0.064 0.0180562 0.00289933)
(0.066 0.0180562 0.00289933)
(0.068 0.0180562 0.00289933)
(0.07 0.0180562 0.00289933)
(0.072 0.0180562 0.00289933)
(0.074 0.0180562 0.00289933)
(0.076 0.0180562 0.00289933)
(0.078 0.0180562 0.00289933)
(0.08 0.0180562 0.00289933)
(0.082 0.0180562 0.00289933)
(0.084 0.0180562 0.00289933)
(0.086 0.0180562 0.00289933)
(0.062 0.0181743 0.00591409)
(0.064 0.0181743 0.00591409)
(0.066 0.0181743 0.00591409)
(0.068 0.0181743 0.00591409)
(0.07 0.0181743 0.00591409)
(0.072 0.0181743 0.00591409)
(0.074 0.0181743 0.00591409)
(0.076 0.0181743 0.00591409)
(0.078 0.0181743 0.00591409)
(0.08 0.0181743 0.00591409)
(0.082 0.0181743 0.00591409)
(0.084 0.0181743 0.00591409)
(0.086 0.0181743 0.00591409)
(0.062 0.0179441 0.00883236)
(0.064 0.0179441 0.00883236)
(0.066 0.0179441 0.00883236)
(0.068 0.0179441 0.00883236)
(0.07 0.0179441 0.00883236)
(0.072 0.0179441 0.00883236)
(0.074 0.0179441 0.00883236)
(0.076 0.0179441 0.00883236)
(0.078 0.0179441 0.00883236)
(0.08 0.0179441 0.00883236)
(0.082 0.0179441 0.00883236)
(0.084 0.0179441 0.00883236)
(0.086 0.0179441 0.00883236)
(0.064 0.0110476 -0.00757184)
(0.066 0.0110476 -0.00757184)
(0.068 0.0110476 -0.00757184)
(0.07 0.0110476 -0.00757184)
(0.072 0.0110476 -0.00757184)
(0.074 0.0110476 -0.00757184)
(0.076 0.0110476 -0.00757184)
(0.078 0.0110476 -0.00757184)
(0.08 0.0110476 -0.00757184)
(0.082 0.0110476 -0.00757184)
(0.084 0.0110476 -0.00757184)
(0.086 0.0110476 -0.00757184)
(0.064 0.0126233 -0.00447593)
(0.066 0.0126233 -0.00447593)
(0.068 0.0126233 -0.00447593)
(0.07 0.0126233 -0.00447593)
(0.072 0.0126233 -0.00447593)
(0.074 0.0126233 -0.00447593)
(0.076 0.0126233 -0.00447593)
(0.078 0.0126233 -0.00447593)
(0.08 0.0126233 -0.00447593)
(0.082 0.0126233 -0.00447593)
(0.084 0.0126233 -0.00447593)
(0.086 0.0126233 -0.00447593)
(0.064 0.0139556 -0.00128869)
(0.066 0.0139556 -0.00128869)
(0.068 0.0139556 -0.00128869)
(0.07 0.0139556 -0.00128869)
(0.072 0.0139556 -0.00128869)
(0.074 0.0139556 -0.00128869)
(0.076 0.0139556 -0.00128869)
(0.078 0.0139556 -0.00128869)
(0.08 0.0139556 -0.00128869)
(0.082 0.0139556 -0.00128869)
(0.084 0.0139556 -0.00128869)
(0.086 0.0139556 -0.00128869)
(0.062 0.0150229 0.00193625)
(0.064 0.0150229 0.00193625)
(0.066 0.0150229 0.00193625)
(0.068 0.0150229 0.00193625)
(0.07 0.0150229 0.00193625)
(0.072 0.0150229 0.00193625)
(0.074 0.0150229 0.00193625)
(0.076 0.0150229 0.00193625)
(0.078 0.0150229 0.00193625)
(0.08 0.0150229 0.00193625)
(0.082 0.0150229 0.00193625)
(0.084 0.0150229 0.00193625)
(0.086 0.0150229 0.00193625)
(0.062 0.0158094 0.00514451)
(0.064 0.0158094 0.00514451)
(0.066 0.0158094 0.00514451)
(0.068 0.0158094 0.00514451)
(0.07 0.0158094 0.00514451)
(0.072 0.0158094 0.00514451)
(0.074 0.0158094 0.00514451)
(0.076 0.0158094 0.00514451)
(0.078 0.0158094 0.00514451)
(0.08 0.0158094 0.00514451)
(0.082 0.0158094 0.00514451)
(0.084 0.0158094 0.00514451)
(0.086 0.0158094 0.00514451)
(0.062 0.0163047 0.00828202)
(0.064 0.0163047 0.00828202)
(0.066 0.0163047 0.00828202)
(0.068 0.0163047 0.00828202)
(0.07 0.0163047 0.00828202)
(0.072 0.0163047 0.00828202)
(0.074 0.0163047 0.00828202)
(0.076 0.0163047 0.00828202)
(0.078 0.0163047 0.00828202)
(0.08 0.0163047 0.00828202)
(0.082 0.0163047 0.00828202)
(0.084 0.0163047 0.00828202)
(0.086 0.0163047 0.00828202)
(0.062 0.0165044 0.0112962)
(0.064 0.0165044 0.0112962)
(0.066 0.0165044 0.0112962)
(0.068 0.0165044 0.0112962)
(0.07 0.0165044 0.0112962)
(0.072 0.0165044 0.0112962)
(0.074 0.0165044 0.0112962)
(0.076 0.0165044 0.0112962)
(0.078 0.0165044 0.0112962)
(0.08 0.0165044 0.0112962)
(0.082 0.0165044 0.0112962)
(0.084 0.0165044 0.0112962)
(0.086 0.0165044 0.0112962)
(0.064 0.00774451 -0.00601157)
(0.066 0.00774451 -0.00601157)
(0.068 0.00774451 -0.00601157)
(0.07 0.00774451 -0.00601157)
(0.072 0.00774451 -0.00601157)
(0.074 0.00774451 -0.00601157)
(0.076 0.00774451 -0.00601157)
(0.078 0.00774451 -0.00601157)
(0.08 0.00774451 -0.00601157)
(0.082 0.00774451 -0.00601157)
(0.084 0.00774451 -0.00601157)
(0.086 0.00774451 -0.00601157)
(0.064 0.00941799 -0.00272359)
(0.066 0.00941799 -0.00272359)
(0.068 0.00941799 -0.00272359)
(0.07 0.00941799 -0.00272359)
(0.072 0.00941799 -0.00272359)
(0.074 0.00941799 -0.00272359)
(0.076 0.00941799 -0.00272359)
(0.078 0.00941799 -0.00272359)
(0.08 0.00941799 -0.00272359)
(0.082 0.00941799 -0.00272359)
(0.084 0.00941799 -0.00272359)
(0.086 0.00941799 -0.00272359)
(0.064 0.0109138 0.000622242)
(0.066 0.0109138 0.000622242)
(0.068 0.0109138 0.000622242)
(0.07 0.0109138 0.000622242)
(0.072 0.0109138 0.000622242)
(0.074 0.0109138 0.000622242)
(0.076 0.0109138 0.000622242)
(0.078 0.0109138 0.000622242)
(0.08 0.0109138 0.000622242)
(0.082 0.0109138 0.000622242)
(0.084 0.0109138 0.000622242)
(0.086 0.0109138 0.000622242)
(0.062 0.0122092 0.00397297)
(0.064 0.0122092 0.00397297)
(0.066 0.0122092 0.00397297)
(0.068 0.0122092 0.00397297)
(0.07 0.0122092 0.00397297)
(0.072 0.0122092 0.00397297)
(0.074 0.0122092 0.00397297)
(0.076 0.0122092 0.00397297)
(0.078 0.0122092 0.00397297)
(0.08 0.0122092 0.00397297)
(0.082 0.0122092 0.00397297)
(0.084 0.0122092 0.00397297)
(0.086 0.0122092 0.00397297)
(0.062 0.0132855 0.00727555)
(0.064 0.0132855 0.00727555)
(0.066 0.0132855 0.00727555)
(0.068 0.0132855 0.00727555)
(0.07 0.0132855 0.00727555)
(0.072 0.0132855 0.00727555)
(0.074 0.0132855 0.00727555)
(0.076 0.0132855 0.00727555)
(0.078 0.0132855 0.00727555)
(0.08 0.0132855 0.00727555)
(0.082 0.0132855 0.00727555)
(0.084 0.0132855 0.00727555)
(0.086 0.0132855 0.00727555)
(0.062 0.0141285 0.0104779)
(0.064 0.0141285 0.0104779)
(0.066 0.0141285 0.0104779)
(0.068 0.0141285 0.0104779)
(0.07 0.0141285 0.0104779)
(0.072 0.0141285 0.0104779)
(0.074 0.0141285 0.0104779)
(0.076 0.0141285 0.0104779)
(0.078 0.0141285 0.0104779)
(0.08 0.0141285 0.0104779)
(0.082 0.0141285 0.0104779)
(0.084 0.0141285 0.0104779)
(0.086 0.0141285 0.0104779)
(0.062 0.0147288 0.01353)
(0.064 0.0147288 0.01353)
(0.066 0.0147288 0.01353)
(0.068 0.0147288 0.01353)
(0.07 0.0147288 0.01353)
(0.072 0.0147288 0.01353)
(0.074 0.0147288 0.01353)
(0.076 0.0147288 0.01353)
(0.078 0.0147288 0.01353)
(0.08 0.0147288 0.01353)
(0.082 0.0147288 0.01353)
(0.084 0.0147288 0.01353)
(0.086 0.0147288 0.01353)
(0.064 0.00433031 -0.00435586)
(0.066 0.00433031 -0.00435586)
(0.068 0.00433031 -0.00435586)
(0.07 0.00433031 -0.00435586)
(0.072 0.00433031 -0.00435586)
(0.074 0.00433031 -0.00435586)
(0.076 0.00433031 -0.00435586)
(0.078 0.00433031 -0.00435586)
(0.08 0.00433031 -0.00435586)
(0.082 0.00433031 -0.00435586)
(0.084 0.00433031 -0.00435586)
(0.086 0.00433031 -0.00435586)
(0.064 0.00607009 -0.00093761)
(0.066 0.00607009 -0.00093761)
(0.068 0.00607009 -0.00093761)
(0.07 0.00607009 -0.00093761)
(0.072 0.00607009 -0.00093761)
(0.074 0.00607009 -0.00093761)
(0.076 0.00607009 -0.00093761)
(0.078 0.00607009 -0.00093761)
(0.08 0.00607009 -0.00093761)
(0.082 0.00607009 -0.00093761)
(0.084 0.00607009 -0.00093761)
(0.086 0.00607009 -0.00093761)
(0.064 0.00769799 0.002505)
(0.066 0.00769799 0.002505)
(0.068 0.00769799 0.002505)
(0.07 0.00769799 0.002505)
(0.072 0.00769799 0.002505)
(0.074 0.00769799 0.002505)
(0.076 0.00769799 0.002505)
(0.078 0.00769799 0.002505)
(0.08 0.00769799 0.002505)
(0.082 0.00769799 0.002505)
(0.084 0.00769799 0.002505)
(0.086 0.00769799 0.002505)
(0.062 0.00918994 0.00591969)
(0.064 0.00918994 0.00591969)
(0.066 0.00918994 0.00591969)
(0.068 0.00918994 0.00591969)
(0.07 0.00918994 0.00591969)
(0.072 0.00918994 0.00591969)
(0.074 0.00918994 0.00591969)
(0.076 0.00918994 0.00591969)
(0.078 0.00918994 0.00591969)
(0.08 0.00918994 0.00591969)
(0.082 0.00918994 0.00591969)
(0.084 0.00918994 0.00591969)
(0.086 0.00918994 0.00591969)
(0.062 0.0105246 0.00925477)
(0.064 0.0105246 0.00925477)
(0.066 0.0105246 0.00925477)
(0.068 0.0105246 0.00925477)
(0.07 0.0105246 0.00925477)
(0.072 0.0105246 0.00925477)
(0.074 0.0105246 0.00925477)
(0.076 0.0105246 0.00925477)
(0.078 0.0105246 0.00925477)
(0.08 0.0105246 0.00925477)
(0.082 0.0105246 0.00925477)
(0.084 0.0105246 0.00925477)
(0.086 0.0105246 0.00925477)
(0.062 0.011684 0.0124602)
(0.064 0.011684 0.0124602)
(0.066 0.011684 0.0124602)
(0.068 0.011684 0.0124602)
(0.07 0.011684 0.0124602)
(0.072 0.011684 0.0124602)
(0.074 0.011684 0.0124602)
(0.076 0.011684 0.0124602)
(0.078 0.011684 0.0124602)
(0.08 0.011684 0.0124602)
(0.082 0.011684 0.0124602)
(0.084 0.011684 0.0124602)
(0.086 0.011684 0.0124602)
(0.062 0.0126534 0.0154884)
(0.064 0.0126534 0.0154884)
(0.066 0.0126534 0.0154884)
(0.068 0.0126534 0.0154884)
(0.07 0.0126534 0.0154884)
(0.072 0.0126534 0.0154884)
(0.074 0.0126534 0.0154884)
(0.076 0.0126534 0.0154884)
(0.078 0.0126534 0.0154884)
(0.08 0.0126534 0.0154884)
(0.082 0.0126534 0.0154884)
(0.084 0.0126534 0.0154884)
(0.086 0.0126534 0.0154884)
(0.064 0.00262867 0.000855392)
(0.066 0.00262867 0.000855392)
(0.068 0.00262867 0.000855392)
(0.07 0.00262867 0.000855392)
(0.072 0.00262867 0.000855392)
(0.074 0.00262867 0.000855392)
(0.076 0.00262867 0.000855392)
(0.078 0.00262867 0.000855392)
(0.08 0.00262867 0.000855392)
(0.082 0.00262867 0.000855392)
(0.084 0.00262867 0.000855392)
(0.086 0.00262867 0.000855392)
(0.064 0.00435586 0.00433031)
(0.066 0.00435586 0.00433031)
(0.068 0.00435586 0.00433031)
(0.07 0.00435586 0.00433031)
(0.072 0.00435586 0.00433031)
(0.074 0.00435586 0.00433031)
(0.076 0.00435586 0.00433031)
(0.078 0.00435586 0.00433031)
(0.08 0.00435586 0.00433031)
(0.082 0.00435586 0.00433031)
(0.084 0.00435586 0.00433031)
(0.086 0.00435586 0.00433031)
(0.062 0.00601157 0.00774451)
(0.064 0.00601157 0.00774451)
(0.066 0.00601157 0.00774451)
(0.068 0.00601157 0.00774451)
(0.07 0.00601157 0.00774451)
(0.072 0.00601157 0.00774451)
(0.074 0.00601157 0.00774451)
(0.076 0.00601157 0.00774451)
(0.078 0.00601157 0.00774451)
(0.08 0.00601157 0.00774451)
(0.082 0.00601157 0.00774451)
(0.084 0.00601157 0.00774451)
(0.086 0.00601157 0.00774451)
(0.062 0.00757184 0.0110476)
(0.064 0.00757184 0.0110476)
(0.066 0.00757184 0.0110476)
(0.068 0.00757184 0.0110476)
(0.07 0.00757184 0.0110476)
(0.072 0.00757184 0.0110476)
(0.074 0.00757184 0.0110476)
(0.076 0.00757184 0.0110476)
(0.078 0.00757184 0.0110476)
(0.08 0.00757184 0.0110476)
(0.082 0.00757184 0.0110476)
(0.084 0.00757184 0.0110476)
(0.086 0.00757184 0.0110476)
(0.062 0.00901464 0.0141916)
(0.064 0.00901464 0.0141916)
(0.066 0.00901464 0.0141916)
(0.068 0.00901464 0.0141916)
(0.07 0.00901464 0.0141916)
(0.072 0.00901464 0.0141916)
(0.074 0.00901464 0.0141916)
(0.076 0.00901464 0.0141916)
(0.078 0.00901464 0.0141916)
(0.08 0.00901464 0.0141916)
(0.082 0.00901464 0.0141916)
(0.084 0.00901464 0.0141916)
(0.086 0.00901464 0.0141916)
(0.062 0.0103204 0.0171315)
(0.064 0.0103204 0.0171315)
(0.066 0.0103204 0.0171315)
(0.068 0.0103204 0.0171315)
(0.07 0.0103204 0.0171315)
(0.072 0.0103204 0.0171315)
(0.074 0.0103204 0.0171315)
(0.076 0.0103204 0.0171315)
(0.078 0.0103204 0.0171315)
(0.08 0.0103204 0.0171315)
(0.082 0.0103204 0.0171315)
(0.084 0.0103204 0.0171315)
(0.086 0.0103204 0.0171315)
(0.064 -0.000855392 0.00262867)
(0.066 -0.000855392 0.00262867)
(0.068 -0.000855392 0.00262867)
(0.07 -0.000855392 0.00262867)
(0.072 -0.000855392 0.00262867)
(0.074 -0.000855392 0.00262867)
(0.076 -0.000855392 0.00262867)
(0.078 -0.000855392 0.00262867)
(0.08 -0.000855392 0.00262867)
(0.082 -0.000855392 0.00262867)
(0.084 -0.000855392 0.00262867)
(0.086 -0.000855392 0.00262867)
(0.064 0.00093761 0.00607009)
(0.066 0.00093761 0.00607009)
(0.068 0.00093761 0.00607009)
(0.07 0.00093761 0.00607009)
(0.072 0.00093761 0.00607009)
(0.074 0.00093761 0.00607009)
(0.076 0.00093761 0.00607009)
(0.078 0.00093761 0.00607009)
(0.08 0.00093761 0.00607009)
(0.082 0.00093761 0.00607009)
(0.084 0.00093761 0.00607009)
(0.086 0.00093761 0.00607009)
(0.062 0.00272359 0.00941799)
(0.064 0.00272359 0.00941799)
(0.066 0.00272359 0.00941799)
(0.068 0.00272359 0.00941799)
(0.07 0.00272359 0.00941799)
(0.072 0.00272359 0.00941799)
(0.074 0.00272359 0.00941799)
(0.076 0.00272359 0.00941799)
(0.078 0.00272359 0.00941799)
(0.08 0.00272359 0.00941799)
(0.082 0.00272359 0.00941799)
(0.084 0.00272359 0.00941799)
(0.086 0.00272359 0.00941799)
(0.062 0.00447593 0.0126233)
(0.064 0.00447593 0.0126233)
(0.066 0.00447593 0.0126233)
(0.068 0.00447593 0.0126233)
(0.07 0.00447593 0.0126233)
(0.072 0.00447593 0.0126233)
(0.074 0.00447593 0.0126233)
(0.076 0.00447593 0.0126233)
(0.078 0.00447593 0.0126233)
(0.08 0.00447593 0.0126233)
(0.082 0.00447593 0.0126233)
(0.084 0.00447593 0.0126233)
(0.086 0.00447593 0.0126233)
(0.062 0.00616872 0.0156401)
(0.064 0.00616872 0.0156401)
(0.066 0.00616872 0.0156401)
(0.068 0.00616872 0.0156401)
(0.07 0.00616872 0.0156401)
(0.072 0.00616872 0.0156401)
(0.074 0.00616872 0.0156401)
(0.076 0.00616872 0.0156401)
(0.078 0.00616872 0.0156401)
(0.08 0.00616872 0.0156401)
(0.082 0.00616872 0.0156401)
(0.084 0.00616872 0.0156401)
(0.086 0.00616872 0.0156401)
(0.062 0.00777725 0.0184259)
(0.064 0.00777725 0.0184259)
(0.066 0.00777725 0.0184259)
(0.068 0.00777725 0.0184259)
(0.07 0.00777725 0.0184259)
(0.072 0.00777725 0.0184259)
(0.074 0.00777725 0.0184259)
(0.076 0.00777725 0.0184259)
(0.078 0.00777725 0.0184259)
(0.08 0.00777725 0.0184259)
(0.082 0.00777725 0.0184259)
(0.084 0.00777725 0.0184259)
(0.086 0.00777725 0.0184259)
(0.064 -0.00433031 0.00435586)
(0.066 -0.00433031 0.00435586)
(0.068 -0.00433031 0.00435586)
(0.07 -0.00433031 0.00435586)
(0.072 -0.00433031 0.00435586)
(0.074 -0.00433031 0.00435586)
(0.076 -0.00433031 0.00435586)
(0.078 -0.00433031 0.00435586)
(0.08 -0.00433031 0.00435586)
(0.082 -0.00433031 0.00435586)
(0.084 -0.00433031 0.00435586)
(0.086 -0.00433031 0.00435586)
(0.064 -0.002505 0.00769799)
(0.066 -0.002505 0.00769799)
(0.068 -0.002505 0.00769799)
(0.07 -0.002505 0.00769799)
(0.072 -0.002505 0.00769799)
(0.074 -0.002505 0.00769799)
(0.076 -0.002505 0.00769799)
(0.078 -0.002505 0.00769799)
(0.08 -0.002505 0.00769799)
(0.082 -0.002505 0.00769799)
(0.084 -0.002505 0.00769799)
(0.086 -0.002505 0.00769799)
(0.062 -0.000622242 0.0109138)
(0.064 -0.000622242 0.0109138)
(0.066 -0.000622242 0.0109138)
(0.068 -0.000622242 0.0109138)
(0.07 -0.000622242 0.0109138)
(0.072 -0.000622242 0.0109138)
(0.074 -0.000622242 0.0109138)
(0.076 -0.000622242 0.0109138)
(0.078 -0.000622242 0.0109138)
(0.08 -0.000622242 0.0109138)
(0.082 -0.000622242 0.0109138)
(0.084 -0.000622242 0.0109138)
(0.086 -0.000622242 0.0109138)
(0.062 0.00128869 0.0139556)
(0.064 0.00128869 0.0139556)
(0.066 0.00128869 0.0139556)
(0.068 0.00128869 0.0139556)
(0.07 0.00128869 0.0139556)
(0.072 0.00128869 0.0139556)
(0.074 0.00128869 0.0139556)
(0.076 0.00128869 0.0139556)
(0.078 0.00128869 0.0139556)
(0.08 0.00128869 0.0139556)
(0.082 0.00128869 0.0139556)
(0.084 0.00128869 0.0139556)
(0.086 0.00128869 0.0139556)
(0.062 0.00319798 0.0167793)
(0.064 0.00319798 0.0167793)
(0.066 0.00319798 0.0167793)
(0.068 0.00319798 0.0167793)
(0.07 0.00319798 0.0167793)
(0.072 0.00319798 0.0167793)
(0.074 0.00319798 0.0167793)
(0.076 0.00319798 0.0167793)
(0.078 0.00319798 0.0167793)
(0.08 0.00319798 0.0167793)
(0.082 0.00319798 0.0167793)
(0.084 0.00319798 0.0167793)
(0.086 0.00319798 0.0167793)
(0.062 0.00507581 0.0193452)
(0.064 0.00507581 0.0193452)
(0.066 0.00507581 0.0193452)
(0.068 0.00507581 0.0193452)
(0.07 0.00507581 0.0193452)
(0.072 0.00507581 0.0193452)
(0.074 0.00507581 0.0193452)
(0.076 0.00507581 0.0193452)
(0.078 0.00507581 0.0193452)
(0.08 0.00507581 0.0193452)
(0.082 0.00507581 0.0193452)
(0.084 0.00507581 0.0193452)
(0.086 0.00507581 0.0193452)
(0.064 -0.00774451 0.00601157)
(0.066 -0.00774451 0.00601157)
(0.068 -0.00774451 0.00601157)
(0.07 -0.00774451 0.00601157)
(0.072 -0.00774451 0.00601157)
(0.074 -0.00774451 0.00601157)
(0.076 -0.00774451 0.00601157)
(0.078 -0.00774451 0.00601157)
(0.08 -0.00774451 0.00601157)
(0.082 -0.00774451 0.00601157)
(0.084 -0.00774451 0.00601157)
(0.086 -0.00774451 0.00601157)
(0.064 -0.00591969 0.00918994)
(0.066 -0.00591969 0.00918994)
(0.068 -0.00591969 0.00918994)
(0.07 -0.00591969 0.00918994)
(0.072 -0.00591969 0.00918994)
(0.074 -0.00591969 0.00918994)
(0.076 -0.00591969 0.00918994)
(0.078 -0.00591969 0.00918994)
(0.08 -0.00591969 0.00918994)
(0.082 -0.00591969 0.00918994)
(0.084 -0.00591969 0.00918994)
(0.086 -0.00591969 0.00918994)
(0.062 -0.00397297 0.0122092)
(0.064 -0.00397297 0.0122092)
(0.066 -0.00397297 0.0122092)
(0.068 -0.00397297 0.0122092)
(0.07 -0.00397297 0.0122092)
(0.072 -0.00397297 0.0122092)
(0.074 -0.00397297 0.0122092)
(0.076 -0.00397297 0.0122092)
(0.078 -0.00397297 0.0122092)
(0.08 -0.00397297 0.0122092)
(0.082 -0.00397297 0.0122092)
(0.084 -0.00397297 0.0122092)
(0.086 -0.00397297 0.0122092)
(0.062 -0.00193625 0.0150229)
(0.064 -0.00193625 0.0150229)
(0.066 -0.00193625 0.0150229)
(0.068 -0.00193625 0.0150229)
(0.07 -0.00193625 0.0150229)
(0.072 -0.00193625 0.0150229)
(0.074 -0.00193625 0.0150229)
(0.076 -0.00193625 0.0150229)
(0.078 -0.00193625 0.0150229)
(0.08 -0.00193625 0.0150229)
(0.082 -0.00193625 0.0150229)
(0.084 -0.00193625 0.0150229)
(0.086 -0.00193625 0.0150229)
(0.062 0.00015671 0.0175891)
(0.064 0.00015671 0.0175891)
(0.066 0.00015671 0.0175891)
(0.068 0.00015671 0.0175891)
(0.07 0.00015671 0.0175891)
(0.072 0.00015671 0.0175891)
(0.074 0.00015671 0.0175891)
(0.076 0.00015671 0.0175891)
(0.078 0.00015671 0.0175891)
(0.08 0.00015671 0.0175891)
(0.082 0.00015671 0.0175891)
(0.084 0.00015671 0.0175891)
(0.086 0.00015671 0.0175891)
(0.062 0.00227103 0.0198706)
(0.064 0.00227103 0.0198706)
(0.066 0.00227103 0.0198706)
(0.068 0.00227103 0.0198706)
(0.07 0.00227103 0.0198706)
(0.072 0.00227103 0.0198706)
(0.074 0.00227103 0.0198706)
(0.076 0.00227103 0.0198706)
(0.078 0.00227103 0.0198706)
(0.08 0.00227103 0.0198706)
(0.082 0.00227103 0.0198706)
(0.084 0.00227103 0.0198706)
(0.086 0.00227103 0.0198706)
(0.064 -0.0110476 0.00757184)
(0.066 -0.0110476 0.00757184)
(0.068 -0.0110476 0.00757184)
(0.07 -0.0110476 0.00757184)
(0.072 -0.0110476 0.00757184)
(0.074 -0.0110476 0.00757184)
(0.076 -0.0110476 0.00757184)
(0.078 -0.0110476 0.00757184)
(0.08 -0.0110476 0.00757184)
(0.082 -0.0110476 0.00757184)
(0.084 -0.0110476 0.00757184)
(0.086 -0.0110476 0.00757184)
(0.064 -0.00925477 0.0105246)
(0.066 -0.00925477 0.0105246)
(0.068 -0.00925477 0.0105246)
(0.07 -0.00925477 0.0105246)
(0.072 -0.00925477 0.0105246)
(0.074 -0.00925477 0.0105246)
(0.076 -0.00925477 0.0105246)
(0.078 -0.00925477 0.0105246)
(0.08 -0.00925477 0.0105246)
(0.082 -0.00925477 0.0105246)
(0.084 -0.00925477 0.0105246)
(0.086 -0.00925477 0.0105246)
(0.062 -0.00727555 0.0132855)
(0.064 -0.00727555 0.0132855)
(0.066 -0.00727555 0.0132855)
(0.068 -0.00727555 0.0132855)
(0.07 -0.00727555 0.0132855)
(0.072 -0.00727555 0.0132855)
(0.074 -0.00727555 0.0132855)
(0.076 -0.00727555 0.0132855)
(0.078 -0.00727555 0.0132855)
(0.08 -0.00727555 0.0132855)
(0.082 -0.00727555 0.0132855)
(0.084 -0.00727555 0.0132855)
(0.086 -0.00727555 0.0132855)
(0.062 -0.00514451 0.0158094)
(0.064 -0.00514451 0.0158094)
(0.066 -0.00514451 0.0158094)
(0.068 -0.00514451 0.0158094)
(0.07 -0.00514451 0.0158094)
(0.072 -0.00514451 0.0158094)
(0.074 -0.00514451 0.0158094)
(0.076 -0.00514451 0.0158094)
(0.078 -0.00514451 0.0158094)
(0.08 -0.00514451 0.0158094)
(0.082 -0.00514451 0.0158094)
(0.084 -0.00514451 0.0158094)
(0.086 -0.00514451 0.0158094)
(0.062 -0.00289933 0.0180562)
(0.064 -0.00289933 0.0180562)
(0.066 -0.00289933 0.0180562)
(0.068 -0.00289933 0.0180562)
(0.07 -0.00289933 0.0180562)
(0.072 -0.00289933 0.0180562)
(0.074 -0.00289933 0.0180562)
(0.076 -0.00289933 0.0180562)
(0.078 -0.00289933 0.0180562)
(0.08 -0.00289933 0.0180562)
(0.082 -0.00289933 0.0180562)
(0.084 -0.00289933 0.0180562)
(0.086 -0.00289933 0.0180562)
(0.062 -0.000579969 0.0199916)
(0.064 -0.000579969 0.0199916)
(0.066 -0.000579969 0.0199916)
(0.068 -0.000579969 0.0199916)
(0.07 -0.000579969 0.0199916)
(0.072 -0.000579969 0.0199916)
(0.074 -0.000579969 0.0199916)
(0.076 -0.000579969 0.0199916)
(0.078 -0.000579969 0.0199916)
(0.08 -0.000579969 0.0199916)
(0.082 -0.000579969 0.0199916)
(0.084 -0.000579969 0.0199916)
(0.086 -0.000579969 0.0199916)
(0.064 -0.0141916 0.00901464)
(0.066 -0.0141916 0.00901464)
(0.068 -0.0141916 0.00901464)
(0.07 -0.0141916 0.00901464)
(0.072 -0.0141916 0.00901464)
(0.074 -0.0141916 0.00901464)
(0.076 -0.0141916 0.00901464)
(0.078 -0.0141916 0.00901464)
(0.08 -0.0141916 0.00901464)
(0.082 -0.0141916 0.00901464)
(0.084 -0.0141916 0.00901464)
(0.086 -0.0141916 0.00901464)
(0.064 -0.0124602 0.011684)
(0.066 -0.0124602 0.011684)
(0.068 -0.0124602 0.011684)
(0.07 -0.0124602 0.011684)
(0.072 -0.0124602 0.011684)
(0.074 -0.0124602 0.011684)
(0.076 -0.0124602 0.011684)
(0.078 -0.0124602 0.011684)
(0.08 -0.0124602 0.011684)
(0.082 -0.0124602 0.011684)
(0.084 -0.0124602 0.011684)
(0.086 -0.0124602 0.011684)
(0.062 -0.0104779 0.0141285)
(0.064 -0.0104779 0.0141285)
(0.066 -0.0104779 0.0141285)
(0.068 -0.0104779 0.0141285)
(0.07 -0.0104779 0.0141285)
(0.072 -0.0104779 0.0141285)
(0.074 -0.0104779 0.0141285)
(0.076 -0.0104779 0.0141285)
(0.078 -0.0104779 0.0141285)
(0.08 -0.0104779 0.0141285)
(0.082 -0.0104779 0.0141285)
(0.084 -0.0104779 0.0141285)
(0.086 -0.0104779 0.0141285)
(0.062 -0.00828202 0.0163047)
(0.064 -0.00828202 0.0163047)
(0.066 -0.00828202 0.0163047)
(0.068 -0.00828202 0.0163047)
(0.07 -0.00828202 0.0163047)
(0.072 -0.00828202 0.0163047)
(0.074 -0.00828202 0.0163047)
(0.076 -0.00828202 0.0163047)
(0.078 -0.00828202 0.0163047)
(0.08 -0.00828202 0.0163047)
(0.082 -0.00828202 0.0163047)
(0.084 -0.00828202 0.0163047)
(0.086 -0.00828202 0.0163047)
(0.062 -0.00591409 0.0181743)
(0.064 -0.00591409 0.0181743)
(0.066 -0.00591409 0.0181743)
(0.068 -0.00591409 0.0181743)
(0.07 -0.00591409 0.0181743)
(0.072 -0.00591409 0.0181743)
(0.074 -0.00591409 0.0181743)
(0.076 -0.00591409 0.0181743)
(0.078 -0.00591409 0.0181743)
(0.08 -0.00591409 0.0181743)
(0.082 -0.00591409 0.0181743)
(0.084 -0.00591409 0.0181743)
(0.086 -0.00591409 0.0181743)
(0.062 -0.00341916 0.0197056)
(0.064 -0.00341916 0.0197056)
(0.066 -0.00341916 0.0197056)
(0.068 -0.00341916 0.0197056)
(0.07 -0.00341916 0.0197056)
(0.072 -0.00341916 0.0197056)
(0.074 -0.00341916 0.0197056)
(0.076 -0.00341916 0.0197056)
(0.078 -0.00341916 0.0197056)
(0.08 -0.00341916 0.0197056)
(0.082 -0.00341916 0.0197056)
(0.084 -0.00341916 0.0197056)
(0.086 -0.00341916 0.0197056)
(0.064 -0.0171315 0.0103204)
(0.066 -0.0171315 0.0103204)
(0.068 -0.0171315 0.0103204)
(0.07 -0.0171315 0.0103204)
(0.072 -0.0171315 0.0103204)
(0.074 -0.0171315 0.0103204)
(0.076 -0.0171315 0.0103204)
(0.078 -0.0171315 0.0103204)
(0.08 -0.0171315 0.0103204)
(0.082 -0.0171315 0.0103204)
(0.084 -0.0171315 0.0103204)
(0.086 -0.0171315 0.0103204)
(0.064 -0.0154884 0.0126534)
(0.066 -0.0154884 0.0126534)
(0.068 -0.0154884 0.0126534)
(0.07 -0.0154884 0.0126534)
(0.072 -0.0154884 0.0126534)
(0.074 -0.0154884 0.0126534)
(0.076 -0.0154884 0.0126534)
(0.078 -0.0154884 0.0126534)
(0.08 -0.0154884 0.0126534)
(0.082 -0.0154884 0.0126534)
(0.084 -0.0154884 0.0126534)
(0.086 -0.0154884 0.0126534)
(0.062 -0.01353 0.0147288)
(0.064 -0.01353 0.0147288)
(0.066 -0.01353 0.0147288)
(0.068 -0.01353 0.0147288)
(0.07 -0.01353 0.0147288)
(0.072 -0.01353 0.0147288)
(0.074 -0.01353 0.0147288)
(0.076 -0.01353 0.0147288)
(0.078 -0.01353 0.0147288)
(0.08 -0.01353 0.0147288)
(0.082 -0.01353 0.0147288)
(0.084 -0.01353 0.0147288)
(0.086 -0.01353 0.0147288)
(0.062 -0.0112962 0.0165044)
(0.064 -0.0112962 0.0165044)
(0.066 -0.0112962 0.0165044)
(0.068 -0.0112962 0.0165044)
(0.07 -0.0112962 0.0165044)
(0.072 -0.0112962 0.0165044)
(0.074 -0.0112962 0.0165044)
(0.076 -0.0112962 0.0165044)
(0.078 -0.0112962 0.0165044)
(0.08 -0.0112962 0.0165044)
(0.082 -0.0112962 0.0165044)
(0.084 -0.0112962 0.0165044)
(0.086 -0.0112962 0.0165044)
(0.062 -0.00883236 0.0179441)
(0.064 -0.00883236 0.0179441)
(0.066 -0.00883236 0.0179441)
(0.068 -0.00883236 0.0179441)
(0.07 -0.00883236 0.0179441)
(0.072 -0.00883236 0.0179441)
(0.074 -0.00883236 0.0179441)
(0.076 -0.00883236 0.0179441)
(0.078 -0.00883236 0.0179441)
(0.08 -0.00883236 0.0179441)
(0.082 -0.00883236 0.0179441)
(0.084 -0.00883236 0.0179441)
(0.086 -0.00883236 0.0179441)
(0.062 -0.00618876 0.0190184)
(0.064 -0.00618876 0.0190184)
(0.066 -0.00618876 0.0190184)
(0.068 -0.00618876 0.0190184)
(0.07 -0.00618876 0.0190184)
(0.072 -0.00618876 0.0190184)
(0.074 -0.00618876 0.0190184)
(0.076 -0.00618876 0.0190184)
(0.078 -0.00618876 0.0190184)
(0.08 -0.00618876 0.0190184)
(0.082 -0.00618876 0.0190184)
(0.084 -0.00618876 0.0190184)
(0.086 -0.00618876 0.0190184)
)


// ************************************************************************* //
