/*--------------------------------*- C++ -*----------------------------------*\
| =========                 |                                                 |
| \\      /  F ield         | OpenFOAM: The Open Source CFD Toolbox           |
|  \\    /   O peration     | Version:  2212                                  |
|   \\  /    A nd           | Website:  www.openfoam.com                      |
|    \\/     M anipulation  |                                                 |
\*---------------------------------------------------------------------------*/
FoamFile
{
    version     2.0;
    format      ascii;
    arch        "LSB;label=32;scalar=64";
    class       surfaceVectorField;
    location    "2.2";
    object      Uf;
}
// * * * * * * * * * * * * * * * * * * * * * * * * * * * * * * * * * * * * * //

dimensions      [0 1 -1 0 0 0 0];

internalField   nonuniform List<vector> 
1795
(
(0.055616 0.000285621 0.000290073)
(0.0650523 0.000466748 0.00038973)
(0.065053 0.000386936 0.000470036)
(0.0536279 0.000223154 0.000230411)
(0.0629684 0.000411625 0.000311575)
(0.0629698 0.000307028 0.000417164)
(0.0518852 0.000176734 0.000188844)
(0.0611355 0.000366649 0.00026111)
(0.061138 0.000253677 0.000375957)
(0.0503389 0.000140414 0.000160621)
(0.0594946 0.000324239 0.000230351)
(0.059499 0.000217163 0.000340031)
(0.0489578 0.00010945 0.000141735)
(0.058012 0.000282211 0.000213239)
(0.0580203 0.000191093 0.000308412)
(0.0477142 7.98227e-05 0.000129313)
(0.0566622 0.000241182 0.000204513)
(0.0566766 0.000171846 0.0002834)
(0.0554252 0.000198073 0.00020086)
(0.0554485 0.000157617 0.000266222)
(0.0765569 0.000988746 0.000627924)
(0.0830601 0.00136826 0.000915313)
(0.0844815 0.000980385 0.000693575)
(0.0746513 0.000899323 0.000522841)
(0.0813232 0.00127299 0.000805027)
(0.0828817 0.000840683 0.000553485)
(0.0729235 0.000821041 0.000461092)
(0.079744 0.00118465 0.00073212)
(0.0814504 0.00073678 0.000463719)
(0.0713368 0.000742412 0.000427472)
(0.0782934 0.00109604 0.000689161)
(0.0801554 0.000648813 0.000406455)
(0.0698689 0.000662511 0.000410308)
(0.0769485 0.00100573 0.000667346)
(0.0789707 0.000568628 0.000369958)
(0.0685032 0.000582758 0.000402314)
(0.0756904 0.000913358 0.000659138)
(0.0778782 0.000497327 0.000349046)
(0.074506 0.000815233 0.000660387)
(0.0768716 0.000430724 0.000339445)
(0.0891478 0.00165162 0.00111627)
(0.0923654 0.00157497 0.00126709)
(0.0941463 0.00164181 0.00120607)
(0.087798 0.00154378 0.00103622)
(0.0913268 0.00147828 0.0011747)
(0.0931626 0.00149991 0.00109958)
(0.0865506 0.00142942 0.000977802)
(0.0903338 0.0013656 0.00110833)
(0.0922559 0.00136672 0.00102016)
(0.085389 0.00131561 0.000942647)
(0.0893972 0.00125044 0.00106604)
(0.091425 0.00124381 0.000967648)
(0.0842948 0.00120355 0.000927726)
(0.0885065 0.0011352 0.00104451)
(0.0906599 0.00113066 0.000938301)
(0.0832525 0.00108771 0.00092927)
(0.0876453 0.00101986 0.00104035)
(0.0899486 0.00102215 0.000927555)
(0.0867992 0.000899575 0.0010519)
(0.0892827 0.000909198 0.000932343)
(0.094867 0.00135223 0.00133056)
(0.0959887 0.000916761 0.00138063)
(0.0985078 0.00139195 0.00151715)
(0.094228 0.00129122 0.00126165)
(0.095517 0.000902466 0.00128118)
(0.0981721 0.00129802 0.00142316)
(0.0935937 0.0012063 0.00121884)
(0.0950569 0.000869469 0.00122173)
(0.0978217 0.00119197 0.00134908)
(0.0929647 0.00110597 0.00119457)
(0.0945922 0.000811065 0.00119279)
(0.0974778 0.0010828 0.00130005)
(0.0923352 0.0009995 0.00118709)
(0.0941194 0.000742105 0.00118594)
(0.0971401 0.000975566 0.0012726)
(0.0916942 0.000890757 0.00119594)
(0.0936283 0.000672694 0.001195)
(0.0968003 0.000870462 0.00126468)
(0.0931002 0.000604806 0.00122131)
(0.0964501 0.000764278 0.00127798)
(0.0966698 0.000438812 0.00133087)
(0.0968286 2.41689e-06 0.00138929)
(0.0999365 0.00048605 0.00157389)
(0.0963861 0.000431508 0.00123761)
(0.0965264 4.19136e-06 0.00127135)
(0.0998943 0.000462938 0.00148359)
(0.0961145 0.000418501 0.00119094)
(0.0962681 7.15084e-06 0.00120182)
(0.0998582 0.000440419 0.00142226)
(0.0958257 0.000397209 0.0011802)
(0.0959874 1.20876e-05 0.00117643)
(0.0997985 0.000412724 0.00138596)
(0.0955038 0.000371661 0.00119087)
(0.0956829 2.02939e-05 0.00117778)
(0.0997194 0.000381727 0.00136528)
(0.0951349 0.000347541 0.00121814)
(0.095349 3.40191e-05 0.00119333)
(0.0996154 0.000351992 0.00136318)
(0.0949664 5.71048e-05 0.00122369)
(0.0994695 0.000326568 0.00138664)
(0.0966731 -0.00043252 0.00132977)
(0.0959928 -0.000913266 0.00137985)
(0.0999388 -0.000481911 0.00157303)
(0.0963919 -0.000420746 0.00123556)
(0.0955241 -0.00089632 0.00127953)
(0.0998982 -0.000455762 0.00148209)
(0.0961246 -0.000400321 0.00118731)
(0.0950692 -0.000859247 0.0012183)
(0.0998648 -0.000428044 0.00141967)
(0.0958433 -0.000366796 0.00117401)
(0.0946134 -0.000794333 0.00118653)
(0.0998097 -0.000391733 0.00138171)
(0.0955345 -0.000321 0.00118024)
(0.0941558 -0.000714967 0.00117465)
(0.0997385 -0.000346649 0.00135806)
(0.0951886 -0.000262924 0.00119888)
(0.0936907 -0.00062811 0.00117574)
(0.0996487 -0.000294465 0.00135019)
(0.0995285 -0.000232412 0.00136261)
(0.0948745 -0.00134916 0.00132927)
(0.0923707 -0.00157478 0.00126577)
(0.0985127 -0.00139047 0.00151552)
(0.0942411 -0.00128607 0.00125872)
(0.0913362 -0.00147792 0.00117233)
(0.0981806 -0.00129543 0.00142041)
(0.0936163 -0.00119819 0.00121295)
(0.0903499 -0.0013651 0.00110388)
(0.0978361 -0.00118761 0.00134425)
(0.0930033 -0.00109341 0.0011835)
(0.0894246 -0.00124984 0.00105841)
(0.0975022 -0.00107591 0.00129159)
(0.0924008 -0.000979567 0.00116764)
(0.0885531 -0.0011347 0.00103081)
(0.0971817 -0.000964808 0.00125757)
(0.0877237 -0.00101933 0.00101701)
(0.0968711 -0.000854152 0.00123836)
(0.0891548 -0.0016538 0.00111391)
(0.0830635 -0.00137076 0.000913437)
(0.0941505 -0.00164377 0.00120364)
(0.0878101 -0.00154743 0.00103236)
(0.0813292 -0.00127719 0.000801912)
(0.09317 -0.00150327 0.00109557)
(0.0865711 -0.00143548 0.000971605)
(0.0797542 -0.00119179 0.000726899)
(0.0922685 -0.00137246 0.0010135)
(0.0854236 -0.00132562 0.000932306)
(0.0783111 -0.0011084 0.000679861)
(0.0914464 -0.00125316 0.000956524)
(0.0843527 -0.00121966 0.000909869)
(0.0769795 -0.0010261 0.000651183)
(0.090696 -0.00114616 0.000919379)
(0.075743 -0.000944915 0.000634534)
(0.0900078 -0.0010478 0.000895868)
(0.0765595 -0.000992564 0.000625127)
(0.065053 -0.000470021 0.000386953)
(0.0844826 -0.000983428 0.000690743)
(0.074656 -0.000905918 0.000518143)
(0.0629697 -0.000417146 0.000307049)
(0.0828835 -0.000845913 0.000548675)
(0.0729318 -0.000832433 0.000452445)
(0.0611379 -0.000375937 0.000253703)
(0.0814537 -0.000745797 0.000455438)
(0.0713519 -0.000761592 0.000411897)
(0.0594989 -0.000340008 0.000217197)
(0.0801615 -0.000664706 0.000391076)
(0.0698962 -0.000693664 0.00038679)
(0.0580201 -0.000308387 0.000191137)
(0.078982 -0.000594709 0.000344028)
(0.0566764 -0.000283379 0.000171914)
(0.077898 -0.000537348 0.000310798)
(0.0556159 -0.000290052 0.000285643)
(0.0650522 -0.000389713 0.000466769)
(0.0536279 -0.000230388 0.000223181)
(0.0629683 -0.000311554 0.00041165)
(0.0518851 -0.000188817 0.000176768)
(0.0611355 -0.000261085 0.000366678)
(0.0503388 -0.000160586 0.000140455)
(0.0594945 -0.000230318 0.000324273)
(0.0489576 -0.000141701 0.000109511)
(0.0580119 -0.000213195 0.000282253)
(0.056662 -0.000204464 0.000241241)
(0.0765596 0.000625113 0.000992572)
(0.0844826 0.000690729 0.000983439)
(0.0830635 0.000913424 0.00137077)
(0.074656 0.000518124 0.000905928)
(0.0828836 0.000548657 0.000845928)
(0.0813292 0.000801895 0.0012772)
(0.0729319 0.000452419 0.000832443)
(0.0814537 0.000455416 0.000745817)
(0.0797542 0.000726875 0.0011918)
(0.071352 0.000411861 0.000761602)
(0.0801616 0.000391051 0.000664732)
(0.0783112 0.00067983 0.0011084)
(0.0698963 0.000386742 0.000693671)
(0.0789822 0.000343996 0.00059474)
(0.0769797 0.00065114 0.0010261)
(0.06855 0.000374091 0.000633564)
(0.0778983 0.000310727 0.000537353)
(0.0757433 0.000634479 0.000944923)
(0.0769039 0.000288039 0.000491936)
(0.0745924 0.00062718 0.000863852)
(0.0926197 0.000959662 0.000964387)
(0.0959596 0.00140269 0.00132368)
(0.0959611 0.00132034 0.00140579)
(0.0915973 0.000773668 0.000781801)
(0.0951482 0.00118825 0.00112233)
(0.0951507 0.00111664 0.00119363)
(0.090694 0.000638147 0.000652579)
(0.0944261 0.00102602 0.000978211)
(0.0944305 0.000968528 0.00103528)
(0.0898901 0.000534357 0.000558782)
(0.0937888 0.000898762 0.000875041)
(0.0937962 0.000858061 0.000914607)
(0.089167 0.000453426 0.000491113)
(0.0932223 0.00079502 0.000802392)
(0.0932348 0.000774567 0.000820953)
(0.0885157 0.000387878 0.000442852)
(0.0927159 0.000706283 0.000753073)
(0.0927357 0.000710149 0.000746949)
(0.0922695 0.000621661 0.000719783)
(0.0922996 0.00065537 0.000684667)
(0.0989315 0.00156047 0.0014861)
(0.100662 0.00158215 0.00176769)
(0.100854 0.00176824 0.00175971)
(0.0984612 0.00137289 0.00132573)
(0.100404 0.00139272 0.0015936)
(0.100606 0.00156559 0.00156726)
(0.0980419 0.00121637 0.0012082)
(0.100166 0.00122445 0.00145097)
(0.100377 0.0013961 0.00141553)
(0.0976738 0.00108334 0.00112592)
(0.099955 0.00108024 0.00134937)
(0.100181 0.00125373 0.00129814)
(0.0973535 0.000965735 0.00107158)
(0.0997718 0.000955632 0.00128183)
(0.100018 0.00113207 0.00120968)
(0.0970793 0.000853649 0.00103801)
(0.0996134 0.000842138 0.0012409)
(0.0998906 0.00102383 0.00114427)
(0.0994786 0.00072969 0.00122244)
(0.0997996 0.00091976 0.00109643)
(0.102272 0.00138062 0.00188781)
(0.102838 0.00101771 0.00200713)
(0.103284 0.00147851 0.00205118)
(0.102267 0.00122751 0.00173456)
(0.102961 0.000917263 0.00187279)
(0.103488 0.0013259 0.00189288)
(0.102257 0.00108707 0.00161024)
(0.103061 0.000823236 0.00174842)
(0.103663 0.00118219 0.00175032)
(0.102248 0.000964753 0.00152561)
(0.103149 0.000738063 0.00165076)
(0.103821 0.00105569 0.00164062)
(0.102241 0.000855057 0.00147344)
(0.103233 0.000661304 0.00157938)
(0.103969 0.000945202 0.00156036)
(0.102234 0.000749612 0.0014495)
(0.103309 0.000589789 0.00153987)
(0.104112 0.000843872 0.0015062)
(0.103372 0.000520031 0.00153329)
(0.104251 0.000745282 0.00147709)
(0.103551 0.000528053 0.0019935)
(0.103426 1.93506e-06 0.00204654)
(0.104183 0.000556523 0.00210836)
(0.103782 0.000485128 0.00188871)
(0.103677 3.31314e-06 0.00193894)
(0.104618 0.000509608 0.00199706)
(0.103985 0.000443864 0.00179115)
(0.103893 5.80444e-06 0.00183606)
(0.105004 0.000465134 0.00188764)
(0.104171 0.000403464 0.00170653)
(0.104087 9.97247e-06 0.00174227)
(0.105353 0.000422804 0.00178893)
(0.104342 0.000366426 0.00164767)
(0.104269 1.68772e-05 0.00166391)
(0.105676 0.000383841 0.0017086)
(0.104494 0.000334185 0.00162575)
(0.104438 2.73704e-05 0.00161902)
(0.105975 0.000349719 0.00165911)
(0.104585 4.32789e-05 0.00161094)
(0.106251 0.000319386 0.00164195)
(0.103554 -0.000523093 0.00199198)
(0.102841 -0.00101561 0.00200513)
(0.104185 -0.000553804 0.00210707)
(0.103787 -0.000476439 0.00188629)
(0.102966 -0.000913609 0.00186979)
(0.104621 -0.000504919 0.00199508)
(0.103992 -0.000428815 0.00178717)
(0.10307 -0.000816513 0.00174356)
(0.105009 -0.000456954 0.00188438)
(0.104183 -0.000378004 0.00169965)
(0.103163 -0.000726365 0.0016424)
(0.105361 -0.000408864 0.00178337)
(0.104363 -0.000324851 0.00163525)
(0.103257 -0.000641819 0.00156495)
(0.105688 -0.00036068 0.00169871)
(0.104529 -0.000267973 0.00160421)
(0.10335 -0.000560279 0.00151507)
(0.105996 -0.000312865 0.0016417)
(0.106284 -0.000261696 0.00161361)
(0.102277 -0.00137973 0.00188437)
(0.100666 -0.00158302 0.00176468)
(0.103288 -0.00147868 0.00204814)
(0.102276 -0.00122583 0.00172918)
(0.10041 -0.00139428 0.00158872)
(0.103494 -0.00132618 0.0018882)
(0.102273 -0.00108401 0.00160114)
(0.100176 -0.00122715 0.00144301)
(0.103672 -0.00118224 0.00174276)
(0.102274 -0.000959654 0.00150996)
(0.0999725 -0.00108487 0.00133586)
(0.103835 -0.00105548 0.00162765)
(0.102285 -0.000848059 0.00144701)
(0.0998014 -0.000963795 0.00125936)
(0.103993 -0.000944664 0.00153866)
(0.0996623 -0.000857202 0.00120391)
(0.104152 -0.0008445 0.00147062)
(0.0989357 -0.00156364 0.00148171)
(0.095961 -0.00140578 0.00132037)
(0.100856 -0.00177108 0.00175627)
(0.0984684 -0.00137841 0.00131835)
(0.0951507 -0.00119362 0.00111667)
(0.100609 -0.00157032 0.00156143)
(0.0980545 -0.00122557 0.00119585)
(0.0944304 -0.00103526 0.000968568)
(0.100382 -0.00140407 0.00140589)
(0.0976949 -0.00109863 0.00110549)
(0.0937961 -0.00091459 0.000858114)
(0.100189 -0.00126667 0.00128231)
(0.0973878 -0.000991809 0.00103837)
(0.0932346 -0.000820938 0.000774643)
(0.100032 -0.00115338 0.00118405)
(0.0927355 -0.000746983 0.000710302)
(0.0999129 -0.00105909 0.00110312)
(0.0926196 -0.000964372 0.00095969)
(0.0844815 -0.000693561 0.00098041)
(0.0959596 -0.00132366 0.00140272)
(0.0915972 -0.000781781 0.000773702)
(0.0828816 -0.000553468 0.000840716)
(0.0951482 -0.00112231 0.00118829)
(0.0906939 -0.000652551 0.00063819)
(0.0814503 -0.000463698 0.000736819)
(0.0944261 -0.000978186 0.00102606)
(0.08989 -0.000558746 0.000534413)
(0.0801553 -0.000406426 0.000648862)
(0.0937887 -0.000875005 0.000898817)
(0.0891669 -0.000491105 0.000453536)
(0.0789706 -0.000369922 0.000568691)
(0.0932222 -0.000802341 0.000795083)
(0.077878 -0.000349025 0.000497433)
(0.0927157 -0.000753046 0.000706397)
(0.0765569 -0.000627909 0.000988775)
(0.0830601 -0.000915298 0.00136829)
(0.0746512 -0.000522823 0.000899359)
(0.0813231 -0.000805009 0.00127303)
(0.0729234 -0.000461068 0.000821086)
(0.0797439 -0.000732097 0.0011847)
(0.0713366 -0.00042744 0.000742466)
(0.0782933 -0.00068913 0.0010961)
(0.0698688 -0.000410262 0.000662574)
(0.0769484 -0.000667301 0.00100579)
(0.0756902 -0.000659064 0.000913415)
(0.0891549 0.00111389 0.00165381)
(0.0941505 0.00120362 0.00164377)
(0.0923708 0.00126575 0.00157478)
(0.0878101 0.00103234 0.00154743)
(0.0931701 0.00109556 0.00150328)
(0.0913363 0.00117231 0.00147792)
(0.0865712 0.000971578 0.00143548)
(0.0922686 0.00101347 0.00137247)
(0.09035 0.00110386 0.00136509)
(0.0854237 0.000932269 0.00132561)
(0.0914465 0.000956492 0.00125316)
(0.0894247 0.00105838 0.00124983)
(0.0843529 0.000909818 0.00121966)
(0.0906961 0.00091933 0.00114616)
(0.0885532 0.00103076 0.00113469)
(0.0833485 0.000898807 0.00111289)
(0.090008 0.000895789 0.0010478)
(0.0877239 0.00101695 0.00101933)
(0.0893781 0.00088048 0.000951358)
(0.0869306 0.001013 0.000898862)
(0.0989357 0.00148168 0.00156365)
(0.100856 0.00175624 0.00177108)
(0.100666 0.00176465 0.00158302)
(0.0984685 0.00131831 0.00137842)
(0.100609 0.00156139 0.00157033)
(0.100411 0.00158869 0.00139428)
(0.0980545 0.0011958 0.00122558)
(0.100382 0.00140584 0.00140408)
(0.100176 0.00144297 0.00122715)
(0.097695 0.00110542 0.00109863)
(0.100189 0.00128224 0.00126668)
(0.0999726 0.0013358 0.00108487)
(0.097388 0.00103825 0.000991789)
(0.100032 0.00118396 0.00115339)
(0.0998016 0.00125927 0.000963783)
(0.0971328 0.000984842 0.000898368)
(0.0999131 0.00110299 0.00105908)
(0.0996625 0.00120377 0.000857161)
(0.0998337 0.00103101 0.00097792)
(0.0995556 0.00116216 0.000756436)
(0.102728 0.00176797 0.00177252)
(0.103524 0.00169559 0.00196128)
(0.103525 0.00195789 0.00169799)
(0.102749 0.00158449 0.00159192)
(0.103745 0.00151648 0.0017884)
(0.103746 0.00178302 0.00152035)
(0.102769 0.00142995 0.00144203)
(0.103935 0.00136054 0.00163698)
(0.103938 0.00162837 0.00136674)
(0.1028 0.00129966 0.00131917)
(0.104112 0.0012258 0.00150976)
(0.104117 0.00149578 0.00123578)
(0.10285 0.00118814 0.00121939)
(0.104287 0.00110949 0.00140583)
(0.104294 0.00138328 0.00112547)
(0.102925 0.00108889 0.00113857)
(0.104467 0.0010066 0.00132377)
(0.104479 0.0012874 0.00103233)
(0.104658 0.000910837 0.00126139)
(0.104676 0.00120316 0.000951815)
(0.104604 0.00141632 0.00198231)
(0.104693 0.00103648 0.00206843)
(0.104795 0.00150793 0.00181002)
(0.105006 0.00127428 0.00184096)
(0.105222 0.00093544 0.0019463)
(0.105362 0.00138323 0.00168353)
(0.105365 0.00114511 0.00171373)
(0.105695 0.000840707 0.00182522)
(0.105874 0.00126125 0.00155853)
(0.105696 0.00103072 0.0016067)
(0.106125 0.00075719 0.00171643)
(0.106344 0.00114924 0.00144688)
(0.10601 0.000928797 0.00152167)
(0.106523 0.000684449 0.00162552)
(0.106783 0.00104926 0.00135236)
(0.106314 0.000834682 0.0014593)
(0.106899 0.000619253 0.00155669)
(0.1072 0.000959559 0.00127616)
(0.107262 0.000557853 0.00151164)
(0.107602 0.000877046 0.00121833)
(0.105324 0.000535293 0.0020329)
(0.105007 9.54054e-07 0.00208085)
(0.105254 0.000558795 0.00181042)
(0.105928 0.000487182 0.00193195)
(0.105642 1.60398e-06 0.00198325)
(0.105994 0.000517384 0.00173033)
(0.106474 0.000441804 0.00182985)
(0.106215 2.71827e-06 0.00187794)
(0.106675 0.000474894 0.00163875)
(0.106973 0.000400982 0.00173741)
(0.106736 4.50523e-06 0.00177727)
(0.107304 0.000434839 0.00154694)
(0.107436 0.000364858 0.00166281)
(0.107217 7.23711e-06 0.00168991)
(0.107887 0.000398727 0.00146384)
(0.107872 0.000332428 0.00161142)
(0.107666 1.11507e-05 0.00162276)
(0.108433 0.000366623 0.00139628)
(0.108095 1.69022e-05 0.00157889)
(0.108952 0.000337544 0.00134854)
(0.105326 -0.000532956 0.0020312)
(0.104695 -0.00103621 0.00206611)
(0.105255 -0.000558023 0.00180923)
(0.105931 -0.000483201 0.00192924)
(0.105225 -0.000934914 0.00194271)
(0.105996 -0.000515979 0.00172849)
(0.106479 -0.00043509 0.00182535)
(0.1057 -0.000839564 0.00181953)
(0.106678 -0.000472392 0.00163579)
(0.106981 -0.000389971 0.00172976)
(0.106133 -0.000754966 0.00170706)
(0.107308 -0.000430591 0.00154213)
(0.107447 -0.000347489 0.00164986)
(0.106535 -0.00068058 0.0016101)
(0.107893 -0.000391894 0.00145595)
(0.107889 -0.000305843 0.00159023)
(0.106918 -0.000613442 0.00153124)
(0.108441 -0.000356247 0.00138347)
(0.108964 -0.000322166 0.00132816)
(0.104607 -0.00141779 0.00197814)
(0.103525 -0.00169799 0.00195793)
(0.104796 -0.00150946 0.00180734)
(0.105011 -0.00127651 0.00183445)
(0.103746 -0.00152035 0.00178307)
(0.105363 -0.00138562 0.00167938)
(0.105372 -0.00114843 0.00170329)
(0.103938 -0.00136673 0.00162843)
(0.105877 -0.0012649 0.00155205)
(0.105708 -0.00103578 0.00158974)
(0.104117 -0.00123578 0.00149586)
(0.106349 -0.00115488 0.00143646)
(0.106029 -0.00093695 0.00149404)
(0.104294 -0.00112547 0.00138338)
(0.10679 -0.00105809 0.00133563)
(0.104479 -0.00103232 0.00128753)
(0.107212 -0.000973744 0.00124908)
(0.102727 -0.00177251 0.00176801)
(0.100854 -0.0017597 0.00176828)
(0.103524 -0.00196127 0.00169564)
(0.102749 -0.00159191 0.00158454)
(0.100606 -0.00156725 0.00156564)
(0.103745 -0.00178839 0.00151653)
(0.102769 -0.00144201 0.00143001)
(0.100377 -0.00141551 0.00139617)
(0.103935 -0.00163697 0.00136061)
(0.1028 -0.00131915 0.00129975)
(0.10018 -0.00129812 0.00125381)
(0.104112 -0.00150975 0.00122589)
(0.10285 -0.00121937 0.00118825)
(0.100018 -0.00120964 0.00113216)
(0.104287 -0.00140581 0.00110959)
(0.0998905 -0.00114424 0.00102395)
(0.104467 -0.00132375 0.00100673)
(0.0989315 -0.00148608 0.00156052)
(0.0941462 -0.00120606 0.00164185)
(0.100662 -0.00176767 0.00158219)
(0.0984611 -0.00132571 0.00137295)
(0.0931626 -0.00109956 0.00149996)
(0.100404 -0.00159358 0.00139278)
(0.0980419 -0.00120817 0.00121644)
(0.0922558 -0.00102013 0.00136678)
(0.100166 -0.00145095 0.00122452)
(0.0976737 -0.00112587 0.00108342)
(0.091425 -0.000967616 0.00124388)
(0.0999549 -0.00134934 0.00108033)
(0.0973534 -0.00107152 0.000965822)
(0.0906598 -0.000938252 0.00113075)
(0.0997717 -0.00128177 0.000955726)
(0.0899485 -0.000927479 0.00102224)
(0.0996133 -0.00124082 0.000842248)
(0.0891477 -0.00111625 0.00165167)
(0.0923653 -0.00126708 0.00157502)
(0.0877979 -0.0010362 0.00154384)
(0.0913268 -0.00117469 0.00147835)
(0.0865505 -0.000977774 0.00142949)
(0.0903337 -0.00110831 0.00136567)
(0.0853889 -0.000942608 0.00131569)
(0.0893971 -0.00106602 0.00125053)
(0.0842947 -0.000927665 0.00120365)
(0.0885064 -0.00104447 0.0011353)
(0.0876452 -0.00104029 0.00101998)
(0.0948746 0.00132926 0.00134915)
(0.0985128 0.00151551 0.00139046)
(0.0959928 0.00137983 0.000913253)
(0.0942412 0.0012587 0.00128606)
(0.0981807 0.00142039 0.00129542)
(0.0955242 0.00127951 0.000896305)
(0.0936164 0.00121293 0.00119818)
(0.0978362 0.00134423 0.0011876)
(0.0950693 0.00121828 0.000859232)
(0.0930034 0.00118347 0.0010934)
(0.0975023 0.00129155 0.0010759)
(0.0946135 0.00118651 0.000794319)
(0.092401 0.00116759 0.000979557)
(0.0971819 0.00125752 0.000964795)
(0.094156 0.00117461 0.000714954)
(0.0918053 0.00116334 0.000858311)
(0.0968713 0.00123827 0.000854132)
(0.0936909 0.00117569 0.000628097)
(0.0965683 0.00123221 0.000738734)
(0.0932078 0.00118799 0.000530683)
(0.102277 0.00188434 0.00137972)
(0.103288 0.00204811 0.00147868)
(0.102841 0.0020051 0.0010156)
(0.102276 0.00172914 0.00122583)
(0.103494 0.00188816 0.00132618)
(0.102966 0.00186975 0.000913602)
(0.102273 0.00160109 0.001084)
(0.103672 0.00174271 0.00118224)
(0.10307 0.00174351 0.000816502)
(0.102275 0.00150989 0.00095964)
(0.103835 0.00162758 0.00105548)
(0.103163 0.00164234 0.000726351)
(0.102285 0.0014469 0.000848032)
(0.103994 0.00153856 0.000944651)
(0.103257 0.00156486 0.000641794)
(0.102306 0.00140504 0.000741013)
(0.104153 0.00147049 0.000844476)
(0.10335 0.00151494 0.000560242)
(0.104316 0.00141909 0.000748001)
(0.103441 0.00149153 0.000474876)
(0.104607 0.00197809 0.00141779)
(0.104796 0.00180729 0.00150946)
(0.104695 0.00206607 0.0010362)
(0.105011 0.00183439 0.00127651)
(0.105364 0.00167932 0.00138562)
(0.105225 0.00194265 0.00093491)
(0.105372 0.00170321 0.00114843)
(0.105877 0.00155197 0.0012649)
(0.1057 0.00181946 0.000839558)
(0.105708 0.00158965 0.00103578)
(0.106349 0.00143636 0.00115488)
(0.106133 0.00170698 0.000754955)
(0.106029 0.00149392 0.000936942)
(0.10679 0.00133551 0.00105809)
(0.106535 0.00160999 0.000680564)
(0.106344 0.00141425 0.000848088)
(0.107212 0.00124895 0.000973732)
(0.106918 0.00153111 0.000613421)
(0.107621 0.00117467 0.000899612)
(0.10729 0.00147035 0.000549529)
(0.105583 0.00147515 0.00147765)
(0.105368 0.00104804 0.00151844)
(0.105368 0.00151693 0.00104916)
(0.106268 0.00137218 0.00137606)
(0.10615 0.000980432 0.00143716)
(0.10615 0.00143484 0.000982081)
(0.106897 0.00126864 0.00127471)
(0.106875 0.000908294 0.00134736)
(0.106876 0.00134376 0.000910739)
(0.107482 0.00117195 0.00118153)
(0.107548 0.000838908 0.00125882)
(0.107549 0.00125318 0.00084265)
(0.108031 0.00108493 0.00110004)
(0.108176 0.00077568 0.00117763)
(0.108177 0.00116876 0.000781572)
(0.108552 0.00100753 0.00103127)
(0.108766 0.000719329 0.00110726)
(0.108768 0.00109334 0.000728809)
(0.109329 0.000669051 0.00104978)
(0.109331 0.00102807 0.000684209)
(0.105942 0.000540666 0.00147797)
(0.105516 -7.52744e-08 0.00150897)
(0.105595 0.000551736 0.00103359)
(0.106765 0.000505234 0.00140896)
(0.106367 -4.48389e-08 0.00144573)
(0.106495 0.000523657 0.000990358)
(0.107535 0.00046839 0.00133233)
(0.107164 8.53514e-09 0.00137026)
(0.107344 0.000491395 0.000938991)
(0.108252 0.000433336 0.00125602)
(0.107907 4.83415e-08 0.00129137)
(0.108141 0.000458737 0.000885628)
(0.108924 0.000401502 0.0011861)
(0.1086 1.16126e-09 0.00121592)
(0.108888 0.000427965 0.000834856)
(0.109557 0.000372978 0.00112717)
(0.109251 -2.53512e-07 0.00114888)
(0.109591 0.000400159 0.000789963)
(0.109868 -7.52403e-07 0.00109392)
(0.110257 0.000375536 0.000753362)
(0.105943 -0.000540897 0.00147672)
(0.105368 -0.00104917 0.00151699)
(0.105595 -0.000552101 0.00103289)
(0.106766 -0.000505423 0.00140703)
(0.10615 -0.000982087 0.00143491)
(0.106495 -0.000524108 0.0009893)
(0.107536 -0.000468543 0.00132931)
(0.106876 -0.000910748 0.00134385)
(0.107345 -0.000491962 0.000937385)
(0.108254 -0.000433571 0.00125128)
(0.107549 -0.000842662 0.00125329)
(0.108142 -0.000459519 0.000883161)
(0.108927 -0.000402147 0.0011787)
(0.108177 -0.000781589 0.00116889)
(0.108889 -0.000429186 0.00083104)
(0.109561 -0.000374565 0.00111564)
(0.108768 -0.000728833 0.00109349)
(0.109592 -0.000402247 0.000784042)
(0.110259 -0.000379073 0.000744196)
(0.105583 -0.00147766 0.00147522)
(0.104795 -0.00181002 0.00150799)
(0.105368 -0.00151844 0.0010481)
(0.106268 -0.00137606 0.00137226)
(0.105362 -0.00168353 0.0013833)
(0.10615 -0.00143716 0.000980509)
(0.106897 -0.00127471 0.00126873)
(0.105874 -0.00155852 0.00126134)
(0.106875 -0.00134737 0.000908387)
(0.107482 -0.00118154 0.00117207)
(0.106344 -0.00144687 0.00114934)
(0.107548 -0.00125883 0.000839021)
(0.10803 -0.00110005 0.00108506)
(0.106783 -0.00135235 0.00104938)
(0.108175 -0.00117764 0.000775813)
(0.1072 -0.00127616 0.0009597)
(0.108766 -0.00110728 0.000719485)
(0.104604 -0.00198231 0.00141638)
(0.103284 -0.00205117 0.00147856)
(0.104693 -0.00206843 0.00103654)
(0.105006 -0.00184095 0.00127436)
(0.103488 -0.00189287 0.00132597)
(0.105222 -0.0019463 0.000935514)
(0.105365 -0.00171372 0.0011452)
(0.103663 -0.00175031 0.00118227)
(0.105695 -0.00182521 0.000840798)
(0.105695 -0.00160668 0.00103083)
(0.103821 -0.0016406 0.00105579)
(0.106125 -0.00171642 0.000757299)
(0.10601 -0.00152164 0.000928926)
(0.103969 -0.00156032 0.000945319)
(0.106523 -0.0016255 0.000684578)
(0.104112 -0.00150615 0.000844005)
(0.106899 -0.00155666 0.000619404)
(0.102272 -0.0018878 0.00138068)
(0.0985077 -0.00151715 0.00139201)
(0.102838 -0.00200712 0.00101776)
(0.102267 -0.00173454 0.00122758)
(0.0981721 -0.00142315 0.00129809)
(0.102961 -0.00187278 0.000917336)
(0.102257 -0.00161022 0.00108717)
(0.0978216 -0.00134907 0.00119206)
(0.103061 -0.00174841 0.000823326)
(0.102248 -0.00152557 0.000964863)
(0.0974777 -0.00130002 0.0010829)
(0.103149 -0.00165074 0.000738173)
(0.102241 -0.00147338 0.000855179)
(0.09714 -0.00127256 0.00097569)
(0.103233 -0.00157934 0.000661434)
(0.0968002 -0.00126461 0.000870604)
(0.103309 -0.00153979 0.000589935)
(0.094867 -0.00133055 0.0013523)
(0.0959887 -0.00138063 0.000916818)
(0.0942279 -0.00126164 0.0012913)
(0.095517 -0.00128118 0.000902538)
(0.0935936 -0.00121882 0.0012064)
(0.0950568 -0.00122173 0.000869558)
(0.0929646 -0.00119455 0.00110609)
(0.0945921 -0.00119278 0.000811175)
(0.0923351 -0.00118705 0.000999644)
(0.0941194 -0.00118591 0.000742239)
(0.0936282 -0.00119496 0.000672855)
(0.0966732 0.00132975 0.000432502)
(0.0999388 0.00157301 0.000481898)
(0.0968287 0.00138928 -2.4368e-06)
(0.096392 0.00123554 0.000420727)
(0.0998982 0.00148207 0.000455747)
(0.0965264 0.00127133 -4.21335e-06)
(0.0961247 0.00118729 0.000400301)
(0.0998648 0.00141964 0.000428026)
(0.0962682 0.0012018 -7.17466e-06)
(0.0958434 0.00117398 0.000366777)
(0.0998099 0.00138168 0.000391713)
(0.0959875 0.00117641 -1.21129e-05)
(0.0955347 0.0011802 0.000320983)
(0.0997386 0.00135801 0.000346627)
(0.095683 0.00117774 -2.03197e-05)
(0.0951889 0.00119882 0.000262899)
(0.0996489 0.00135012 0.000294439)
(0.0953492 0.00119328 -3.40458e-05)
(0.0995287 0.00136249 0.000232382)
(0.0949666 0.0012236 -5.71366e-05)
(0.103554 0.00199195 0.000523082)
(0.104185 0.00210703 0.000553797)
(0.103426 0.0020465 -1.94667e-06)
(0.103787 0.00188625 0.000476424)
(0.104621 0.00199503 0.000504908)
(0.103677 0.0019389 -3.32782e-06)
(0.103992 0.00178712 0.000428796)
(0.105009 0.00188431 0.000456939)
(0.103894 0.00183601 -5.82339e-06)
(0.104183 0.00169957 0.00037798)
(0.105361 0.00178329 0.000408844)
(0.104087 0.0017422 -9.99684e-06)
(0.104363 0.00163515 0.000324819)
(0.105688 0.00169861 0.000360653)
(0.104269 0.00166382 -1.69082e-05)
(0.104529 0.00160407 0.000267943)
(0.105996 0.00164156 0.000312831)
(0.104438 0.00161889 -2.74079e-05)
(0.106285 0.00161345 0.000261667)
(0.104585 0.00161079 -4.33132e-05)
(0.105326 0.00203115 0.000532948)
(0.105255 0.00180918 0.000558016)
(0.105007 0.0020808 -9.63328e-07)
(0.105931 0.00192917 0.00048319)
(0.105996 0.00172842 0.000515969)
(0.105642 0.00198319 -1.61672e-06)
(0.106479 0.00182527 0.000435074)
(0.106678 0.00163571 0.000472378)
(0.106215 0.00187786 -2.73559e-06)
(0.106981 0.00172966 0.000389949)
(0.107308 0.00154203 0.000430572)
(0.106737 0.00177717 -4.52854e-06)
(0.107447 0.00164973 0.00034746)
(0.107893 0.00145583 0.000391867)
(0.107217 0.00168979 -7.26763e-06)
(0.107889 0.00159008 0.00030581)
(0.108442 0.00138332 0.000356213)
(0.107666 0.00162261 -1.11886e-05)
(0.108964 0.00132799 0.000322125)
(0.108095 0.00157872 -1.69447e-05)
(0.105943 0.00147666 0.000540888)
(0.105595 0.00103282 0.000552092)
(0.105516 0.0015089 6.64763e-08)
(0.106766 0.00140695 0.00050541)
(0.106495 0.00098922 0.000524096)
(0.106367 0.00144565 3.20432e-08)
(0.107536 0.00132921 0.000468525)
(0.107345 0.000937288 0.000491947)
(0.107164 0.00137017 -2.58184e-08)
(0.108254 0.00125116 0.000433547)
(0.108142 0.000883045 0.000459497)
(0.107907 0.00129126 -7.16012e-08)
(0.108927 0.00117856 0.000402115)
(0.108889 0.000830902 0.000429157)
(0.1086 0.00121579 -3.20232e-08)
(0.109561 0.00111547 0.000374521)
(0.109593 0.000783879 0.000402207)
(0.109251 0.00114873 2.13018e-07)
(0.110259 0.000744006 0.000379017)
(0.109868 0.00109374 7.03278e-07)
(0.106153 0.000534666 0.000535245)
(0.105677 -2.2894e-07 0.000546102)
(0.105677 0.000546032 2.19308e-07)
(0.107079 0.000509903 0.000510726)
(0.106626 -3.22515e-07 0.000523887)
(0.106626 0.000523802 3.09659e-07)
(0.107957 0.000481942 0.000483132)
(0.10753 -4.60863e-07 0.000496836)
(0.10753 0.000496733 4.43584e-07)
(0.108784 0.000453647 0.000455407)
(0.108383 -6.74362e-07 0.000468351)
(0.108383 0.000468228 6.51061e-07)
(0.109564 0.000426963 0.000429615)
(0.109185 -1.01052e-06 0.00044084)
(0.109185 0.000440693 9.79135e-07)
(0.1103 0.000403115 0.00040713)
(0.109942 -1.53577e-06 0.0004159)
(0.109942 0.000415726 1.49326e-06)
(0.110658 -2.32288e-06 0.000394536)
(0.110658 0.000394328 2.26454e-06)
(0.106153 -0.000535256 0.000534744)
(0.105595 -0.0010336 0.000551805)
(0.105677 -0.000546111 -1.58833e-07)
(0.107079 -0.00051074 0.000509997)
(0.106495 -0.000990368 0.000523741)
(0.106626 -0.0005239 -2.36834e-07)
(0.107957 -0.000483151 0.000482055)
(0.107344 -0.000939004 0.000491496)
(0.10753 -0.000496852 -3.56946e-07)
(0.108784 -0.000455434 0.000453783)
(0.108141 -0.000885645 0.000458859)
(0.108383 -0.000468373 -5.48895e-07)
(0.109564 -0.000429652 0.000427125)
(0.108888 -0.00083488 0.000428111)
(0.109185 -0.00044087 -8.59596e-07)
(0.1103 -0.000407183 0.000403306)
(0.109591 -0.000789998 0.000400332)
(0.109942 -0.000415943 -1.35463e-06)
(0.110658 -0.000394596 -2.10534e-06)
(0.105942 -0.00147798 0.000540742)
(0.105254 -0.00181043 0.000558862)
(0.105516 -0.00150897 -7.29647e-09)
(0.106765 -0.00140897 0.000505325)
(0.105994 -0.00173034 0.000517466)
(0.106367 -0.00144574 3.94459e-08)
(0.107535 -0.00133234 0.0004685)
(0.106675 -0.00163875 0.000474994)
(0.107164 -0.00137027 1.13901e-07)
(0.108252 -0.00125603 0.000433469)
(0.107304 -0.00154695 0.00043496)
(0.107907 -0.00129139 1.78104e-07)
(0.108924 -0.00118613 0.00040166)
(0.107887 -0.00146385 0.000398871)
(0.1086 -0.00121594 1.56237e-07)
(0.108433 -0.00139628 0.000366794)
(0.109251 -0.00114891 -7.04042e-08)
(0.105324 -0.0020329 0.000535366)
(0.104183 -0.00210836 0.000556588)
(0.105007 -0.00208085 1.021e-06)
(0.105928 -0.00193195 0.000487273)
(0.104618 -0.00199705 0.000509688)
(0.105642 -0.00198325 1.68687e-06)
(0.106474 -0.00182985 0.000441914)
(0.105004 -0.00188764 0.000465234)
(0.106215 -0.00187794 2.81994e-06)
(0.106973 -0.0017374 0.000401114)
(0.105353 -0.00178891 0.000422926)
(0.106736 -0.00177727 4.62921e-06)
(0.107436 -0.00166279 0.000365015)
(0.105676 -0.00170857 0.000383987)
(0.107217 -0.0016899 7.38717e-06)
(0.105975 -0.00165905 0.000349891)
(0.107666 -0.00162274 1.13341e-05)
(0.103551 -0.00199349 0.000528125)
(0.0999365 -0.00157389 0.000486112)
(0.103426 -0.00204654 2.00167e-06)
(0.103782 -0.0018887 0.000485217)
(0.0998942 -0.00148359 0.000463015)
(0.103677 -0.00193894 3.39618e-06)
(0.103985 -0.00179114 0.000443975)
(0.0998581 -0.00142225 0.000440515)
(0.103893 -0.00183605 5.90701e-06)
(0.104171 -0.0017065 0.0004036)
(0.0997985 -0.00138595 0.000412843)
(0.104087 -0.00174225 1.00986e-05)
(0.104342 -0.00164762 0.000366587)
(0.0997194 -0.00136525 0.000381873)
(0.104269 -0.00166388 1.70297e-05)
(0.0996154 -0.00136313 0.000352165)
(0.104438 -0.00161895 2.75549e-05)
(0.0966698 -0.00133087 0.000438878)
(0.0968286 -0.00138929 2.47805e-06)
(0.0963861 -0.00123761 0.000431591)
(0.0965263 -0.00127134 4.26764e-06)
(0.0961145 -0.00119094 0.000418605)
(0.0962681 -0.00120182 7.2455e-06)
(0.0958257 -0.00118019 0.000397337)
(0.0959874 -0.00117642 1.22049e-05)
(0.0955038 -0.00119084 0.000371818)
(0.0956829 -0.00117775 2.04382e-05)
(0.095349 -0.00119329 3.41931e-05)
(0.0966698 0.00133085 -0.000438836)
(0.0999365 0.00157387 -0.000486069)
(0.0959888 0.00138061 -0.000916787)
(0.0963862 0.00123759 -0.000431536)
(0.0998943 0.00148357 -0.00046296)
(0.0955171 0.00128116 -0.000902495)
(0.0961146 0.00119092 -0.000418532)
(0.0998582 0.00142222 -0.000440445)
(0.095057 0.0012217 -0.000869501)
(0.0958259 0.00118016 -0.000397243)
(0.0997986 0.00138592 -0.000412755)
(0.0945923 0.00119275 -0.000811101)
(0.095504 0.00119083 -0.0003717)
(0.0997196 0.00136522 -0.000381764)
(0.0941196 0.00118589 -0.000742144)
(0.0951351 0.00121807 -0.000347583)
(0.0996156 0.0013631 -0.000352033)
(0.0936285 0.00119494 -0.000672738)
(0.0994697 0.00138652 -0.000326611)
(0.0931004 0.00122121 -0.000604851)
(0.103551 0.00199346 -0.000528068)
(0.104183 0.00210832 -0.000556536)
(0.102838 0.00200709 -0.00101772)
(0.103782 0.00188866 -0.000485147)
(0.104618 0.001997 -0.000509624)
(0.102961 0.00187275 -0.000917282)
(0.103985 0.00179109 -0.000443888)
(0.105004 0.00188758 -0.000465155)
(0.103061 0.00174837 -0.00082326)
(0.104171 0.00170645 -0.000403496)
(0.105353 0.00178884 -0.000422832)
(0.103149 0.00165069 -0.000738093)
(0.104342 0.00164757 -0.000366464)
(0.105676 0.00170849 -0.000383876)
(0.103233 0.00157929 -0.000661341)
(0.104494 0.0016256 -0.000334227)
(0.105975 0.00165897 -0.000349761)
(0.103309 0.00153975 -0.000589832)
(0.106251 0.00164178 -0.000319432)
(0.103372 0.00153312 -0.000520076)
(0.105324 0.00203284 -0.000535307)
(0.105254 0.00181037 -0.000558807)
(0.104693 0.00206838 -0.00103649)
(0.105928 0.00193188 -0.000487201)
(0.105994 0.00173026 -0.000517399)
(0.105222 0.00194624 -0.000935457)
(0.106474 0.00182976 -0.000441829)
(0.106675 0.00163866 -0.000474914)
(0.105695 0.00182514 -0.00084073)
(0.106973 0.0017373 -0.000401013)
(0.107304 0.00154684 -0.000434866)
(0.106125 0.00171633 -0.000757219)
(0.107436 0.00166267 -0.000364897)
(0.107887 0.00146372 -0.000398761)
(0.106523 0.0016254 -0.000684486)
(0.107872 0.00161126 -0.000332475)
(0.108433 0.00139612 -0.000366665)
(0.106899 0.00155654 -0.000619297)
(0.108952 0.00134835 -0.000337596)
(0.107262 0.00151145 -0.000557902)
(0.105942 0.0014779 -0.000540679)
(0.105595 0.00103353 -0.000551747)
(0.105368 0.00151838 -0.00104805)
(0.106765 0.00140887 -0.000505251)
(0.106495 0.000990278 -0.000523671)
(0.10615 0.00143708 -0.000980446)
(0.107535 0.00133222 -0.000468412)
(0.107344 0.000938894 -0.000491414)
(0.106875 0.00134727 -0.000908313)
(0.108252 0.00125589 -0.000433366)
(0.108141 0.000885511 -0.000458762)
(0.107548 0.00125871 -0.000838933)
(0.108924 0.00118596 -0.00040154)
(0.108888 0.000834717 -0.000427997)
(0.108176 0.0011775 -0.000775711)
(0.109558 0.00112699 -0.000373026)
(0.109591 0.000789797 -0.0004002)
(0.108766 0.0011071 -0.000719369)
(0.110257 0.000753166 -0.000375589)
(0.109329 0.00104959 -0.000669098)
(0.106153 0.000535168 -0.000534678)
(0.105677 1.49909e-07 -0.000546041)
(0.105595 0.000552024 -0.00103283)
(0.107079 0.000510633 -0.000509919)
(0.106626 2.25286e-07 -0.000523814)
(0.106495 0.000524013 -0.000989231)
(0.107957 0.000483019 -0.000481962)
(0.10753 3.41748e-07 -0.000496749)
(0.107345 0.000491847 -0.000937304)
(0.108784 0.000455273 -0.000453675)
(0.108383 5.28714e-07 -0.000468248)
(0.108142 0.000459378 -0.000883066)
(0.109564 0.000429455 -0.000426999)
(0.109185 8.32552e-07 -0.00044072)
(0.108889 0.000429014 -0.000830928)
(0.1103 0.000406939 -0.000403162)
(0.109942 1.31783e-06 -0.000415761)
(0.109593 0.000402036 -0.000783912)
(0.110658 2.05431e-06 -0.000394377)
(0.110259 0.000378812 -0.000744048)
(0.106153 -0.000534755 -0.000535177)
(0.105595 -0.0010329 -0.00055203)
(0.105595 -0.000551815 -0.00103353)
(0.107079 -0.000510012 -0.000510644)
(0.106495 -0.000989312 -0.000524021)
(0.106495 -0.000523753 -0.000990285)
(0.107957 -0.000482074 -0.000483035)
(0.107345 -0.0009374 -0.000491857)
(0.107344 -0.000491512 -0.000938903)
(0.108784 -0.000453809 -0.000455293)
(0.108142 -0.000883182 -0.000459391)
(0.108141 -0.00045888 -0.000885523)
(0.109564 -0.000427161 -0.000429482)
(0.108889 -0.000831068 -0.00042903)
(0.108888 -0.000428138 -0.000834732)
(0.1103 -0.000403356 -0.000406976)
(0.109592 -0.000784079 -0.000402058)
(0.109591 -0.000400369 -0.000789818)
(0.110257 -0.000375793 -0.000753195)
(0.105943 -0.00147673 -0.000540819)
(0.105255 -0.00180924 -0.000557954)
(0.105368 -0.001517 -0.0010491)
(0.106766 -0.00140704 -0.000505328)
(0.105996 -0.00172849 -0.000515894)
(0.10615 -0.00143493 -0.000982005)
(0.107536 -0.00132932 -0.000468426)
(0.106678 -0.0016358 -0.000472288)
(0.106876 -0.00134387 -0.000910647)
(0.108254 -0.0012513 -0.000433429)
(0.107308 -0.00154214 -0.000430464)
(0.107549 -0.00125331 -0.000842538)
(0.108927 -0.00117873 -0.000401973)
(0.107893 -0.00145596 -0.000391738)
(0.108177 -0.00116891 -0.000781437)
(0.108441 -0.00138348 -0.000356053)
(0.108768 -0.00109352 -0.000728646)
(0.105326 -0.00203121 -0.00053288)
(0.104185 -0.00210707 -0.000553736)
(0.104695 -0.00206612 -0.00103614)
(0.105931 -0.00192924 -0.000483107)
(0.104621 -0.00199508 -0.000504835)
(0.105225 -0.00194272 -0.000934834)
(0.106479 -0.00182535 -0.000434975)
(0.105009 -0.00188437 -0.00045685)
(0.1057 -0.00181954 -0.000839465)
(0.106981 -0.00172976 -0.00038983)
(0.105361 -0.00178337 -0.000408737)
(0.106133 -0.00170707 -0.000754843)
(0.107447 -0.00164985 -0.000347313)
(0.105688 -0.0016987 -0.000360524)
(0.106535 -0.00161011 -0.000680427)
(0.105996 -0.00164166 -0.000312671)
(0.106918 -0.00153124 -0.000613249)
(0.103554 -0.00199198 -0.000523017)
(0.0999388 -0.00157303 -0.000481846)
(0.102841 -0.00200514 -0.00101554)
(0.103787 -0.00188629 -0.000476344)
(0.0998982 -0.00148209 -0.000455682)
(0.102966 -0.00186979 -0.000913528)
(0.103992 -0.00178717 -0.0004287)
(0.0998648 -0.00141967 -0.000427945)
(0.10307 -0.00174357 -0.000816413)
(0.104183 -0.00169963 -0.000377863)
(0.0998098 -0.0013817 -0.000391611)
(0.103163 -0.0016424 -0.000726242)
(0.104363 -0.00163521 -0.000324676)
(0.0997385 -0.00135804 -0.000346501)
(0.103257 -0.00156494 -0.000641666)
(0.0996488 -0.00135014 -0.000294283)
(0.10335 -0.00151503 -0.000560087)
(0.0966731 -0.00132977 -0.000432452)
(0.0959928 -0.00137985 -0.000913203)
(0.0963919 -0.00123555 -0.00042066)
(0.0955241 -0.00127953 -0.000896242)
(0.0961246 -0.0011873 -0.000400215)
(0.0950692 -0.0012183 -0.00085915)
(0.0958433 -0.00117399 -0.000366667)
(0.0946134 -0.00118653 -0.000794215)
(0.0955345 -0.0011802 -0.000320844)
(0.0941559 -0.00117464 -0.000714823)
(0.0936907 -0.00117571 -0.000627935)
(0.094867 0.00133054 -0.00135227)
(0.0985078 0.00151713 -0.00139198)
(0.0923654 0.00126707 -0.001575)
(0.094228 0.00126162 -0.00129126)
(0.0981722 0.00142312 -0.00129805)
(0.0913269 0.00117467 -0.00147832)
(0.0935938 0.00121879 -0.00120635)
(0.0978217 0.00134904 -0.001192)
(0.0903339 0.00110829 -0.00136564)
(0.0929648 0.00119452 -0.00110602)
(0.0974779 0.00129999 -0.00108284)
(0.0893973 0.00106599 -0.00125049)
(0.0923354 0.00118702 -0.000999553)
(0.0971402 0.00127253 -0.000975612)
(0.0885066 0.00104445 -0.00113525)
(0.0916944 0.00119585 -0.000890818)
(0.0968004 0.00126458 -0.000870515)
(0.0876455 0.00104027 -0.00101992)
(0.0964503 0.00127785 -0.000764339)
(0.0867994 0.0010518 -0.000899644)
(0.102272 0.00188777 -0.00138064)
(0.103284 0.00205114 -0.00147853)
(0.100662 0.00176765 -0.00158217)
(0.102267 0.00173451 -0.00122753)
(0.103489 0.00189282 -0.00132592)
(0.100404 0.00159355 -0.00139275)
(0.102258 0.00161017 -0.0010871)
(0.103663 0.00175025 -0.00118222)
(0.100166 0.00145091 -0.00122448)
(0.102248 0.00152552 -0.000964791)
(0.103821 0.00164053 -0.00105572)
(0.0999551 0.00134929 -0.00108028)
(0.102241 0.00147333 -0.000855102)
(0.103969 0.00156025 -0.000945242)
(0.0997719 0.00128173 -0.000955676)
(0.102234 0.00144935 -0.000749664)
(0.104112 0.00150607 -0.000843919)
(0.0996135 0.00124077 -0.000842191)
(0.104252 0.0014769 -0.000745336)
(0.0994787 0.00122227 -0.000729751)
(0.104604 0.00198225 -0.00141634)
(0.104795 0.00180997 -0.00150795)
(0.103524 0.00196122 -0.00169561)
(0.105006 0.00184089 -0.0012743)
(0.105362 0.00168346 -0.00138324)
(0.103745 0.00178834 -0.00151649)
(0.105365 0.00171364 -0.00114513)
(0.105874 0.00155844 -0.00126127)
(0.103935 0.0016369 -0.00136056)
(0.105696 0.00160659 -0.00103075)
(0.106344 0.00144678 -0.00114926)
(0.104112 0.00150967 -0.00122583)
(0.10601 0.00152153 -0.00092884)
(0.106783 0.00135223 -0.0010493)
(0.104287 0.00140571 -0.00110953)
(0.106314 0.00145913 -0.000834732)
(0.1072 0.00127601 -0.000959602)
(0.104467 0.00132363 -0.00100665)
(0.107602 0.00121815 -0.000877095)
(0.104658 0.00126121 -0.000910893)
(0.105583 0.00147759 -0.00147516)
(0.105368 0.0010491 -0.00151694)
(0.104796 0.0015094 -0.0018073)
(0.106268 0.00137598 -0.0013722)
(0.10615 0.000982003 -0.00143485)
(0.105364 0.00138555 -0.00167933)
(0.106897 0.00127461 -0.00126866)
(0.106876 0.000910644 -0.00134378)
(0.105877 0.00126481 -0.00155199)
(0.107482 0.00118141 -0.00117198)
(0.107549 0.000842536 -0.0012532)
(0.106349 0.00115477 -0.00143638)
(0.108031 0.00109989 -0.00108496)
(0.108177 0.000781436 -0.00116879)
(0.10679 0.00105796 -0.00133554)
(0.108552 0.00103109 -0.00100757)
(0.108768 0.000728646 -0.00109338)
(0.107212 0.000973581 -0.00124898)
(0.109331 0.000684014 -0.0010281)
(0.107621 0.00089943 -0.00117472)
(0.105943 0.000540814 -0.00147667)
(0.105516 8.53192e-11 -0.00150891)
(0.105255 0.000557951 -0.00180918)
(0.106766 0.000505321 -0.00140696)
(0.106367 -4.84226e-08 -0.00144566)
(0.105996 0.00051589 -0.00172843)
(0.107536 0.000468418 -0.00132922)
(0.107164 -1.25866e-07 -0.00137018)
(0.106678 0.000472284 -0.00163572)
(0.108254 0.000433419 -0.00125118)
(0.107907 -1.93109e-07 -0.00129127)
(0.107308 0.000430459 -0.00154204)
(0.108927 0.000401961 -0.00117858)
(0.1086 -1.75893e-07 -0.0012158)
(0.107893 0.000391733 -0.00145584)
(0.109561 0.000374335 -0.00111551)
(0.109251 4.70546e-08 -0.00114875)
(0.108442 0.000356051 -0.00138334)
(0.109868 5.06788e-07 -0.00109376)
(0.108964 0.00032193 -0.00132802)
(0.105068 -0.000569914 -0.00152966)
(0.104531 -0.00110049 -0.00157792)
(0.104453 -0.000593985 -0.00186639)
(0.105942 -0.000540752 -0.0014779)
(0.105368 -0.00104811 -0.00151838)
(0.105254 -0.000558871 -0.00181037)
(0.106765 -0.000505339 -0.00140888)
(0.10615 -0.000980522 -0.00143709)
(0.105994 -0.000517476 -0.00173027)
(0.107535 -0.000468517 -0.00133223)
(0.106875 -0.000908404 -0.00134727)
(0.106675 -0.000475007 -0.00163867)
(0.108252 -0.00043349 -0.0012559)
(0.107548 -0.000839042 -0.00125871)
(0.107304 -0.000434976 -0.00154684)
(0.108924 -0.000401689 -0.00118597)
(0.108176 -0.000775839 -0.0011775)
(0.107887 -0.000398892 -0.00146372)
(0.109557 -0.000373205 -0.00112701)
(0.108766 -0.000719519 -0.0011071)
(0.108433 -0.000366821 -0.00139613)
(0.108952 -0.000337786 -0.00134836)
(0.104837 -0.00156463 -0.00156613)
(0.104163 -0.00191489 -0.00162081)
(0.104162 -0.00161993 -0.00191651)
(0.105583 -0.00147523 -0.00147759)
(0.104796 -0.00180735 -0.0015094)
(0.104795 -0.001508 -0.00180997)
(0.106268 -0.00137227 -0.00137598)
(0.105363 -0.0016794 -0.00138555)
(0.105362 -0.00138331 -0.00168346)
(0.106897 -0.00126875 -0.00127461)
(0.105877 -0.00155207 -0.00126481)
(0.105874 -0.00126135 -0.00155844)
(0.107482 -0.00117209 -0.0011814)
(0.106349 -0.00143648 -0.00115477)
(0.106344 -0.00114936 -0.00144677)
(0.10803 -0.00108509 -0.00109988)
(0.10679 -0.00133565 -0.00105795)
(0.106783 -0.00104941 -0.00135222)
(0.107212 -0.00124911 -0.00097356)
(0.1072 -0.000959736 -0.00127599)
(0.104144 -0.00211866 -0.00156252)
(0.103037 -0.00220117 -0.00162574)
(0.103249 -0.00213931 -0.00189143)
(0.104607 -0.00197815 -0.00141772)
(0.103288 -0.00204816 -0.00147862)
(0.103525 -0.00195795 -0.00169793)
(0.105011 -0.00183447 -0.00127643)
(0.103494 -0.00188821 -0.00132611)
(0.103746 -0.00178309 -0.00152028)
(0.105372 -0.0017033 -0.00114833)
(0.103672 -0.00174277 -0.00118214)
(0.103938 -0.00162845 -0.00136665)
(0.105708 -0.00158976 -0.00103565)
(0.103835 -0.00162766 -0.00105537)
(0.104117 -0.00149588 -0.00123567)
(0.106029 -0.00149406 -0.000936783)
(0.103993 -0.00153867 -0.000944517)
(0.104294 -0.00138341 -0.00112533)
(0.104152 -0.00147062 -0.000844314)
(0.104479 -0.00128755 -0.00103215)
(0.102266 -0.00204081 -0.00153235)
(0.0988558 -0.00162613 -0.00147311)
(0.100927 -0.00196783 -0.00179353)
(0.102277 -0.00188438 -0.00137966)
(0.0985128 -0.00151554 -0.0013904)
(0.100666 -0.00176469 -0.00158296)
(0.102276 -0.00172919 -0.00122574)
(0.0981806 -0.00142042 -0.00129535)
(0.100411 -0.00158874 -0.00139421)
(0.102273 -0.00160115 -0.0010839)
(0.0978361 -0.00134427 -0.00118751)
(0.100176 -0.00144303 -0.00122706)
(0.102275 -0.00150997 -0.000959521)
(0.0975022 -0.0012916 -0.00107579)
(0.0999726 -0.00133588 -0.00108476)
(0.102285 -0.001447 -0.000847892)
(0.0971818 -0.00125758 -0.000964661)
(0.0998015 -0.00125938 -0.000963656)
(0.0968711 -0.00123835 -0.000853971)
(0.0996624 -0.00120392 -0.000857025)
(0.0955234 -0.00143547 -0.00139037)
(0.0934832 -0.0013866 -0.00165151)
(0.0948745 -0.00132928 -0.00134908)
(0.0923707 -0.00126578 -0.00157472)
(0.0942411 -0.00125872 -0.00128598)
(0.0913363 -0.00117234 -0.00147785)
(0.0936163 -0.00121296 -0.00119808)
(0.09035 -0.00110389 -0.00136501)
(0.0930033 -0.0011835 -0.00109327)
(0.0894246 -0.00105842 -0.00124972)
(0.0924009 -0.00116763 -0.000979404)
(0.0885532 -0.00103081 -0.00113457)
(0.0877238 -0.00101701 -0.00101917)
(0.0891478 0.00111623 -0.00165165)
(0.0941463 0.00120604 -0.00164184)
(0.0830602 0.000915286 -0.00136829)
(0.0877981 0.00103618 -0.00154382)
(0.0931627 0.00109954 -0.00149994)
(0.0813232 0.000804994 -0.00127303)
(0.0865507 0.000977753 -0.00142946)
(0.092256 0.00102011 -0.00136676)
(0.079744 0.000732079 -0.00118469)
(0.0853891 0.000942587 -0.00131566)
(0.0914251 0.000967586 -0.00124385)
(0.0782935 0.00068911 -0.00109609)
(0.084295 0.000927651 -0.00120362)
(0.09066 0.000938223 -0.00113072)
(0.0769487 0.000667284 -0.00100579)
(0.0832528 0.000929175 -0.00108779)
(0.0899487 0.000927455 -0.00102221)
(0.0756906 0.000659063 -0.00091343)
(0.0892829 0.000932204 -0.000909274)
(0.0745063 0.000660295 -0.000815323)
(0.0989316 0.00148605 -0.00156049)
(0.100854 0.00175967 -0.00176826)
(0.0959597 0.00132363 -0.0014027)
(0.0984612 0.00132568 -0.00137292)
(0.100606 0.00156721 -0.00156561)
(0.0951483 0.00112228 -0.00118827)
(0.098042 0.00120813 -0.0012164)
(0.100377 0.00141546 -0.00139613)
(0.0944262 0.000978148 -0.00102605)
(0.0976738 0.00112583 -0.00108339)
(0.100181 0.00129806 -0.00125377)
(0.0937888 0.000874962 -0.000898802)
(0.0973536 0.00107147 -0.000965789)
(0.100018 0.00120958 -0.00113211)
(0.0932224 0.000802297 -0.000795072)
(0.0970794 0.00103786 -0.000853714)
(0.0998907 0.00114414 -0.00102389)
(0.092716 0.000752955 -0.000706347)
(0.0997997 0.00109626 -0.000919824)
(0.0922696 0.000719624 -0.000621735)
(0.102728 0.00177246 -0.00176798)
(0.103525 0.00169794 -0.0019579)
(0.100856 0.00177104 -0.00175625)
(0.102749 0.00159185 -0.00158451)
(0.103746 0.00152029 -0.00178303)
(0.100609 0.00157027 -0.00156141)
(0.102769 0.00144194 -0.00142997)
(0.103938 0.00136666 -0.00162838)
(0.100382 0.00140401 -0.00140586)
(0.1028 0.00131907 -0.0012997)
(0.104117 0.00123569 -0.0014958)
(0.100189 0.00126659 -0.00128227)
(0.10285 0.00121926 -0.00118818)
(0.104294 0.00112536 -0.00138331)
(0.100032 0.00115328 -0.001184)
(0.102925 0.00113842 -0.00108894)
(0.104479 0.00103219 -0.00128744)
(0.0999131 0.00105895 -0.00110304)
(0.104676 0.000951642 -0.00120321)
(0.0998337 0.000977754 -0.00103107)
(0.104607 0.00141773 -0.0019781)
(0.104695 0.00103614 -0.00206607)
(0.103288 0.00147862 -0.00204811)
(0.105011 0.00127643 -0.0018344)
(0.105225 0.000934836 -0.00194266)
(0.103494 0.00132611 -0.00188816)
(0.105372 0.00114834 -0.00170323)
(0.1057 0.000839469 -0.00181947)
(0.103672 0.00118215 -0.00174272)
(0.105708 0.00103566 -0.00158967)
(0.106133 0.00075485 -0.00170699)
(0.103835 0.00105538 -0.00162759)
(0.106029 0.000936808 -0.00149395)
(0.106535 0.000680439 -0.00161001)
(0.103994 0.000944533 -0.00153858)
(0.106344 0.000847927 -0.00141429)
(0.106918 0.000613272 -0.00153113)
(0.104153 0.000844337 -0.00147052)
(0.10729 0.000549349 -0.00147038)
(0.104316 0.000747835 -0.00141913)
(0.105326 0.000532878 -0.00203115)
(0.105007 -1.02602e-06 -0.0020808)
(0.104185 0.000553737 -0.00210703)
(0.105931 0.000483106 -0.00192918)
(0.105642 -1.69263e-06 -0.00198319)
(0.104621 0.000504835 -0.00199503)
(0.106479 0.000434973 -0.00182527)
(0.106215 -2.82667e-06 -0.00187786)
(0.105009 0.000456851 -0.00188432)
(0.106981 0.000389829 -0.00172967)
(0.106737 -4.637e-06 -0.00177718)
(0.105361 0.000408739 -0.0017833)
(0.107447 0.000347318 -0.00164974)
(0.107217 -7.39604e-06 -0.0016898)
(0.105688 0.000360528 -0.00169862)
(0.107889 0.000305639 -0.0015901)
(0.107666 -1.13416e-05 -0.00162262)
(0.105996 0.000312684 -0.00164157)
(0.108095 -1.71311e-05 -0.00157873)
(0.106285 0.00026149 -0.00161347)
(0.104653 -0.00058229 -0.00211801)
(0.104092 -0.00113135 -0.00217139)
(0.103685 -0.000601999 -0.00219821)
(0.105324 -0.000535375 -0.00203284)
(0.104693 -0.00103655 -0.00206838)
(0.104183 -0.000556594 -0.00210832)
(0.105928 -0.000487283 -0.00193188)
(0.105222 -0.000935527 -0.00194623)
(0.104618 -0.000509695 -0.001997)
(0.106474 -0.000441927 -0.00182976)
(0.105695 -0.000840814 -0.00182514)
(0.105004 -0.000465241 -0.00188757)
(0.106973 -0.000401129 -0.0017373)
(0.106125 -0.000757318 -0.00171632)
(0.105353 -0.000422934 -0.00178884)
(0.107436 -0.000365035 -0.00166267)
(0.106523 -0.000684601 -0.00162539)
(0.105676 -0.000383996 -0.00170849)
(0.107872 -0.000332641 -0.00161125)
(0.106899 -0.000619433 -0.00155652)
(0.105975 -0.000349902 -0.00165895)
(0.106251 -0.000319606 -0.00164177)
(0.104142 -0.00156171 -0.00212124)
(0.103249 -0.00189 -0.00214132)
(0.103035 -0.00162569 -0.00220304)
(0.104604 -0.0014164 -0.00198225)
(0.103524 -0.00169566 -0.00196122)
(0.103284 -0.00147858 -0.00205113)
(0.105006 -0.00127437 -0.00184088)
(0.103745 -0.00151655 -0.00178833)
(0.103488 -0.00132598 -0.00189282)
(0.105365 -0.00114522 -0.00171363)
(0.103935 -0.00136063 -0.00163689)
(0.103663 -0.00118229 -0.00175024)
(0.105696 -0.00103085 -0.00160658)
(0.104112 -0.00122592 -0.00150965)
(0.103821 -0.00105581 -0.00164052)
(0.10601 -0.000928958 -0.00152151)
(0.104287 -0.00110963 -0.00140568)
(0.103969 -0.000945342 -0.00156022)
(0.104467 -0.00100677 -0.00132359)
(0.104112 -0.000844032 -0.00150602)
(0.102684 -0.00197955 -0.00198227)
(0.101099 -0.00199775 -0.00200974)
(0.101098 -0.00200799 -0.00199971)
(0.102728 -0.00176803 -0.00177245)
(0.100856 -0.00175629 -0.00177103)
(0.100854 -0.0017683 -0.00175966)
(0.102749 -0.00158457 -0.00159184)
(0.100609 -0.00156145 -0.00157025)
(0.100606 -0.00156566 -0.00156719)
(0.102769 -0.00143004 -0.00144193)
(0.100382 -0.00140592 -0.00140399)
(0.100377 -0.00139619 -0.00141544)
(0.1028 -0.00129978 -0.00131904)
(0.100189 -0.00128234 -0.00126657)
(0.100181 -0.00125384 -0.00129803)
(0.10285 -0.00118828 -0.00121922)
(0.100032 -0.00118408 -0.00115325)
(0.100018 -0.00113219 -0.00120953)
(0.099913 -0.00110316 -0.00105893)
(0.0998906 -0.00102398 -0.00114409)
(0.0994446 -0.00169887 -0.00179086)
(0.095206 -0.00134266 -0.0018011)
(0.0968623 -0.00160403 -0.00169198)
(0.0989357 -0.00148173 -0.00156358)
(0.0941505 -0.00120366 -0.00164372)
(0.0959611 -0.00132039 -0.00140574)
(0.0984685 -0.00131837 -0.00137834)
(0.09317 -0.0010956 -0.00150321)
(0.0951507 -0.0011167 -0.00119356)
(0.0980545 -0.00119587 -0.00122548)
(0.0922686 -0.00101353 -0.00137238)
(0.0944305 -0.000968601 -0.00103519)
(0.0976949 -0.00110552 -0.00109852)
(0.0914465 -0.000956558 -0.00125306)
(0.0937962 -0.000858154 -0.000914497)
(0.0973879 -0.0010384 -0.000991664)
(0.0906961 -0.000919415 -0.00114604)
(0.0932347 -0.000774689 -0.000820821)
(0.0900079 -0.000895905 -0.00104765)
(0.0927357 -0.000710347 -0.000746829)
(0.0906035 -0.00121501 -0.00175259)
(0.0850081 -0.00107722 -0.00149154)
(0.0891548 -0.00111393 -0.00165374)
(0.0830635 -0.000913458 -0.00137072)
(0.0878101 -0.00103238 -0.00154735)
(0.0813292 -0.000801936 -0.00127713)
(0.0865712 -0.000971626 -0.00143538)
(0.0797542 -0.000726924 -0.00119172)
(0.0854237 -0.000932327 -0.0013255)
(0.0783112 -0.000679889 -0.0011083)
(0.0843528 -0.000909887 -0.00121951)
(0.0769796 -0.000651213 -0.00102599)
(0.0757432 -0.000634561 -0.00094477)
(0.076557 0.000627896 -0.000988782)
(0.0844816 0.000693543 -0.000980412)
(0.0650523 0.000389704 -0.000466781)
(0.0746514 0.000522807 -0.000899366)
(0.0828817 0.000553446 -0.000840716)
(0.0629684 0.000311544 -0.000411665)
(0.0729236 0.000461051 -0.000821094)
(0.0814504 0.000463672 -0.00073682)
(0.0611356 0.000261073 -0.000366696)
(0.0713369 0.000427421 -0.000742476)
(0.0801555 0.000406395 -0.000648866)
(0.0594946 0.000230307 -0.000324296)
(0.069869 0.000410248 -0.00066259)
(0.0789708 0.000369883 -0.000568694)
(0.0580121 0.000213187 -0.000282282)
(0.0685034 0.000402246 -0.000582858)
(0.0778783 0.000348954 -0.000497405)
(0.0566623 0.000204454 -0.00024127)
(0.0768718 0.000339326 -0.000430818)
(0.0554254 0.000200793 -0.000198186)
(0.0926197 0.000964341 -0.000959683)
(0.0959611 0.00140575 -0.00132036)
(0.0844826 0.0009834 -0.000690745)
(0.0915973 0.000781745 -0.000773696)
(0.0951508 0.00119358 -0.00111666)
(0.0828836 0.000845879 -0.000548678)
(0.090694 0.00065251 -0.000638186)
(0.0944305 0.00103521 -0.000968556)
(0.0814538 0.000745757 -0.000455444)
(0.0898902 0.000558698 -0.00053441)
(0.0937962 0.000914527 -0.000858099)
(0.0801617 0.000664658 -0.00039109)
(0.0891671 0.000491012 -0.000453494)
(0.0932348 0.000820856 -0.000774618)
(0.0789822 0.00059465 -0.000344048)
(0.0885158 0.000442724 -0.000387957)
(0.0927358 0.00074683 -0.000710214)
(0.0778984 0.000537242 -0.000310789)
(0.0922996 0.000684514 -0.000655448)
(0.0769041 0.000491798 -0.00028811)
(0.0989358 0.0015636 -0.0014817)
(0.100666 0.00158297 -0.00176466)
(0.0941506 0.00164373 -0.00120363)
(0.0984685 0.00137835 -0.00131833)
(0.100411 0.00139422 -0.0015887)
(0.0931701 0.00150322 -0.00109557)
(0.0980546 0.0012255 -0.00119582)
(0.100176 0.00122708 -0.00144299)
(0.0922686 0.0013724 -0.00101349)
(0.097695 0.00109854 -0.00110545)
(0.0999726 0.00108478 -0.00133582)
(0.0914465 0.00125308 -0.000956516)
(0.097388 0.000991674 -0.0010383)
(0.0998016 0.000963675 -0.0012593)
(0.0906962 0.00114606 -0.000919362)
(0.0971328 0.000898226 -0.000984906)
(0.0996625 0.000857033 -0.00120381)
(0.0900081 0.00104767 -0.000895833)
(0.0995556 0.000756282 -0.00116222)
(0.0893781 0.000951208 -0.000880537)
(0.102277 0.00137966 -0.00188434)
(0.102841 0.00101555 -0.00200511)
(0.0985128 0.00139041 -0.00151551)
(0.102276 0.00122575 -0.00172915)
(0.102966 0.000913535 -0.00186975)
(0.0981807 0.00129536 -0.00142039)
(0.102273 0.00108391 -0.0016011)
(0.10307 0.000816421 -0.00174352)
(0.0978362 0.00118753 -0.00134423)
(0.102275 0.000959535 -0.0015099)
(0.103163 0.000726253 -0.00164234)
(0.0975023 0.00107581 -0.00129156)
(0.102285 0.000847907 -0.00144692)
(0.103257 0.000641679 -0.00156487)
(0.0971819 0.000964682 -0.00125753)
(0.102306 0.000740867 -0.00140507)
(0.10335 0.000560106 -0.00151496)
(0.0968713 0.000853998 -0.00123829)
(0.103441 0.000474715 -0.00149156)
(0.0965683 0.000738578 -0.00123224)
(0.103554 0.000523019 -0.00199195)
(0.103426 -2.00296e-06 -0.00204651)
(0.0999388 0.000481852 -0.00157301)
(0.103787 0.000476347 -0.00188625)
(0.103677 -3.39678e-06 -0.0019389)
(0.0998982 0.000455688 -0.00148206)
(0.103992 0.000428704 -0.00178712)
(0.103894 -5.90691e-06 -0.001836)
(0.0998648 0.000427953 -0.00141964)
(0.104183 0.00037787 -0.00169957)
(0.104087 -1.00971e-05 -0.0017422)
(0.0998098 0.000391623 -0.00138167)
(0.104363 0.000324689 -0.00163515)
(0.104269 -1.70264e-05 -0.00166382)
(0.0997386 0.000346519 -0.00135801)
(0.104529 0.000267788 -0.00160408)
(0.104438 -2.75459e-05 -0.00161888)
(0.0996489 0.00029431 -0.00135012)
(0.104585 -4.34816e-05 -0.00161079)
(0.0995287 0.000232228 -0.00136249)
(0.103275 -0.000572935 -0.00209146)
(0.102678 -0.00111865 -0.00212737)
(0.0999798 -0.000512093 -0.00168368)
(0.103551 -0.000528129 -0.00199346)
(0.102838 -0.00101777 -0.00200709)
(0.0999365 -0.000486113 -0.00157387)
(0.103782 -0.000485221 -0.00188865)
(0.102961 -0.000917344 -0.00187274)
(0.0998943 -0.000463015 -0.00148357)
(0.103985 -0.000443978 -0.00179108)
(0.103061 -0.000823335 -0.00174836)
(0.0998582 -0.000440514 -0.00142222)
(0.104171 -0.000403602 -0.00170644)
(0.103149 -0.000738183 -0.00165068)
(0.0997986 -0.000412841 -0.00138591)
(0.104342 -0.000366588 -0.00164755)
(0.103233 -0.000661444 -0.00157927)
(0.0997195 -0.000381868 -0.00136521)
(0.104494 -0.000334376 -0.00162559)
(0.103309 -0.000589945 -0.00153971)
(0.0996155 -0.000352156 -0.00136309)
(0.0994697 -0.000326754 -0.0013865)
(0.102263 -0.00153301 -0.00204305)
(0.100925 -0.00179297 -0.0019696)
(0.098853 -0.00147406 -0.00162711)
(0.102272 -0.0013807 -0.00188777)
(0.100662 -0.00158221 -0.00176764)
(0.0985078 -0.00139202 -0.00151712)
(0.102267 -0.0012276 -0.0017345)
(0.100404 -0.0013928 -0.00159354)
(0.0981721 -0.0012981 -0.00142312)
(0.102257 -0.00108718 -0.00161016)
(0.100166 -0.00122454 -0.0014509)
(0.0978217 -0.00119207 -0.00134903)
(0.102248 -0.00096488 -0.0015255)
(0.099955 -0.00108035 -0.00134927)
(0.0974778 -0.00108292 -0.00129998)
(0.102241 -0.000855198 -0.00147329)
(0.0997719 -0.000955756 -0.00128169)
(0.0971402 -0.000975705 -0.00127251)
(0.0996135 -0.000842279 -0.00124071)
(0.0968004 -0.000870618 -0.00126455)
(0.0994422 -0.00178902 -0.00170134)
(0.0968615 -0.00169016 -0.0016059)
(0.0952035 -0.00179993 -0.00134404)
(0.0989315 -0.00156054 -0.00148605)
(0.0959596 -0.00140274 -0.00132363)
(0.0941463 -0.00164187 -0.00120603)
(0.0984612 -0.00137297 -0.00132567)
(0.0951482 -0.00118832 -0.00112227)
(0.0931626 -0.00149998 -0.00109952)
(0.098042 -0.00121647 -0.0012081)
(0.0944261 -0.0010261 -0.00097813)
(0.0922559 -0.00136681 -0.00102009)
(0.0976738 -0.00108345 -0.0011258)
(0.0937888 -0.00089886 -0.000874933)
(0.0914251 -0.00124391 -0.000967559)
(0.0973535 -0.00096586 -0.00107141)
(0.0932223 -0.000795134 -0.000802251)
(0.09066 -0.00113078 -0.000938179)
(0.0927159 -0.000706448 -0.000752924)
(0.0899487 -0.00102227 -0.000927383)
(0.0937764 -0.00122496 -0.00122765)
(0.086306 -0.000908654 -0.00118372)
(0.0863054 -0.001182 -0.000910303)
(0.0926197 -0.000959719 -0.00096433)
(0.0844826 -0.00069077 -0.000983389)
(0.0844815 -0.000980436 -0.000693533)
(0.0915973 -0.000773738 -0.000781728)
(0.0828836 -0.000548707 -0.000845865)
(0.0828817 -0.000840746 -0.000553432)
(0.090694 -0.000638236 -0.000652484)
(0.0814537 -0.000455476 -0.000745737)
(0.0814504 -0.000736856 -0.000463652)
(0.0898901 -0.000534469 -0.000558661)
(0.0801616 -0.000391126 -0.000664631)
(0.0801554 -0.000648907 -0.000406365)
(0.089167 -0.000453596 -0.000490995)
(0.0789822 -0.000344089 -0.000594616)
(0.0789708 -0.000568744 -0.000369844)
(0.0778982 -0.000310862 -0.000537228)
(0.0778782 -0.000497486 -0.000348923)
(0.0787029 -0.0007939 -0.0011104)
(0.0674929 -0.00050825 -0.000547377)
(0.0765595 -0.000625151 -0.000992516)
(0.065053 -0.000386979 -0.000469986)
(0.074656 -0.00051817 -0.000905859)
(0.0629697 -0.000307079 -0.000417103)
(0.0729318 -0.000452477 -0.000832359)
(0.061138 -0.000253737 -0.000375885)
(0.071352 -0.000411934 -0.000761501)
(0.059499 -0.000217237 -0.000339944)
(0.0698963 -0.00038683 -0.00069355)
(0.0580203 -0.000191184 -0.000308309)
(0.0566766 -0.000171964 -0.000283283)
(0.055616 0.000290038 -0.00028565)
(0.0650531 0.00047 -0.000386955)
(0.053628 0.000230372 -0.000223188)
(0.0629698 0.000417121 -0.000307051)
(0.0518852 0.000188798 -0.000176775)
(0.061138 0.000375905 -0.000253704)
(0.050339 0.000160567 -0.000140465)
(0.0594991 0.000339967 -0.000217198)
(0.0489579 0.000141673 -0.000109513)
(0.0580203 0.000308334 -0.000191136)
(0.0477144 0.00012924 -7.99004e-05)
(0.0566767 0.000283303 -0.000171897)
(0.0554487 0.000266101 -0.000157674)
(0.0765596 0.000992527 -0.000625123)
(0.0830636 0.00137073 -0.000913434)
(0.0746561 0.000905872 -0.000518137)
(0.0813293 0.00127715 -0.000801907)
(0.0729319 0.000832373 -0.000452439)
(0.0797543 0.00119174 -0.000726891)
(0.0713521 0.000761516 -0.000411889)
(0.0783113 0.00110833 -0.000679851)
(0.0698965 0.000693566 -0.000386777)
(0.0769797 0.00102601 -0.000651168)
(0.0685501 0.000633435 -0.000374129)
(0.0757434 0.000944806 -0.000634513)
(0.0745925 0.000863712 -0.000627221)
(0.0891549 0.00165376 -0.0011139)
(0.0923708 0.00157474 -0.00126576)
(0.0878102 0.00154737 -0.00103235)
(0.0913363 0.00147787 -0.00117232)
(0.0865712 0.0014354 -0.000971592)
(0.09035 0.00136502 -0.00110387)
(0.0854238 0.00132552 -0.000932287)
(0.0894247 0.00124975 -0.00105839)
(0.084353 0.00121954 -0.000909842)
(0.0885533 0.00113459 -0.00103078)
(0.0833486 0.00111275 -0.00089884)
(0.087724 0.0010192 -0.00101697)
(0.0869306 0.000898712 -0.00101303)
(0.0948746 0.0013491 -0.00132926)
(0.0959928 0.000913214 -0.00137983)
(0.0942412 0.001286 -0.0012587)
(0.0955242 0.000896254 -0.00127951)
(0.0936164 0.0011981 -0.00121293)
(0.0950693 0.000859165 -0.00121828)
(0.0930034 0.0010933 -0.00118347)
(0.0946135 0.000794235 -0.0011865)
(0.092401 0.000979434 -0.00116759)
(0.094156 0.000714851 -0.00117461)
(0.0918053 0.000858166 -0.00116336)
(0.0936909 0.000627972 -0.00117569)
(0.0932078 0.000530536 -0.001188)
(0.0966732 0.00043246 -0.00132975)
(0.0968287 -2.47269e-06 -0.00138928)
(0.096392 0.000420671 -0.00123553)
(0.0965264 -4.26129e-06 -0.00127133)
(0.0961247 0.00040023 -0.00118728)
(0.0962682 -7.2372e-06 -0.0012018)
(0.0958434 0.000366688 -0.00117397)
(0.0959875 -1.21923e-05 -0.0011764)
(0.0955347 0.000320874 -0.00118019)
(0.095683 -2.0418e-05 -0.00117774)
(0.0951889 0.00026277 -0.00119881)
(0.0953492 -3.41637e-05 -0.00119328)
(0.0949666 -5.72721e-05 -0.00122359)
(0.0969922 -0.00044736 -0.00146879)
(0.0965034 -0.00093324 -0.00152159)
(0.0966698 -0.000438875 -0.00133086)
(0.0959888 -0.000916821 -0.00138061)
(0.0963862 -0.000431588 -0.00123759)
(0.095517 -0.00090254 -0.00128116)
(0.0961146 -0.0004186 -0.00119092)
(0.0950569 -0.00086956 -0.0012217)
(0.0958258 -0.000397329 -0.00118017)
(0.0945923 -0.000811176 -0.00119275)
(0.0955039 -0.000371804 -0.00119083)
(0.0941195 -0.000742238 -0.00118588)
(0.0951351 -0.000347701 -0.00121806)
(0.0936284 -0.000672849 -0.00119493)
(0.0955191 -0.00139224 -0.00143606)
(0.0934802 -0.00165174 -0.00138738)
(0.094867 -0.00135231 -0.00133054)
(0.0923654 -0.00157503 -0.00126707)
(0.094228 -0.00129131 -0.00126161)
(0.0913268 -0.00147836 -0.00117467)
(0.0935937 -0.00120641 -0.00121879)
(0.0903338 -0.00136569 -0.00110828)
(0.0929648 -0.00110611 -0.00119451)
(0.0893972 -0.00125055 -0.00106598)
(0.0923353 -0.000999652 -0.001187)
(0.0885066 -0.00113532 -0.00104443)
(0.0876455 -0.00102 -0.00104023)
(0.0905995 -0.00175137 -0.0012164)
(0.0850063 -0.0014901 -0.00107831)
(0.0891478 -0.00165169 -0.00111623)
(0.0830601 -0.00136831 -0.000915282)
(0.087798 -0.00154386 -0.00103617)
(0.0813232 -0.00127305 -0.000804986)
(0.0865507 -0.00142951 -0.000977738)
(0.079744 -0.00118472 -0.000732066)
(0.0853891 -0.00131572 -0.000942563)
(0.0782934 -0.00109613 -0.00068909)
(0.0842949 -0.00120367 -0.00092761)
(0.0769486 -0.00100583 -0.00066725)
(0.0756905 -0.000913459 -0.000659002)
(0.0787015 -0.00110826 -0.000795546)
(0.0674925 -0.000545573 -0.000509834)
(0.0765569 -0.000988804 -0.00062789)
(0.0650523 -0.000466798 -0.000389689)
(0.0746513 -0.000899393 -0.000522797)
(0.0629684 -0.000411685 -0.000311525)
(0.0729235 -0.000821126 -0.000461034)
(0.0611355 -0.000366719 -0.00026105)
(0.0713368 -0.000742515 -0.000427395)
(0.0594946 -0.000324322 -0.000230275)
(0.069869 -0.000662629 -0.000410206)
(0.0580121 -0.000282313 -0.000213145)
(0.0566622 -0.00024131 -0.000204404)
(0.0579385 -0.000373453 -0.000376027)
(0.0556159 -0.000285674 -0.000290019)
(0.0536279 -0.000223217 -0.00023035)
(0.0518852 -0.000176809 -0.000188772)
(0.0503389 -0.000140505 -0.000160533)
(0.0489578 -0.000109569 -0.000141638)
)
;

boundaryField
{
    inlet
    {
        type            calculated;
        value           nonuniform List<vector> 0();
    }
    ami1
    {
        type            cyclicAMI;
        value           nonuniform List<vector> 0();
    }
    walls
    {
        type            calculated;
        value           uniform (0 0 0);
    }
    ami2
    {
        type            cyclicAMI;
        value           nonuniform List<vector> 0();
    }
    outlet
    {
        type            calculated;
        value           nonuniform List<vector> 0();
    }
    procBoundary3to2
    {
        type            processor;
        value           nonuniform List<vector> 
110
(
(0.0465889 4.64526e-05 0.000122455)
(0.0672296 0.000495955 0.000403522)
(0.0822511 0.000958215 0.00094517)
(0.0910251 0.000775245 0.00122373)
(0.0946999 0.000331337 0.00126869)
(0.094794 -0.000190066 0.00123268)
(0.0932075 -0.000530718 0.00118809)
(0.0918051 -0.000858332 0.00116343)
(0.0833483 -0.0011129 0.000898893)
(0.0685497 -0.000633551 0.000374161)
(0.0477141 -0.000129265 7.99038e-05)
(0.0673035 0.000368509 0.000580756)
(0.0879383 0.000323005 0.000407211)
(0.0968495 0.000736648 0.00102175)
(0.102224 0.000640726 0.00145422)
(0.104619 0.000306784 0.00163832)
(0.104678 -0.00020131 0.00160375)
(0.10344 -0.000474878 0.00149165)
(0.102306 -0.000741023 0.00140515)
(0.0971326 -0.000898358 0.000984957)
(0.0885154 -0.000442822 0.000387997)
(0.068503 -0.000402279 0.000582866)
(0.0824087 0.000893285 0.000996728)
(0.0969304 0.000937184 0.000809601)
(0.103027 0.000994116 0.00107217)
(0.106613 0.000744561 0.00141955)
(0.108289 0.000302915 0.0015855)
(0.108314 -0.000262564 0.0015522)
(0.10729 -0.000549541 0.00147049)
(0.106344 -0.000848091 0.00141438)
(0.102925 -0.00113855 0.00108902)
(0.0970791 -0.00103796 0.000853784)
(0.0832524 -0.000929207 0.00108785)
(0.0912128 0.00116787 0.000724026)
(0.10234 0.0013797 0.000628169)
(0.106659 0.00134742 0.000765187)
(0.109053 0.000938354 0.000975134)
(0.110162 0.000346922 0.00108313)
(0.110166 -0.000349772 0.00106519)
(0.109331 -0.000684244 0.00102823)
(0.108552 -0.00103129 0.00100768)
(0.106314 -0.00145928 0.000834831)
(0.102234 -0.00144943 0.000749769)
(0.0916941 -0.00119587 0.000890928)
(0.0947942 0.00123258 0.000190028)
(0.104678 0.00160359 0.000201289)
(0.108314 0.00155203 0.000262528)
(0.110166 0.00106501 0.000349711)
(0.111001 0.000382858 0.000388829)
(0.111001 -0.000388904 0.000383085)
(0.110257 -0.000753415 0.000375742)
(0.109557 -0.0011272 0.000373166)
(0.107872 -0.0016114 0.000332617)
(0.104493 -0.00162567 0.000334381)
(0.0951349 -0.00121807 0.000347725)
(0.0947002 0.00126858 -0.000331377)
(0.104619 0.00163813 -0.000306827)
(0.10829 0.0015853 -0.00030297)
(0.110162 0.00108293 -0.000346983)
(0.111001 0.000388601 -0.000382921)
(0.111001 -0.000383156 -0.000388653)
(0.110259 -0.000744247 -0.000378841)
(0.109561 -0.00111568 -0.000374349)
(0.107889 -0.00159022 -0.000305622)
(0.104529 -0.00160413 -0.000267753)
(0.0951887 -0.00119881 -0.000262737)
(0.0910254 0.0012236 -0.000775313)
(0.102224 0.00145401 -0.000640781)
(0.106613 0.00141934 -0.000744617)
(0.109053 0.000974927 -0.000938404)
(0.110166 0.000349487 -0.00106504)
(0.110162 -0.000347201 -0.00108294)
(0.109329 -0.000669275 -0.00104959)
(0.108552 -0.00100772 -0.00103108)
(0.106344 -0.00141439 -0.00084788)
(0.102306 -0.00140512 -0.00074081)
(0.0918052 -0.0011634 -0.000858135)
(0.0822514 0.000945044 -0.000958306)
(0.0968497 0.00102155 -0.000736725)
(0.103027 0.00107197 -0.000994185)
(0.106659 0.000764997 -0.00134747)
(0.108314 0.000262321 -0.00155205)
(0.10829 -0.000303175 -0.0015853)
(0.107262 -0.000558074 -0.00151144)
(0.106314 -0.000834874 -0.00145911)
(0.102925 -0.00108905 -0.00113837)
(0.0971327 -0.000984985 -0.000898169)
(0.0833484 -0.000898904 -0.00111272)
(0.0672299 0.000403442 -0.000496094)
(0.0879384 0.000407045 -0.000323102)
(0.0969305 0.000809427 -0.000937269)
(0.10234 0.000627999 -0.00137976)
(0.104678 0.000201106 -0.00160361)
(0.104619 -0.000307012 -0.00163813)
(0.103372 -0.000520237 -0.00153312)
(0.102234 -0.000749789 -0.00144932)
(0.0970793 -0.000853826 -0.00103782)
(0.0885156 -0.00038806 -0.000442682)
(0.06855 -0.000374196 -0.000633409)
(0.046589 0.000122368 -4.65453e-05)
(0.0673037 0.000580592 -0.000368554)
(0.0824088 0.000996568 -0.000893329)
(0.0912129 0.000723854 -0.0011679)
(0.0947942 0.000189876 -0.00123257)
(0.0947002 -0.000331502 -0.00126856)
(0.0931003 -0.000604965 -0.00122119)
(0.0916944 -0.000890929 -0.00119583)
(0.0832527 -0.00108787 -0.000929137)
(0.0685033 -0.000582928 -0.000402213)
(0.0477143 -7.99698e-05 -0.000129191)
)
;
    }
    procBoundary3to4
    {
        type            processor;
        value           nonuniform List<vector> 
109
(
(0.0579385 0.00037341 0.00037607)
(0.0787015 0.00110821 0.000795573)
(0.0905995 0.00175132 0.00121643)
(0.0955191 0.00139218 0.00143608)
(0.0969922 0.00044731 0.0014688)
(0.096994 -0.000443697 0.00146821)
(0.0955234 -0.00139043 0.00143546)
(0.0906035 -0.00175264 0.00121499)
(0.0787029 -0.00111044 0.000793879)
(0.0579385 -0.000376055 0.000373427)
(0.0787029 0.000793869 0.00111045)
(0.0937764 0.00122492 0.00122769)
(0.0994422 0.00178896 0.00170138)
(0.102263 0.00153295 0.00204308)
(0.103275 0.000572873 0.00209149)
(0.103277 -0.000569982 0.00209051)
(0.102266 -0.00153241 0.0020408)
(0.0994446 -0.0017909 0.00169885)
(0.0937764 -0.00122768 0.00122494)
(0.0787015 -0.000795561 0.00110824)
(0.0906036 0.00121498 0.00175264)
(0.0994446 0.00169883 0.00179091)
(0.102684 0.0019795 0.00198232)
(0.104142 0.00156165 0.00212129)
(0.104653 0.000582224 0.00211805)
(0.104654 -0.000580834 0.00211696)
(0.104144 -0.00156258 0.00211865)
(0.102684 -0.00198231 0.00197954)
(0.0994422 -0.00170137 0.001789)
(0.0905995 -0.00121642 0.00175136)
(0.0955234 0.00143545 0.00139042)
(0.102266 0.00204078 0.00153241)
(0.104144 0.00211861 0.00156258)
(0.104837 0.00156457 0.00156618)
(0.105068 0.000569844 0.00152971)
(0.105068 -0.000570073 0.00152889)
(0.104837 -0.00156618 0.00156462)
(0.104142 -0.00212129 0.0015617)
(0.102263 -0.00204307 0.00153299)
(0.0955191 -0.00143607 0.00139224)
(0.0969941 0.00146819 0.00044368)
(0.103277 0.00209048 0.000569974)
(0.104654 0.00211692 0.000580828)
(0.105068 0.00152883 0.000570066)
(0.105186 0.000552297 0.000552706)
(0.105186 -0.000552714 0.00055236)
(0.105068 -0.00152972 0.000569905)
(0.104653 -0.00211806 0.000582283)
(0.103275 -0.00209149 0.000572931)
(0.0969921 -0.00146881 0.000447363)
(0.0969922 0.00146879 -0.000447331)
(0.103275 0.00209146 -0.000572886)
(0.104653 0.00211801 -0.000582234)
(0.105068 0.00152965 -0.000569854)
(0.105186 0.000552643 -0.000552305)
(0.105186 -0.000552368 -0.00055265)
(0.104654 -0.000570689 -0.00106085)
(0.105068 -0.0015289 -0.00057001)
(0.104531 -0.00157703 -0.00110113)
(0.104654 -0.00211697 -0.000580773)
(0.104093 -0.00217 -0.00113112)
(0.103277 -0.00209051 -0.000569921)
(0.10268 -0.00212611 -0.00111732)
(0.096994 -0.00146821 -0.000443642)
(0.0965057 -0.00152114 -0.000931163)
(0.0955191 0.00143606 -0.00139221)
(0.102263 0.00204305 -0.00153296)
(0.104142 0.00212124 -0.00156166)
(0.104837 0.00156612 -0.00156457)
(0.105068 0.000570005 -0.00152884)
(0.104618 1.56233e-08 -0.00154959)
(0.104155 -0.000586967 -0.00155229)
(0.104034 -0.00162312 -0.00162408)
(0.103601 -0.00223165 -0.00168929)
(0.102215 -0.00217623 -0.00166746)
(0.0962084 -0.00158233 -0.00142584)
(0.0905995 0.00121641 -0.00175135)
(0.0994423 0.00170135 -0.00178898)
(0.102684 0.00198228 -0.00197951)
(0.104144 0.00156253 -0.00211861)
(0.104654 0.000580771 -0.00211692)
(0.104297 -6.44411e-07 -0.00215413)
(0.103916 -0.000621626 -0.0021709)
(0.1036 -0.00168879 -0.00223325)
(0.10258 -0.00220229 -0.00220396)
(0.0999683 -0.00196758 -0.00205692)
(0.0921393 -0.00134457 -0.00186362)
(0.0787015 0.00079555 -0.00110824)
(0.0937764 0.00122766 -0.00122493)
(0.0994446 0.00179087 -0.00169884)
(0.102266 0.00153236 -0.00204078)
(0.103277 0.000569924 -0.00209048)
(0.103123 -1.21429e-06 -0.00213543)
(0.102933 -0.000611345 -0.00215835)
(0.102214 -0.00166781 -0.0021777)
(0.0999669 -0.00205572 -0.00196903)
(0.0950732 -0.00159621 -0.00159781)
(0.0811888 -0.00102868 -0.00126552)
(0.0579385 0.000376042 -0.000373434)
(0.0787029 0.00111041 -0.000793875)
(0.0906036 0.0017526 -0.00121498)
(0.0955234 0.00139038 -0.00143545)
(0.0969941 0.000443649 -0.00146819)
(0.0971797 -1.42233e-06 -0.00154771)
(0.0973614 -0.000459041 -0.00164154)
(0.096206 -0.00142693 -0.00158274)
(0.0921371 -0.00186286 -0.00134541)
(0.081188 -0.0012643 -0.00102968)
(0.0607574 -0.000494091 -0.000495422)
)
;
    }
}


// ************************************************************************* //
