/*--------------------------------*- C++ -*----------------------------------*\
| =========                 |                                                 |
| \\      /  F ield         | OpenFOAM: The Open Source CFD Toolbox           |
|  \\    /   O peration     | Version:  2212                                  |
|   \\  /    A nd           | Website:  www.openfoam.com                      |
|    \\/     M anipulation  |                                                 |
\*---------------------------------------------------------------------------*/
FoamFile
{
    version     2.0;
    format      ascii;
    arch        "LSB;label=32;scalar=64";
    class       vectorField;
    location    "1.8/polyMesh";
    object      points;
}
// * * * * * * * * * * * * * * * * * * * * * * * * * * * * * * * * * * * * * //


975
(
(0.064 0.0169854 -0.0105592)
(0.066 0.0169854 -0.0105592)
(0.068 0.0169854 -0.0105592)
(0.07 0.0169854 -0.0105592)
(0.072 0.0169854 -0.0105592)
(0.074 0.0169854 -0.0105592)
(0.076 0.0169854 -0.0105592)
(0.078 0.0169854 -0.0105592)
(0.08 0.0169854 -0.0105592)
(0.082 0.0169854 -0.0105592)
(0.084 0.0169854 -0.0105592)
(0.086 0.0169854 -0.0105592)
(0.064 0.0183152 -0.00803441)
(0.066 0.0183152 -0.00803441)
(0.068 0.0183152 -0.00803441)
(0.07 0.0183152 -0.00803441)
(0.072 0.0183152 -0.00803441)
(0.074 0.0183152 -0.00803441)
(0.076 0.0183152 -0.00803441)
(0.078 0.0183152 -0.00803441)
(0.08 0.0183152 -0.00803441)
(0.082 0.0183152 -0.00803441)
(0.084 0.0183152 -0.00803441)
(0.086 0.0183152 -0.00803441)
(0.064 0.0192722 -0.0053461)
(0.066 0.0192722 -0.0053461)
(0.068 0.0192722 -0.0053461)
(0.07 0.0192722 -0.0053461)
(0.072 0.0192722 -0.0053461)
(0.074 0.0192722 -0.0053461)
(0.076 0.0192722 -0.0053461)
(0.078 0.0192722 -0.0053461)
(0.08 0.0192722 -0.0053461)
(0.082 0.0192722 -0.0053461)
(0.084 0.0192722 -0.0053461)
(0.086 0.0192722 -0.0053461)
(0.064 0.0198369 -0.00254896)
(0.066 0.0198369 -0.00254896)
(0.068 0.0198369 -0.00254896)
(0.07 0.0198369 -0.00254896)
(0.072 0.0198369 -0.00254896)
(0.074 0.0198369 -0.00254896)
(0.076 0.0198369 -0.00254896)
(0.078 0.0198369 -0.00254896)
(0.08 0.0198369 -0.00254896)
(0.082 0.0198369 -0.00254896)
(0.084 0.0198369 -0.00254896)
(0.086 0.0198369 -0.00254896)
(0.064 0.0199977 0.000300072)
(0.066 0.0199977 0.000300072)
(0.068 0.0199977 0.000300072)
(0.07 0.0199977 0.000300072)
(0.072 0.0199977 0.000300072)
(0.074 0.0199977 0.000300072)
(0.076 0.0199977 0.000300072)
(0.078 0.0199977 0.000300072)
(0.08 0.0199977 0.000300072)
(0.082 0.0199977 0.000300072)
(0.084 0.0199977 0.000300072)
(0.086 0.0199977 0.000300072)
(0.064 0.0197515 0.00314299)
(0.066 0.0197515 0.00314299)
(0.068 0.0197515 0.00314299)
(0.07 0.0197515 0.00314299)
(0.072 0.0197515 0.00314299)
(0.074 0.0197515 0.00314299)
(0.076 0.0197515 0.00314299)
(0.078 0.0197515 0.00314299)
(0.08 0.0197515 0.00314299)
(0.082 0.0197515 0.00314299)
(0.084 0.0197515 0.00314299)
(0.086 0.0197515 0.00314299)
(0.064 0.0153098 -0.012869)
(0.066 0.0153098 -0.012869)
(0.068 0.0153098 -0.012869)
(0.07 0.0153098 -0.012869)
(0.072 0.0153098 -0.012869)
(0.074 0.0153098 -0.012869)
(0.076 0.0153098 -0.012869)
(0.078 0.0153098 -0.012869)
(0.08 0.0153098 -0.012869)
(0.082 0.0153098 -0.012869)
(0.084 0.0153098 -0.012869)
(0.086 0.0153098 -0.012869)
(0.064 0.0162316 -0.0100905)
(0.066 0.0162316 -0.0100905)
(0.068 0.0162316 -0.0100905)
(0.07 0.0162316 -0.0100905)
(0.072 0.0162316 -0.0100905)
(0.074 0.0162316 -0.0100905)
(0.076 0.0162316 -0.0100905)
(0.078 0.0162316 -0.0100905)
(0.08 0.0162316 -0.0100905)
(0.082 0.0162316 -0.0100905)
(0.084 0.0162316 -0.0100905)
(0.086 0.0162316 -0.0100905)
(0.064 0.0168382 -0.00713507)
(0.066 0.0168382 -0.00713507)
(0.068 0.0168382 -0.00713507)
(0.07 0.0168382 -0.00713507)
(0.072 0.0168382 -0.00713507)
(0.074 0.0168382 -0.00713507)
(0.076 0.0168382 -0.00713507)
(0.078 0.0168382 -0.00713507)
(0.08 0.0168382 -0.00713507)
(0.082 0.0168382 -0.00713507)
(0.084 0.0168382 -0.00713507)
(0.086 0.0168382 -0.00713507)
(0.064 0.0171158 -0.00405602)
(0.066 0.0171158 -0.00405602)
(0.068 0.0171158 -0.00405602)
(0.07 0.0171158 -0.00405602)
(0.072 0.0171158 -0.00405602)
(0.074 0.0171158 -0.00405602)
(0.076 0.0171158 -0.00405602)
(0.078 0.0171158 -0.00405602)
(0.08 0.0171158 -0.00405602)
(0.082 0.0171158 -0.00405602)
(0.084 0.0171158 -0.00405602)
(0.086 0.0171158 -0.00405602)
(0.064 0.0170571 -0.000909326)
(0.066 0.0170571 -0.000909326)
(0.068 0.0170571 -0.000909326)
(0.07 0.0170571 -0.000909326)
(0.072 0.0170571 -0.000909326)
(0.074 0.0170571 -0.000909326)
(0.076 0.0170571 -0.000909326)
(0.078 0.0170571 -0.000909326)
(0.08 0.0170571 -0.000909326)
(0.082 0.0170571 -0.000909326)
(0.084 0.0170571 -0.000909326)
(0.086 0.0170571 -0.000909326)
(0.064 0.0166617 0.0022477)
(0.066 0.0166617 0.0022477)
(0.068 0.0166617 0.0022477)
(0.07 0.0166617 0.0022477)
(0.072 0.0166617 0.0022477)
(0.074 0.0166617 0.0022477)
(0.076 0.0166617 0.0022477)
(0.078 0.0166617 0.0022477)
(0.08 0.0166617 0.0022477)
(0.082 0.0166617 0.0022477)
(0.084 0.0166617 0.0022477)
(0.086 0.0166617 0.0022477)
(0.064 0.0133225 -0.0149168)
(0.066 0.0133225 -0.0149168)
(0.068 0.0133225 -0.0149168)
(0.07 0.0133225 -0.0149168)
(0.072 0.0133225 -0.0149168)
(0.074 0.0133225 -0.0149168)
(0.076 0.0133225 -0.0149168)
(0.078 0.0133225 -0.0149168)
(0.08 0.0133225 -0.0149168)
(0.082 0.0133225 -0.0149168)
(0.084 0.0133225 -0.0149168)
(0.086 0.0133225 -0.0149168)
(0.064 0.0138497 -0.0119424)
(0.066 0.0138497 -0.0119424)
(0.068 0.0138497 -0.0119424)
(0.07 0.0138497 -0.0119424)
(0.072 0.0138497 -0.0119424)
(0.074 0.0138497 -0.0119424)
(0.076 0.0138497 -0.0119424)
(0.078 0.0138497 -0.0119424)
(0.08 0.0138497 -0.0119424)
(0.082 0.0138497 -0.0119424)
(0.084 0.0138497 -0.0119424)
(0.086 0.0138497 -0.0119424)
(0.064 0.0141194 -0.00877749)
(0.066 0.0141194 -0.00877749)
(0.068 0.0141194 -0.00877749)
(0.07 0.0141194 -0.00877749)
(0.072 0.0141194 -0.00877749)
(0.074 0.0141194 -0.00877749)
(0.076 0.0141194 -0.00877749)
(0.078 0.0141194 -0.00877749)
(0.08 0.0141194 -0.00877749)
(0.082 0.0141194 -0.00877749)
(0.084 0.0141194 -0.00877749)
(0.086 0.0141194 -0.00877749)
(0.064 0.0141234 -0.00547424)
(0.066 0.0141234 -0.00547424)
(0.068 0.0141234 -0.00547424)
(0.07 0.0141234 -0.00547424)
(0.072 0.0141234 -0.00547424)
(0.074 0.0141234 -0.00547424)
(0.076 0.0141234 -0.00547424)
(0.078 0.0141234 -0.00547424)
(0.08 0.0141234 -0.00547424)
(0.082 0.0141234 -0.00547424)
(0.084 0.0141234 -0.00547424)
(0.086 0.0141234 -0.00547424)
(0.064 0.0138586 -0.00208759)
(0.066 0.0138586 -0.00208759)
(0.068 0.0138586 -0.00208759)
(0.07 0.0138586 -0.00208759)
(0.072 0.0138586 -0.00208759)
(0.074 0.0138586 -0.00208759)
(0.076 0.0138586 -0.00208759)
(0.078 0.0138586 -0.00208759)
(0.08 0.0138586 -0.00208759)
(0.082 0.0138586 -0.00208759)
(0.084 0.0138586 -0.00208759)
(0.086 0.0138586 -0.00208759)
(0.064 0.0133276 0.00132582)
(0.066 0.0133276 0.00132582)
(0.068 0.0133276 0.00132582)
(0.07 0.0133276 0.00132582)
(0.072 0.0133276 0.00132582)
(0.074 0.0133276 0.00132582)
(0.076 0.0133276 0.00132582)
(0.078 0.0133276 0.00132582)
(0.08 0.0133276 0.00132582)
(0.082 0.0133276 0.00132582)
(0.084 0.0133276 0.00132582)
(0.086 0.0133276 0.00132582)
(0.064 0.011064 -0.0166609)
(0.066 0.011064 -0.0166609)
(0.068 0.011064 -0.0166609)
(0.07 0.011064 -0.0166609)
(0.072 0.011064 -0.0166609)
(0.074 0.011064 -0.0166609)
(0.076 0.011064 -0.0166609)
(0.078 0.011064 -0.0166609)
(0.08 0.011064 -0.0166609)
(0.082 0.011064 -0.0166609)
(0.084 0.011064 -0.0166609)
(0.086 0.011064 -0.0166609)
(0.064 0.0112114 -0.0135538)
(0.066 0.0112114 -0.0135538)
(0.068 0.0112114 -0.0135538)
(0.07 0.0112114 -0.0135538)
(0.072 0.0112114 -0.0135538)
(0.074 0.0112114 -0.0135538)
(0.076 0.0112114 -0.0135538)
(0.078 0.0112114 -0.0135538)
(0.08 0.0112114 -0.0135538)
(0.082 0.0112114 -0.0135538)
(0.084 0.0112114 -0.0135538)
(0.086 0.0112114 -0.0135538)
(0.064 0.011159 -0.0102428)
(0.066 0.011159 -0.0102428)
(0.068 0.011159 -0.0102428)
(0.07 0.011159 -0.0102428)
(0.072 0.011159 -0.0102428)
(0.074 0.011159 -0.0102428)
(0.076 0.011159 -0.0102428)
(0.078 0.011159 -0.0102428)
(0.08 0.011159 -0.0102428)
(0.082 0.011159 -0.0102428)
(0.084 0.011159 -0.0102428)
(0.086 0.011159 -0.0102428)
(0.064 0.010904 -0.00677862)
(0.066 0.010904 -0.00677862)
(0.068 0.010904 -0.00677862)
(0.07 0.010904 -0.00677862)
(0.072 0.010904 -0.00677862)
(0.074 0.010904 -0.00677862)
(0.076 0.010904 -0.00677862)
(0.078 0.010904 -0.00677862)
(0.08 0.010904 -0.00677862)
(0.082 0.010904 -0.00677862)
(0.084 0.010904 -0.00677862)
(0.086 0.010904 -0.00677862)
(0.064 0.010448 -0.00321529)
(0.066 0.010448 -0.00321529)
(0.068 0.010448 -0.00321529)
(0.07 0.010448 -0.00321529)
(0.072 0.010448 -0.00321529)
(0.074 0.010448 -0.00321529)
(0.076 0.010448 -0.00321529)
(0.078 0.010448 -0.00321529)
(0.08 0.010448 -0.00321529)
(0.082 0.010448 -0.00321529)
(0.084 0.010448 -0.00321529)
(0.086 0.010448 -0.00321529)
(0.064 0.00979609 0.000391243)
(0.066 0.00979609 0.000391243)
(0.068 0.00979609 0.000391243)
(0.07 0.00979609 0.000391243)
(0.072 0.00979609 0.000391243)
(0.074 0.00979609 0.000391243)
(0.076 0.00979609 0.000391243)
(0.078 0.00979609 0.000391243)
(0.08 0.00979609 0.000391243)
(0.082 0.00979609 0.000391243)
(0.084 0.00979609 0.000391243)
(0.086 0.00979609 0.000391243)
(0.064 0.00858032 -0.0180659)
(0.066 0.00858032 -0.0180659)
(0.068 0.00858032 -0.0180659)
(0.07 0.00858032 -0.0180659)
(0.072 0.00858032 -0.0180659)
(0.074 0.00858032 -0.0180659)
(0.076 0.00858032 -0.0180659)
(0.078 0.00858032 -0.0180659)
(0.08 0.00858032 -0.0180659)
(0.082 0.00858032 -0.0180659)
(0.084 0.00858032 -0.0180659)
(0.086 0.00858032 -0.0180659)
(0.064 0.00836355 -0.0148937)
(0.066 0.00836355 -0.0148937)
(0.068 0.00836355 -0.0148937)
(0.07 0.00836355 -0.0148937)
(0.072 0.00836355 -0.0148937)
(0.074 0.00836355 -0.0148937)
(0.076 0.00836355 -0.0148937)
(0.078 0.00836355 -0.0148937)
(0.08 0.00836355 -0.0148937)
(0.082 0.00836355 -0.0148937)
(0.084 0.00836355 -0.0148937)
(0.086 0.00836355 -0.0148937)
(0.064 0.00800478 -0.011504)
(0.066 0.00800478 -0.011504)
(0.068 0.00800478 -0.011504)
(0.07 0.00800478 -0.011504)
(0.072 0.00800478 -0.011504)
(0.074 0.00800478 -0.011504)
(0.076 0.00800478 -0.011504)
(0.078 0.00800478 -0.011504)
(0.08 0.00800478 -0.011504)
(0.082 0.00800478 -0.011504)
(0.084 0.00800478 -0.011504)
(0.086 0.00800478 -0.011504)
(0.064 0.00750677 -0.00794646)
(0.066 0.00750677 -0.00794646)
(0.068 0.00750677 -0.00794646)
(0.07 0.00750677 -0.00794646)
(0.072 0.00750677 -0.00794646)
(0.074 0.00750677 -0.00794646)
(0.076 0.00750677 -0.00794646)
(0.078 0.00750677 -0.00794646)
(0.08 0.00750677 -0.00794646)
(0.082 0.00750677 -0.00794646)
(0.084 0.00750677 -0.00794646)
(0.086 0.00750677 -0.00794646)
(0.064 0.00687511 -0.00427399)
(0.066 0.00687511 -0.00427399)
(0.068 0.00687511 -0.00427399)
(0.07 0.00687511 -0.00427399)
(0.072 0.00687511 -0.00427399)
(0.074 0.00687511 -0.00427399)
(0.076 0.00687511 -0.00427399)
(0.078 0.00687511 -0.00427399)
(0.08 0.00687511 -0.00427399)
(0.082 0.00687511 -0.00427399)
(0.084 0.00687511 -0.00427399)
(0.086 0.00687511 -0.00427399)
(0.064 0.00611813 -0.000541886)
(0.066 0.00611813 -0.000541886)
(0.068 0.00611813 -0.000541886)
(0.07 0.00611813 -0.000541886)
(0.072 0.00611813 -0.000541886)
(0.074 0.00611813 -0.000541886)
(0.076 0.00611813 -0.000541886)
(0.078 0.00611813 -0.000541886)
(0.08 0.00611813 -0.000541886)
(0.082 0.00611813 -0.000541886)
(0.084 0.00611813 -0.000541886)
(0.086 0.00611813 -0.000541886)
(0.064 0.00524669 0.00319334)
(0.066 0.00524669 0.00319334)
(0.068 0.00524669 0.00319334)
(0.07 0.00524669 0.00319334)
(0.072 0.00524669 0.00319334)
(0.074 0.00524669 0.00319334)
(0.076 0.00524669 0.00319334)
(0.078 0.00524669 0.00319334)
(0.08 0.00524669 0.00319334)
(0.082 0.00524669 0.00319334)
(0.084 0.00524669 0.00319334)
(0.086 0.00524669 0.00319334)
(0.064 0.00592193 -0.0191032)
(0.066 0.00592193 -0.0191032)
(0.068 0.00592193 -0.0191032)
(0.07 0.00592193 -0.0191032)
(0.072 0.00592193 -0.0191032)
(0.074 0.00592193 -0.0191032)
(0.076 0.00592193 -0.0191032)
(0.078 0.00592193 -0.0191032)
(0.08 0.00592193 -0.0191032)
(0.082 0.00592193 -0.0191032)
(0.084 0.00592193 -0.0191032)
(0.086 0.00592193 -0.0191032)
(0.064 0.00535751 -0.0159362)
(0.066 0.00535751 -0.0159362)
(0.068 0.00535751 -0.0159362)
(0.07 0.00535751 -0.0159362)
(0.072 0.00535751 -0.0159362)
(0.074 0.00535751 -0.0159362)
(0.076 0.00535751 -0.0159362)
(0.078 0.00535751 -0.0159362)
(0.08 0.00535751 -0.0159362)
(0.082 0.00535751 -0.0159362)
(0.084 0.00535751 -0.0159362)
(0.086 0.00535751 -0.0159362)
(0.064 0.0047088 -0.0125383)
(0.066 0.0047088 -0.0125383)
(0.068 0.0047088 -0.0125383)
(0.07 0.0047088 -0.0125383)
(0.072 0.0047088 -0.0125383)
(0.074 0.0047088 -0.0125383)
(0.076 0.0047088 -0.0125383)
(0.078 0.0047088 -0.0125383)
(0.08 0.0047088 -0.0125383)
(0.082 0.0047088 -0.0125383)
(0.084 0.0047088 -0.0125383)
(0.086 0.0047088 -0.0125383)
(0.064 0.00398412 -0.00895786)
(0.066 0.00398412 -0.00895786)
(0.068 0.00398412 -0.00895786)
(0.07 0.00398412 -0.00895786)
(0.072 0.00398412 -0.00895786)
(0.074 0.00398412 -0.00895786)
(0.076 0.00398412 -0.00895786)
(0.078 0.00398412 -0.00895786)
(0.08 0.00398412 -0.00895786)
(0.082 0.00398412 -0.00895786)
(0.084 0.00398412 -0.00895786)
(0.086 0.00398412 -0.00895786)
(0.064 0.00319334 -0.00524669)
(0.066 0.00319334 -0.00524669)
(0.068 0.00319334 -0.00524669)
(0.07 0.00319334 -0.00524669)
(0.072 0.00319334 -0.00524669)
(0.074 0.00319334 -0.00524669)
(0.076 0.00319334 -0.00524669)
(0.078 0.00319334 -0.00524669)
(0.08 0.00319334 -0.00524669)
(0.082 0.00319334 -0.00524669)
(0.084 0.00319334 -0.00524669)
(0.086 0.00319334 -0.00524669)
(0.064 0.00234767 -0.00145946)
(0.066 0.00234767 -0.00145946)
(0.068 0.00234767 -0.00145946)
(0.07 0.00234767 -0.00145946)
(0.072 0.00234767 -0.00145946)
(0.074 0.00234767 -0.00145946)
(0.076 0.00234767 -0.00145946)
(0.078 0.00234767 -0.00145946)
(0.08 0.00234767 -0.00145946)
(0.082 0.00234767 -0.00145946)
(0.084 0.00234767 -0.00145946)
(0.086 0.00234767 -0.00145946)
(0.064 0.00145946 0.00234767)
(0.066 0.00145946 0.00234767)
(0.068 0.00145946 0.00234767)
(0.07 0.00145946 0.00234767)
(0.072 0.00145946 0.00234767)
(0.074 0.00145946 0.00234767)
(0.076 0.00145946 0.00234767)
(0.078 0.00145946 0.00234767)
(0.08 0.00145946 0.00234767)
(0.082 0.00145946 0.00234767)
(0.084 0.00145946 0.00234767)
(0.086 0.00145946 0.00234767)
(0.064 0.00314299 -0.0197515)
(0.066 0.00314299 -0.0197515)
(0.068 0.00314299 -0.0197515)
(0.07 0.00314299 -0.0197515)
(0.072 0.00314299 -0.0197515)
(0.074 0.00314299 -0.0197515)
(0.076 0.00314299 -0.0197515)
(0.078 0.00314299 -0.0197515)
(0.08 0.00314299 -0.0197515)
(0.082 0.00314299 -0.0197515)
(0.084 0.00314299 -0.0197515)
(0.086 0.00314299 -0.0197515)
(0.064 0.0022477 -0.0166617)
(0.066 0.0022477 -0.0166617)
(0.068 0.0022477 -0.0166617)
(0.07 0.0022477 -0.0166617)
(0.072 0.0022477 -0.0166617)
(0.074 0.0022477 -0.0166617)
(0.076 0.0022477 -0.0166617)
(0.078 0.0022477 -0.0166617)
(0.08 0.0022477 -0.0166617)
(0.082 0.0022477 -0.0166617)
(0.084 0.0022477 -0.0166617)
(0.086 0.0022477 -0.0166617)
(0.064 0.00132582 -0.0133276)
(0.066 0.00132582 -0.0133276)
(0.068 0.00132582 -0.0133276)
(0.07 0.00132582 -0.0133276)
(0.072 0.00132582 -0.0133276)
(0.074 0.00132582 -0.0133276)
(0.076 0.00132582 -0.0133276)
(0.078 0.00132582 -0.0133276)
(0.08 0.00132582 -0.0133276)
(0.082 0.00132582 -0.0133276)
(0.084 0.00132582 -0.0133276)
(0.086 0.00132582 -0.0133276)
(0.064 0.000391243 -0.00979609)
(0.066 0.000391243 -0.00979609)
(0.068 0.000391243 -0.00979609)
(0.07 0.000391243 -0.00979609)
(0.072 0.000391243 -0.00979609)
(0.074 0.000391243 -0.00979609)
(0.076 0.000391243 -0.00979609)
(0.078 0.000391243 -0.00979609)
(0.08 0.000391243 -0.00979609)
(0.082 0.000391243 -0.00979609)
(0.084 0.000391243 -0.00979609)
(0.086 0.000391243 -0.00979609)
(0.064 -0.000541886 -0.00611813)
(0.066 -0.000541886 -0.00611813)
(0.068 -0.000541886 -0.00611813)
(0.07 -0.000541886 -0.00611813)
(0.072 -0.000541886 -0.00611813)
(0.074 -0.000541886 -0.00611813)
(0.076 -0.000541886 -0.00611813)
(0.078 -0.000541886 -0.00611813)
(0.08 -0.000541886 -0.00611813)
(0.082 -0.000541886 -0.00611813)
(0.084 -0.000541886 -0.00611813)
(0.086 -0.000541886 -0.00611813)
(0.064 -0.00145946 -0.00234767)
(0.066 -0.00145946 -0.00234767)
(0.068 -0.00145946 -0.00234767)
(0.07 -0.00145946 -0.00234767)
(0.072 -0.00145946 -0.00234767)
(0.074 -0.00145946 -0.00234767)
(0.076 -0.00145946 -0.00234767)
(0.078 -0.00145946 -0.00234767)
(0.08 -0.00145946 -0.00234767)
(0.082 -0.00145946 -0.00234767)
(0.084 -0.00145946 -0.00234767)
(0.086 -0.00145946 -0.00234767)
(0.064 -0.00234767 0.00145946)
(0.066 -0.00234767 0.00145946)
(0.068 -0.00234767 0.00145946)
(0.07 -0.00234767 0.00145946)
(0.072 -0.00234767 0.00145946)
(0.074 -0.00234767 0.00145946)
(0.076 -0.00234767 0.00145946)
(0.078 -0.00234767 0.00145946)
(0.08 -0.00234767 0.00145946)
(0.082 -0.00234767 0.00145946)
(0.084 -0.00234767 0.00145946)
(0.086 -0.00234767 0.00145946)
(0.064 0.000300072 -0.0199977)
(0.066 0.000300072 -0.0199977)
(0.068 0.000300072 -0.0199977)
(0.07 0.000300072 -0.0199977)
(0.072 0.000300072 -0.0199977)
(0.074 0.000300072 -0.0199977)
(0.076 0.000300072 -0.0199977)
(0.078 0.000300072 -0.0199977)
(0.08 0.000300072 -0.0199977)
(0.082 0.000300072 -0.0199977)
(0.084 0.000300072 -0.0199977)
(0.086 0.000300072 -0.0199977)
(0.088 0.000300072 -0.0199977)
(0.064 -0.000909326 -0.0170571)
(0.066 -0.000909326 -0.0170571)
(0.068 -0.000909326 -0.0170571)
(0.07 -0.000909326 -0.0170571)
(0.072 -0.000909326 -0.0170571)
(0.074 -0.000909326 -0.0170571)
(0.076 -0.000909326 -0.0170571)
(0.078 -0.000909326 -0.0170571)
(0.08 -0.000909326 -0.0170571)
(0.082 -0.000909326 -0.0170571)
(0.084 -0.000909326 -0.0170571)
(0.086 -0.000909326 -0.0170571)
(0.088 -0.000909326 -0.0170571)
(0.064 -0.00208759 -0.0138586)
(0.066 -0.00208759 -0.0138586)
(0.068 -0.00208759 -0.0138586)
(0.07 -0.00208759 -0.0138586)
(0.072 -0.00208759 -0.0138586)
(0.074 -0.00208759 -0.0138586)
(0.076 -0.00208759 -0.0138586)
(0.078 -0.00208759 -0.0138586)
(0.08 -0.00208759 -0.0138586)
(0.082 -0.00208759 -0.0138586)
(0.084 -0.00208759 -0.0138586)
(0.086 -0.00208759 -0.0138586)
(0.088 -0.00208759 -0.0138586)
(0.064 -0.00321529 -0.010448)
(0.066 -0.00321529 -0.010448)
(0.068 -0.00321529 -0.010448)
(0.07 -0.00321529 -0.010448)
(0.072 -0.00321529 -0.010448)
(0.074 -0.00321529 -0.010448)
(0.076 -0.00321529 -0.010448)
(0.078 -0.00321529 -0.010448)
(0.08 -0.00321529 -0.010448)
(0.082 -0.00321529 -0.010448)
(0.084 -0.00321529 -0.010448)
(0.086 -0.00321529 -0.010448)
(0.064 -0.00427399 -0.00687511)
(0.066 -0.00427399 -0.00687511)
(0.068 -0.00427399 -0.00687511)
(0.07 -0.00427399 -0.00687511)
(0.072 -0.00427399 -0.00687511)
(0.074 -0.00427399 -0.00687511)
(0.076 -0.00427399 -0.00687511)
(0.078 -0.00427399 -0.00687511)
(0.08 -0.00427399 -0.00687511)
(0.082 -0.00427399 -0.00687511)
(0.084 -0.00427399 -0.00687511)
(0.086 -0.00427399 -0.00687511)
(0.064 -0.00524669 -0.00319334)
(0.066 -0.00524669 -0.00319334)
(0.068 -0.00524669 -0.00319334)
(0.07 -0.00524669 -0.00319334)
(0.072 -0.00524669 -0.00319334)
(0.074 -0.00524669 -0.00319334)
(0.076 -0.00524669 -0.00319334)
(0.078 -0.00524669 -0.00319334)
(0.08 -0.00524669 -0.00319334)
(0.082 -0.00524669 -0.00319334)
(0.084 -0.00524669 -0.00319334)
(0.086 -0.00524669 -0.00319334)
(0.064 -0.00611813 0.000541886)
(0.066 -0.00611813 0.000541886)
(0.068 -0.00611813 0.000541886)
(0.07 -0.00611813 0.000541886)
(0.072 -0.00611813 0.000541886)
(0.074 -0.00611813 0.000541886)
(0.076 -0.00611813 0.000541886)
(0.078 -0.00611813 0.000541886)
(0.08 -0.00611813 0.000541886)
(0.082 -0.00611813 0.000541886)
(0.084 -0.00611813 0.000541886)
(0.086 -0.00611813 0.000541886)
(0.064 -0.00254896 -0.0198369)
(0.066 -0.00254896 -0.0198369)
(0.068 -0.00254896 -0.0198369)
(0.07 -0.00254896 -0.0198369)
(0.072 -0.00254896 -0.0198369)
(0.074 -0.00254896 -0.0198369)
(0.076 -0.00254896 -0.0198369)
(0.078 -0.00254896 -0.0198369)
(0.08 -0.00254896 -0.0198369)
(0.082 -0.00254896 -0.0198369)
(0.084 -0.00254896 -0.0198369)
(0.086 -0.00254896 -0.0198369)
(0.088 -0.00254896 -0.0198369)
(0.064 -0.00405602 -0.0171158)
(0.066 -0.00405602 -0.0171158)
(0.068 -0.00405602 -0.0171158)
(0.07 -0.00405602 -0.0171158)
(0.072 -0.00405602 -0.0171158)
(0.074 -0.00405602 -0.0171158)
(0.076 -0.00405602 -0.0171158)
(0.078 -0.00405602 -0.0171158)
(0.08 -0.00405602 -0.0171158)
(0.082 -0.00405602 -0.0171158)
(0.084 -0.00405602 -0.0171158)
(0.086 -0.00405602 -0.0171158)
(0.088 -0.00405602 -0.0171158)
(0.064 -0.00547424 -0.0141234)
(0.066 -0.00547424 -0.0141234)
(0.068 -0.00547424 -0.0141234)
(0.07 -0.00547424 -0.0141234)
(0.072 -0.00547424 -0.0141234)
(0.074 -0.00547424 -0.0141234)
(0.076 -0.00547424 -0.0141234)
(0.078 -0.00547424 -0.0141234)
(0.08 -0.00547424 -0.0141234)
(0.082 -0.00547424 -0.0141234)
(0.084 -0.00547424 -0.0141234)
(0.086 -0.00547424 -0.0141234)
(0.088 -0.00547424 -0.0141234)
(0.064 -0.00677862 -0.010904)
(0.066 -0.00677862 -0.010904)
(0.068 -0.00677862 -0.010904)
(0.07 -0.00677862 -0.010904)
(0.072 -0.00677862 -0.010904)
(0.074 -0.00677862 -0.010904)
(0.076 -0.00677862 -0.010904)
(0.078 -0.00677862 -0.010904)
(0.08 -0.00677862 -0.010904)
(0.082 -0.00677862 -0.010904)
(0.084 -0.00677862 -0.010904)
(0.086 -0.00677862 -0.010904)
(0.064 -0.00794646 -0.00750677)
(0.066 -0.00794646 -0.00750677)
(0.068 -0.00794646 -0.00750677)
(0.07 -0.00794646 -0.00750677)
(0.072 -0.00794646 -0.00750677)
(0.074 -0.00794646 -0.00750677)
(0.076 -0.00794646 -0.00750677)
(0.078 -0.00794646 -0.00750677)
(0.08 -0.00794646 -0.00750677)
(0.082 -0.00794646 -0.00750677)
(0.084 -0.00794646 -0.00750677)
(0.086 -0.00794646 -0.00750677)
(0.064 -0.00895786 -0.00398412)
(0.066 -0.00895786 -0.00398412)
(0.068 -0.00895786 -0.00398412)
(0.07 -0.00895786 -0.00398412)
(0.072 -0.00895786 -0.00398412)
(0.074 -0.00895786 -0.00398412)
(0.076 -0.00895786 -0.00398412)
(0.078 -0.00895786 -0.00398412)
(0.08 -0.00895786 -0.00398412)
(0.082 -0.00895786 -0.00398412)
(0.084 -0.00895786 -0.00398412)
(0.086 -0.00895786 -0.00398412)
(0.064 -0.00979609 -0.000391243)
(0.066 -0.00979609 -0.000391243)
(0.068 -0.00979609 -0.000391243)
(0.07 -0.00979609 -0.000391243)
(0.072 -0.00979609 -0.000391243)
(0.074 -0.00979609 -0.000391243)
(0.076 -0.00979609 -0.000391243)
(0.078 -0.00979609 -0.000391243)
(0.08 -0.00979609 -0.000391243)
(0.082 -0.00979609 -0.000391243)
(0.084 -0.00979609 -0.000391243)
(0.086 -0.00979609 -0.000391243)
(0.064 -0.0053461 -0.0192722)
(0.066 -0.0053461 -0.0192722)
(0.068 -0.0053461 -0.0192722)
(0.07 -0.0053461 -0.0192722)
(0.072 -0.0053461 -0.0192722)
(0.074 -0.0053461 -0.0192722)
(0.076 -0.0053461 -0.0192722)
(0.078 -0.0053461 -0.0192722)
(0.08 -0.0053461 -0.0192722)
(0.082 -0.0053461 -0.0192722)
(0.084 -0.0053461 -0.0192722)
(0.086 -0.0053461 -0.0192722)
(0.088 -0.0053461 -0.0192722)
(0.064 -0.00713507 -0.0168382)
(0.066 -0.00713507 -0.0168382)
(0.068 -0.00713507 -0.0168382)
(0.07 -0.00713507 -0.0168382)
(0.072 -0.00713507 -0.0168382)
(0.074 -0.00713507 -0.0168382)
(0.076 -0.00713507 -0.0168382)
(0.078 -0.00713507 -0.0168382)
(0.08 -0.00713507 -0.0168382)
(0.082 -0.00713507 -0.0168382)
(0.084 -0.00713507 -0.0168382)
(0.086 -0.00713507 -0.0168382)
(0.088 -0.00713507 -0.0168382)
(0.064 -0.00877749 -0.0141194)
(0.066 -0.00877749 -0.0141194)
(0.068 -0.00877749 -0.0141194)
(0.07 -0.00877749 -0.0141194)
(0.072 -0.00877749 -0.0141194)
(0.074 -0.00877749 -0.0141194)
(0.076 -0.00877749 -0.0141194)
(0.078 -0.00877749 -0.0141194)
(0.08 -0.00877749 -0.0141194)
(0.082 -0.00877749 -0.0141194)
(0.084 -0.00877749 -0.0141194)
(0.086 -0.00877749 -0.0141194)
(0.088 -0.00877749 -0.0141194)
(0.064 -0.0102428 -0.011159)
(0.066 -0.0102428 -0.011159)
(0.068 -0.0102428 -0.011159)
(0.07 -0.0102428 -0.011159)
(0.072 -0.0102428 -0.011159)
(0.074 -0.0102428 -0.011159)
(0.076 -0.0102428 -0.011159)
(0.078 -0.0102428 -0.011159)
(0.08 -0.0102428 -0.011159)
(0.082 -0.0102428 -0.011159)
(0.084 -0.0102428 -0.011159)
(0.086 -0.0102428 -0.011159)
(0.064 -0.011504 -0.00800478)
(0.066 -0.011504 -0.00800478)
(0.068 -0.011504 -0.00800478)
(0.07 -0.011504 -0.00800478)
(0.072 -0.011504 -0.00800478)
(0.074 -0.011504 -0.00800478)
(0.076 -0.011504 -0.00800478)
(0.078 -0.011504 -0.00800478)
(0.08 -0.011504 -0.00800478)
(0.082 -0.011504 -0.00800478)
(0.084 -0.011504 -0.00800478)
(0.086 -0.011504 -0.00800478)
(0.064 -0.0125383 -0.0047088)
(0.066 -0.0125383 -0.0047088)
(0.068 -0.0125383 -0.0047088)
(0.07 -0.0125383 -0.0047088)
(0.072 -0.0125383 -0.0047088)
(0.074 -0.0125383 -0.0047088)
(0.076 -0.0125383 -0.0047088)
(0.078 -0.0125383 -0.0047088)
(0.08 -0.0125383 -0.0047088)
(0.082 -0.0125383 -0.0047088)
(0.084 -0.0125383 -0.0047088)
(0.086 -0.0125383 -0.0047088)
(0.064 -0.0133276 -0.00132582)
(0.066 -0.0133276 -0.00132582)
(0.068 -0.0133276 -0.00132582)
(0.07 -0.0133276 -0.00132582)
(0.072 -0.0133276 -0.00132582)
(0.074 -0.0133276 -0.00132582)
(0.076 -0.0133276 -0.00132582)
(0.078 -0.0133276 -0.00132582)
(0.08 -0.0133276 -0.00132582)
(0.082 -0.0133276 -0.00132582)
(0.084 -0.0133276 -0.00132582)
(0.086 -0.0133276 -0.00132582)
(0.064 -0.00803441 -0.0183152)
(0.066 -0.00803441 -0.0183152)
(0.068 -0.00803441 -0.0183152)
(0.07 -0.00803441 -0.0183152)
(0.072 -0.00803441 -0.0183152)
(0.074 -0.00803441 -0.0183152)
(0.076 -0.00803441 -0.0183152)
(0.078 -0.00803441 -0.0183152)
(0.08 -0.00803441 -0.0183152)
(0.082 -0.00803441 -0.0183152)
(0.084 -0.00803441 -0.0183152)
(0.086 -0.00803441 -0.0183152)
(0.088 -0.00803441 -0.0183152)
(0.064 -0.0100905 -0.0162316)
(0.066 -0.0100905 -0.0162316)
(0.068 -0.0100905 -0.0162316)
(0.07 -0.0100905 -0.0162316)
(0.072 -0.0100905 -0.0162316)
(0.074 -0.0100905 -0.0162316)
(0.076 -0.0100905 -0.0162316)
(0.078 -0.0100905 -0.0162316)
(0.08 -0.0100905 -0.0162316)
(0.082 -0.0100905 -0.0162316)
(0.084 -0.0100905 -0.0162316)
(0.086 -0.0100905 -0.0162316)
(0.088 -0.0100905 -0.0162316)
(0.064 -0.0119424 -0.0138497)
(0.066 -0.0119424 -0.0138497)
(0.068 -0.0119424 -0.0138497)
(0.07 -0.0119424 -0.0138497)
(0.072 -0.0119424 -0.0138497)
(0.074 -0.0119424 -0.0138497)
(0.076 -0.0119424 -0.0138497)
(0.078 -0.0119424 -0.0138497)
(0.08 -0.0119424 -0.0138497)
(0.082 -0.0119424 -0.0138497)
(0.084 -0.0119424 -0.0138497)
(0.086 -0.0119424 -0.0138497)
(0.088 -0.0119424 -0.0138497)
(0.064 -0.0135538 -0.0112114)
(0.066 -0.0135538 -0.0112114)
(0.068 -0.0135538 -0.0112114)
(0.07 -0.0135538 -0.0112114)
(0.072 -0.0135538 -0.0112114)
(0.074 -0.0135538 -0.0112114)
(0.076 -0.0135538 -0.0112114)
(0.078 -0.0135538 -0.0112114)
(0.08 -0.0135538 -0.0112114)
(0.082 -0.0135538 -0.0112114)
(0.084 -0.0135538 -0.0112114)
(0.086 -0.0135538 -0.0112114)
(0.064 -0.0148937 -0.00836355)
(0.066 -0.0148937 -0.00836355)
(0.068 -0.0148937 -0.00836355)
(0.07 -0.0148937 -0.00836355)
(0.072 -0.0148937 -0.00836355)
(0.074 -0.0148937 -0.00836355)
(0.076 -0.0148937 -0.00836355)
(0.078 -0.0148937 -0.00836355)
(0.08 -0.0148937 -0.00836355)
(0.082 -0.0148937 -0.00836355)
(0.084 -0.0148937 -0.00836355)
(0.086 -0.0148937 -0.00836355)
(0.064 -0.0159362 -0.00535751)
(0.066 -0.0159362 -0.00535751)
(0.068 -0.0159362 -0.00535751)
(0.07 -0.0159362 -0.00535751)
(0.072 -0.0159362 -0.00535751)
(0.074 -0.0159362 -0.00535751)
(0.076 -0.0159362 -0.00535751)
(0.078 -0.0159362 -0.00535751)
(0.08 -0.0159362 -0.00535751)
(0.082 -0.0159362 -0.00535751)
(0.084 -0.0159362 -0.00535751)
(0.086 -0.0159362 -0.00535751)
(0.064 -0.0166617 -0.0022477)
(0.066 -0.0166617 -0.0022477)
(0.068 -0.0166617 -0.0022477)
(0.07 -0.0166617 -0.0022477)
(0.072 -0.0166617 -0.0022477)
(0.074 -0.0166617 -0.0022477)
(0.076 -0.0166617 -0.0022477)
(0.078 -0.0166617 -0.0022477)
(0.08 -0.0166617 -0.0022477)
(0.082 -0.0166617 -0.0022477)
(0.084 -0.0166617 -0.0022477)
(0.086 -0.0166617 -0.0022477)
(0.064 -0.0105592 -0.0169854)
(0.066 -0.0105592 -0.0169854)
(0.068 -0.0105592 -0.0169854)
(0.07 -0.0105592 -0.0169854)
(0.072 -0.0105592 -0.0169854)
(0.074 -0.0105592 -0.0169854)
(0.076 -0.0105592 -0.0169854)
(0.078 -0.0105592 -0.0169854)
(0.08 -0.0105592 -0.0169854)
(0.082 -0.0105592 -0.0169854)
(0.084 -0.0105592 -0.0169854)
(0.086 -0.0105592 -0.0169854)
(0.088 -0.0105592 -0.0169854)
(0.064 -0.012869 -0.0153098)
(0.066 -0.012869 -0.0153098)
(0.068 -0.012869 -0.0153098)
(0.07 -0.012869 -0.0153098)
(0.072 -0.012869 -0.0153098)
(0.074 -0.012869 -0.0153098)
(0.076 -0.012869 -0.0153098)
(0.078 -0.012869 -0.0153098)
(0.08 -0.012869 -0.0153098)
(0.082 -0.012869 -0.0153098)
(0.084 -0.012869 -0.0153098)
(0.086 -0.012869 -0.0153098)
(0.088 -0.012869 -0.0153098)
(0.064 -0.0149168 -0.0133225)
(0.066 -0.0149168 -0.0133225)
(0.068 -0.0149168 -0.0133225)
(0.07 -0.0149168 -0.0133225)
(0.072 -0.0149168 -0.0133225)
(0.074 -0.0149168 -0.0133225)
(0.076 -0.0149168 -0.0133225)
(0.078 -0.0149168 -0.0133225)
(0.08 -0.0149168 -0.0133225)
(0.082 -0.0149168 -0.0133225)
(0.084 -0.0149168 -0.0133225)
(0.086 -0.0149168 -0.0133225)
(0.088 -0.0149168 -0.0133225)
(0.064 -0.0166609 -0.011064)
(0.066 -0.0166609 -0.011064)
(0.068 -0.0166609 -0.011064)
(0.07 -0.0166609 -0.011064)
(0.072 -0.0166609 -0.011064)
(0.074 -0.0166609 -0.011064)
(0.076 -0.0166609 -0.011064)
(0.078 -0.0166609 -0.011064)
(0.08 -0.0166609 -0.011064)
(0.082 -0.0166609 -0.011064)
(0.084 -0.0166609 -0.011064)
(0.086 -0.0166609 -0.011064)
(0.064 -0.0180659 -0.00858032)
(0.066 -0.0180659 -0.00858032)
(0.068 -0.0180659 -0.00858032)
(0.07 -0.0180659 -0.00858032)
(0.072 -0.0180659 -0.00858032)
(0.074 -0.0180659 -0.00858032)
(0.076 -0.0180659 -0.00858032)
(0.078 -0.0180659 -0.00858032)
(0.08 -0.0180659 -0.00858032)
(0.082 -0.0180659 -0.00858032)
(0.084 -0.0180659 -0.00858032)
(0.086 -0.0180659 -0.00858032)
(0.064 -0.0191032 -0.00592193)
(0.066 -0.0191032 -0.00592193)
(0.068 -0.0191032 -0.00592193)
(0.07 -0.0191032 -0.00592193)
(0.072 -0.0191032 -0.00592193)
(0.074 -0.0191032 -0.00592193)
(0.076 -0.0191032 -0.00592193)
(0.078 -0.0191032 -0.00592193)
(0.08 -0.0191032 -0.00592193)
(0.082 -0.0191032 -0.00592193)
(0.084 -0.0191032 -0.00592193)
(0.086 -0.0191032 -0.00592193)
(0.064 -0.0197515 -0.00314299)
(0.066 -0.0197515 -0.00314299)
(0.068 -0.0197515 -0.00314299)
(0.07 -0.0197515 -0.00314299)
(0.072 -0.0197515 -0.00314299)
(0.074 -0.0197515 -0.00314299)
(0.076 -0.0197515 -0.00314299)
(0.078 -0.0197515 -0.00314299)
(0.08 -0.0197515 -0.00314299)
(0.082 -0.0197515 -0.00314299)
(0.084 -0.0197515 -0.00314299)
(0.086 -0.0197515 -0.00314299)
)


// ************************************************************************* //
