/*--------------------------------*- C++ -*----------------------------------*\
| =========                 |                                                 |
| \\      /  F ield         | OpenFOAM: The Open Source CFD Toolbox           |
|  \\    /   O peration     | Version:  2212                                  |
|   \\  /    A nd           | Website:  www.openfoam.com                      |
|    \\/     M anipulation  |                                                 |
\*---------------------------------------------------------------------------*/
FoamFile
{
    version     2.0;
    format      ascii;
    arch        "LSB;label=32;scalar=64";
    class       surfaceVectorField;
    location    "2.1";
    object      Uf;
}
// * * * * * * * * * * * * * * * * * * * * * * * * * * * * * * * * * * * * * //

dimensions      [0 1 -1 0 0 0 0];

internalField   nonuniform List<vector> 
1795
(
(0.055615 0.000285147 0.000290741)
(0.0650513 0.000466298 0.00038998)
(0.0650524 0.000386556 0.00047079)
(0.0536264 0.000222369 0.0002315)
(0.0629666 0.000410876 0.000311972)
(0.0629687 0.000306406 0.000418431)
(0.0518827 0.000175384 0.000190619)
(0.0611327 0.000365373 0.00026174)
(0.0611362 0.000252633 0.000378047)
(0.0503349 0.000138111 0.000163517)
(0.0594898 0.000322107 0.000231436)
(0.0594962 0.000215269 0.000343536)
(0.0489513 0.000105625 0.000146492)
(0.0580043 0.000278681 0.000215084)
(0.0580157 0.000187932 0.000314196)
(0.0477031 7.34073e-05 0.00013708)
(0.0566491 0.0002355 0.000207646)
(0.0566692 0.00016682 0.000292985)
(0.0554031 0.000188584 0.000206161)
(0.0554365 0.000149354 0.000281581)
(0.076555 0.000988552 0.000628078)
(0.0830587 0.00136855 0.000915343)
(0.0844802 0.000980124 0.000693948)
(0.074648 0.000898968 0.000523075)
(0.0813207 0.00127349 0.000805059)
(0.0828794 0.000840253 0.000554115)
(0.0729179 0.000820431 0.000461523)
(0.0797397 0.00118541 0.000732136)
(0.0814464 0.000736005 0.000464775)
(0.0713275 0.000741421 0.00042833)
(0.0782863 0.00109721 0.000689163)
(0.0801488 0.000647473 0.000408382)
(0.0698533 0.000661079 0.000411939)
(0.0769367 0.00100757 0.000667503)
(0.0789598 0.000566427 0.000373307)
(0.0684766 0.000580704 0.00040547)
(0.0756704 0.000916581 0.000659682)
(0.0778602 0.000494047 0.000354828)
(0.0744722 0.000820948 0.000662145)
(0.0768421 0.000425505 0.000349414)
(0.0891458 0.00165268 0.00111612)
(0.0923644 0.00157622 0.00126689)
(0.0941448 0.00164243 0.00120607)
(0.0877947 0.00154553 0.00103595)
(0.0913251 0.00148037 0.00117436)
(0.0931601 0.00150094 0.00109954)
(0.0865451 0.00143228 0.00097727)
(0.0903311 0.00136906 0.00110772)
(0.0922518 0.00136839 0.00102006)
(0.0853798 0.00132029 0.000941801)
(0.0893926 0.0012561 0.00106519)
(0.0914181 0.00124645 0.000967424)
(0.0842794 0.00121125 0.000926597)
(0.0884987 0.00114451 0.00104338)
(0.0906484 0.0011349 0.000938088)
(0.0832267 0.00110046 0.000928025)
(0.0876323 0.00103534 0.00103858)
(0.0899298 0.00102912 0.000927584)
(0.0867772 0.000925099 0.00104952)
(0.0892518 0.000920805 0.000933451)
(0.0948664 0.00135447 0.00133011)
(0.095989 0.000918328 0.00138028)
(0.0985072 0.00139339 0.00151685)
(0.0942271 0.00129494 0.0012609)
(0.0955175 0.000905088 0.0012806)
(0.0981711 0.0013004 0.00142265)
(0.0935922 0.00121237 0.00121779)
(0.0950579 0.000873881 0.00122073)
(0.0978202 0.00119592 0.00134816)
(0.0929622 0.00111584 0.00119323)
(0.0945941 0.000818358 0.00119132)
(0.0974754 0.00108929 0.00129861)
(0.092331 0.00101582 0.00118493)
(0.0941226 0.000754215 0.00118364)
(0.0971359 0.00098601 0.00127042)
(0.0916869 0.000917836 0.0011924)
(0.0936337 0.000692916 0.00119082)
(0.0967932 0.000887389 0.00126118)
(0.09311 0.000637918 0.00121321)
(0.0964387 0.000792501 0.00127259)
(0.0966712 0.000440561 0.00133037)
(0.0968301 3.32077e-06 0.00138882)
(0.0999372 0.000487241 0.00157337)
(0.0963887 0.000434448 0.00123674)
(0.0965289 5.68342e-06 0.00127052)
(0.0998955 0.000464914 0.00148268)
(0.096119 0.000423442 0.00118942)
(0.0962725 9.60567e-06 0.00120039)
(0.0998605 0.000443753 0.00142065)
(0.0958335 0.000405489 0.00117759)
(0.0959951 1.61154e-05 0.00117397)
(0.0998026 0.000418408 0.00138327)
(0.095517 0.000385523 0.00118623)
(0.0956959 2.69125e-05 0.00117359)
(0.0997264 0.000391193 0.00136078)
(0.0951577 0.000370105 0.00120882)
(0.0953712 4.49618e-05 0.00118591)
(0.0996277 0.000367456 0.00135501)
(0.095005 7.4928e-05 0.00120932)
(0.0994912 0.000351263 0.00137118)
(0.0966757 -0.00043199 0.00132898)
(0.0959945 -0.000913449 0.00137926)
(0.0999403 -0.00048161 0.0015723)
(0.0963962 -0.000419924 0.00123418)
(0.0955271 -0.000896625 0.0012785)
(0.0999007 -0.000455271 0.00148082)
(0.096132 -0.00039908 0.00118493)
(0.0950743 -0.000859868 0.00121645)
(0.099869 -0.00042727 0.00141747)
(0.0958559 -0.000364955 0.00116996)
(0.094622 -0.000795487 0.0011835)
(0.099817 -0.000390614 0.00137803)
(0.0955559 -0.000318296 0.00117327)
(0.0941702 -0.000717098 0.00116961)
(0.0997506 -0.000345029 0.00135183)
(0.095225 -0.000258624 0.00118642)
(0.0937148 -0.000631937 0.0011672)
(0.0996695 -0.000292075 0.0013392)
(0.0995636 -0.000228707 0.0013432)
(0.0948766 -0.00135014 0.00132845)
(0.0923717 -0.00157581 0.00126519)
(0.0985139 -0.00139124 0.00151477)
(0.0942447 -0.00128774 0.00125722)
(0.091338 -0.00147965 0.00117134)
(0.0981825 -0.00129671 0.00141915)
(0.0936223 -0.00120101 0.00121043)
(0.0903529 -0.001368 0.00110214)
(0.0978394 -0.00118974 0.00134208)
(0.0930133 -0.00109808 0.00117944)
(0.0894296 -0.00125464 0.00105558)
(0.0975078 -0.00107946 0.00128794)
(0.0924173 -0.000987251 0.00116093)
(0.0885614 -0.0011426 0.00102616)
(0.0971908 -0.000970543 0.00125146)
(0.0877376 -0.00103216 0.00100935)
(0.0968859 -0.000863358 0.00122809)
(0.0891555 -0.00165544 0.00111314)
(0.0830634 -0.00137195 0.000912957)
(0.0941506 -0.00164493 0.00120293)
(0.0878113 -0.00155014 0.00103107)
(0.0813291 -0.00127918 0.000801107)
(0.0931702 -0.00150523 0.0010944)
(0.0865731 -0.00143993 0.000969444)
(0.079754 -0.00119505 0.000725529)
(0.092269 -0.0013757 0.00101151)
(0.085427 -0.00133289 0.00092872)
(0.0783109 -0.00111382 0.000677406)
(0.0914472 -0.00125835 0.000953143)
(0.0843585 -0.00123145 0.000903979)
(0.0769794 -0.00103495 0.0006471)
(0.0906974 -0.00115446 0.000913709)
(0.0757432 -0.000959302 0.000628002)
(0.0900105 -0.00106105 0.000886402)
(0.0765588 -0.000994 0.000624546)
(0.0650524 -0.000470763 0.000386576)
(0.0844817 -0.000984268 0.000690159)
(0.0746547 -0.000908323 0.000517161)
(0.0629686 -0.000418398 0.000306433)
(0.0828821 -0.000847352 0.000547701)
(0.0729298 -0.000836499 0.000450665)
(0.0611361 -0.000378009 0.000252667)
(0.0814512 -0.000748197 0.000453775)
(0.0713488 -0.000768421 0.000408811)
(0.0594961 -0.00034349 0.000215314)
(0.0801575 -0.000668865 0.000388101)
(0.0698914 -0.000704968 0.000381888)
(0.0580156 -0.00031414 0.000187992)
(0.0789757 -0.00060161 0.0003391)
(0.0566691 -0.000292913 0.000166892)
(0.077888 -0.000548699 0.00030295)
(0.055615 -0.000290712 0.000285179)
(0.0650512 -0.000389959 0.000466329)
(0.0536263 -0.000231467 0.000222409)
(0.0629666 -0.000311946 0.000410914)
(0.0518826 -0.000190579 0.000175433)
(0.0611326 -0.000261709 0.000365419)
(0.0503348 -0.00016347 0.000138174)
(0.0594898 -0.000231397 0.000322164)
(0.0489511 -0.000146434 0.000105704)
(0.0580041 -0.000215035 0.00027875)
(0.056649 -0.000207583 0.000235578)
(0.0765588 0.00062453 0.000994024)
(0.0844818 0.000690142 0.00098429)
(0.0830635 0.000912942 0.00137197)
(0.0746548 0.000517138 0.000908351)
(0.0828822 0.000547678 0.000847379)
(0.0813291 0.000801086 0.00127919)
(0.0729299 0.000450631 0.000836531)
(0.0814513 0.000453746 0.000748231)
(0.0797541 0.000725499 0.00119507)
(0.0713489 0.000408762 0.000768458)
(0.0801576 0.000388061 0.000668908)
(0.078311 0.000677363 0.00111384)
(0.0698916 0.000381827 0.000705015)
(0.0789758 0.000339054 0.000601668)
(0.0769796 0.000647038 0.00103496)
(0.0685423 0.000366336 0.000651758)
(0.0778882 0.000302915 0.00054879)
(0.0757433 0.000627918 0.000959308)
(0.0768886 0.000275325 0.000510018)
(0.0745932 0.000616649 0.000886786)
(0.092618 0.000959148 0.000965379)
(0.0959583 0.00140267 0.0013242)
(0.0959602 0.00131985 0.00140677)
(0.0915945 0.000772787 0.000783487)
(0.095146 0.00118823 0.00112322)
(0.0951493 0.00111582 0.0011953)
(0.0906892 0.000636563 0.000655486)
(0.0944223 0.00102591 0.000979683)
(0.0944282 0.00096711 0.00103805)
(0.0898824 0.000531619 0.000563682)
(0.0937824 0.00089843 0.000877563)
(0.0937924 0.000855559 0.000919163)
(0.0891547 0.000448962 0.000499176)
(0.0932119 0.000794313 0.000806532)
(0.0932286 0.000770323 0.000828244)
(0.0884966 0.000380541 0.000455882)
(0.0926995 0.000705101 0.000759942)
(0.0927261 0.000703116 0.000758631)
(0.0922437 0.000619627 0.000731265)
(0.0922849 0.000643788 0.000703279)
(0.0989296 0.0015611 0.0014865)
(0.100661 0.00158299 0.00176779)
(0.100853 0.00176849 0.00176034)
(0.0984579 0.0013739 0.00132637)
(0.100402 0.00139414 0.00159374)
(0.100604 0.00156598 0.00156828)
(0.0980366 0.00121791 0.0012092)
(0.100163 0.00122673 0.00145115)
(0.100374 0.00139669 0.00141717)
(0.0976649 0.00108564 0.00112752)
(0.0999501 0.00108388 0.00134961)
(0.100175 0.00125454 0.00130074)
(0.0973392 0.000969346 0.00107428)
(0.0997634 0.00096122 0.0012822)
(0.100009 0.00113318 0.00121381)
(0.0970564 0.000859548 0.001043)
(0.0995999 0.000851014 0.00124167)
(0.0998765 0.00102558 0.00115103)
(0.0994572 0.000744719 0.00122441)
(0.099777 0.000922669 0.00110788)
(0.102271 0.00138219 0.00188762)
(0.102838 0.00101886 0.00200676)
(0.103283 0.00147948 0.00205132)
(0.102265 0.0012301 0.00173416)
(0.102961 0.000919169 0.00187211)
(0.103487 0.00132747 0.00189302)
(0.102255 0.00109146 0.00160955)
(0.103061 0.000826464 0.00174717)
(0.103661 0.00118475 0.00175047)
(0.102244 0.000971846 0.00152449)
(0.103149 0.000743735 0.00164873)
(0.103818 0.00105997 0.00164083)
(0.102234 0.000866067 0.00147167)
(0.103232 0.000670501 0.00157596)
(0.103964 0.000951863 0.00156063)
(0.102223 0.000767543 0.00144682)
(0.103308 0.000604031 0.00153389)
(0.104104 0.000854048 0.00150666)
(0.103371 0.000542977 0.0015238)
(0.104239 0.000761945 0.00147814)
(0.103552 0.000529454 0.00199262)
(0.103427 2.59398e-06 0.00204578)
(0.104183 0.00055743 0.00210796)
(0.103783 0.00048747 0.00188713)
(0.103679 4.39042e-06 0.0019376)
(0.104618 0.000511077 0.00199628)
(0.103987 0.000447897 0.00178847)
(0.103895 7.61159e-06 0.0018337)
(0.105005 0.000467559 0.00188617)
(0.104174 0.000410257 0.00170204)
(0.10409 1.29922e-05 0.00173839)
(0.105354 0.000426885 0.00178635)
(0.104348 0.000377342 0.00163979)
(0.104275 2.1774e-05 0.00165729)
(0.105678 0.00039044 0.00170397)
(0.104503 0.000351556 0.00161257)
(0.104448 3.52031e-05 0.00160727)
(0.105979 0.000360054 0.00165095)
(0.104602 5.59267e-05 0.00159175)
(0.106256 0.000335882 0.00162959)
(0.103555 -0.000522848 0.00199076)
(0.102842 -0.00101595 0.00200426)
(0.104186 -0.000553776 0.00210636)
(0.103789 -0.00047602 0.00188417)
(0.102968 -0.000914173 0.00186832)
(0.104622 -0.000504853 0.00199383)
(0.103996 -0.0004282 0.00178362)
(0.103072 -0.000817382 0.00174106)
(0.105011 -0.000456806 0.00188215)
(0.104189 -0.000377163 0.00169365)
(0.103167 -0.000727963 0.00163821)
(0.105364 -0.00040866 0.00177955)
(0.104373 -0.000323629 0.00162478)
(0.103263 -0.000644458 0.00155783)
(0.105694 -0.000360361 0.00169198)
(0.104546 -0.00026636 0.00158644)
(0.103361 -0.000564577 0.00150283)
(0.106004 -0.000312317 0.00162988)
(0.106298 -0.000261082 0.00159448)
(0.102278 -0.00138082 0.00188324)
(0.100666 -0.00158404 0.00176394)
(0.103288 -0.00147953 0.00204746)
(0.102277 -0.0012276 0.00172733)
(0.100411 -0.00139601 0.00158751)
(0.103494 -0.00132757 0.00188706)
(0.102275 -0.00108691 0.00159799)
(0.100177 -0.00122999 0.00144097)
(0.103673 -0.00118442 0.00174081)
(0.102278 -0.000964346 0.00150461)
(0.0999733 -0.00108944 0.00133234)
(0.103837 -0.00105903 0.00162428)
(0.102291 -0.00085544 0.00143805)
(0.0998027 -0.000970931 0.00125338)
(0.103996 -0.000950179 0.00153297)
(0.0996645 -0.000868412 0.00119385)
(0.104156 -0.000853109 0.00146123)
(0.0989352 -0.0015652 0.00148085)
(0.0959602 -0.00140675 0.00131988)
(0.100855 -0.00177211 0.0017559)
(0.0984677 -0.00138101 0.00131689)
(0.0951493 -0.00119528 0.00111585)
(0.100608 -0.00157202 0.00156077)
(0.0980533 -0.00122973 0.00119335)
(0.0944281 -0.00103803 0.000967155)
(0.100381 -0.00140685 0.00140475)
(0.0976932 -0.00110515 0.00110121)
(0.0937923 -0.000919131 0.000855619)
(0.100186 -0.00127104 0.00128032)
(0.0973852 -0.00100204 0.00103111)
(0.0932285 -0.000828201 0.000770395)
(0.100028 -0.00116024 0.00118064)
(0.092726 -0.000758564 0.000703197)
(0.0999066 -0.00106995 0.00109735)
(0.092618 -0.000965358 0.000959181)
(0.0844802 -0.000693931 0.000980156)
(0.0959583 -0.00132418 0.0014027)
(0.0915944 -0.000783459 0.000772829)
(0.0828793 -0.000554093 0.000840294)
(0.0951459 -0.0011232 0.00118827)
(0.0906892 -0.000655448 0.000636617)
(0.0814464 -0.000464749 0.000736058)
(0.0944223 -0.000979652 0.00102596)
(0.0898823 -0.000563627 0.000531682)
(0.0801487 -0.000408347 0.000647541)
(0.0937824 -0.000877521 0.000898488)
(0.0891546 -0.000499084 0.000449015)
(0.0789597 -0.000373259 0.000566508)
(0.0932118 -0.000806469 0.000794377)
(0.0778601 -0.000354752 0.00049412)
(0.0926994 -0.000759838 0.000705153)
(0.076555 -0.000628063 0.000988593)
(0.0830586 -0.000915327 0.00136859)
(0.0746479 -0.000523059 0.000899021)
(0.0813206 -0.000805039 0.00127353)
(0.0729178 -0.000461503 0.000820498)
(0.0797397 -0.000732112 0.00118547)
(0.0713274 -0.000428304 0.000741506)
(0.0782862 -0.000689134 0.00109728)
(0.0698532 -0.000411905 0.000661176)
(0.0769366 -0.000667468 0.00100766)
(0.0756704 -0.00065964 0.000916688)
(0.0891556 0.00111312 0.00165545)
(0.0941507 0.00120292 0.00164495)
(0.0923718 0.00126517 0.00157582)
(0.0878114 0.00103104 0.00155015)
(0.0931703 0.00109437 0.00150524)
(0.0913381 0.00117132 0.00147965)
(0.0865732 0.000969408 0.00143995)
(0.0922691 0.00101148 0.00137572)
(0.090353 0.00110211 0.00136801)
(0.0854272 0.00092867 0.0013329)
(0.0914473 0.000953104 0.00125837)
(0.0894297 0.00105554 0.00125464)
(0.0843587 0.000903904 0.00123145)
(0.0906976 0.000913653 0.00115448)
(0.0885616 0.00102611 0.0011426)
(0.0833585 0.000889192 0.0011319)
(0.0900107 0.000886312 0.00106106)
(0.0877378 0.00100927 0.00103216)
(0.0893829 0.000864991 0.000972531)
(0.0869536 0.00100037 0.00091927)
(0.0989353 0.00148082 0.00156521)
(0.100855 0.00175587 0.00177212)
(0.100666 0.00176392 0.00158405)
(0.0984678 0.00131685 0.00138103)
(0.100608 0.00156073 0.00157204)
(0.100411 0.00158748 0.00139602)
(0.0980534 0.0011933 0.00122975)
(0.100381 0.0014047 0.00140687)
(0.100177 0.00144093 0.00123)
(0.0976932 0.00110115 0.00110517)
(0.100186 0.00128027 0.00127107)
(0.0999734 0.00133228 0.00108945)
(0.0973854 0.00103101 0.00100206)
(0.100028 0.00118057 0.00116028)
(0.0998028 0.00125331 0.000970948)
(0.0971289 0.000972871 0.000914612)
(0.0999067 0.00109724 0.00106999)
(0.0996646 0.00119373 0.000868424)
(0.0998237 0.00102165 0.000995347)
(0.0995589 0.00114573 0.000774329)
(0.102726 0.00176792 0.0017737)
(0.103524 0.00169594 0.00196194)
(0.103525 0.00195766 0.00169892)
(0.102747 0.00158435 0.0015938)
(0.103743 0.001517 0.00178943)
(0.103746 0.00178262 0.00152184)
(0.102766 0.00142963 0.00144501)
(0.103933 0.00136132 0.00163856)
(0.103937 0.00162765 0.00136906)
(0.102795 0.001299 0.00132385)
(0.104109 0.00122697 0.00151217)
(0.104114 0.00149445 0.00123942)
(0.102842 0.00118693 0.00122683)
(0.104282 0.00111117 0.00140957)
(0.104291 0.00138095 0.00113115)
(0.102912 0.0010869 0.00115055)
(0.104459 0.00100905 0.00132982)
(0.104473 0.00128352 0.00104124)
(0.104644 0.000914612 0.00127129)
(0.104666 0.00119703 0.000965932)
(0.104604 0.00141726 0.0019828)
(0.104692 0.00103725 0.00206855)
(0.104794 0.00150839 0.00181052)
(0.105005 0.00127576 0.00184164)
(0.105222 0.000936662 0.0019464)
(0.105361 0.00138392 0.00168427)
(0.105362 0.00114746 0.00171468)
(0.105694 0.000842642 0.00182525)
(0.105873 0.00126232 0.00155962)
(0.105692 0.00103437 0.00160806)
(0.106124 0.000760255 0.00171624)
(0.106342 0.00115088 0.00144847)
(0.106004 0.000934317 0.00152383)
(0.106521 0.000689156 0.00162494)
(0.10678 0.00105172 0.00135475)
(0.106305 0.000843064 0.00146296)
(0.106895 0.000626346 0.00155562)
(0.107195 0.000963144 0.00127993)
(0.107255 0.000568915 0.0015103)
(0.107594 0.000882437 0.00122428)
(0.105324 0.000536249 0.00203262)
(0.105007 1.28331e-06 0.00208051)
(0.105254 0.000559304 0.0018104)
(0.105928 0.000488702 0.00193136)
(0.105643 2.13227e-06 0.00198263)
(0.105994 0.000518179 0.00173022)
(0.106474 0.000444216 0.00182869)
(0.106216 3.58531e-06 0.00187676)
(0.106676 0.000476137 0.00163845)
(0.106973 0.00040476 0.00173521)
(0.106737 5.92286e-06 0.0017751)
(0.107304 0.00043677 0.00154632)
(0.107436 0.000370698 0.00165887)
(0.107218 9.50861e-06 0.00168598)
(0.107887 0.000401683 0.00146263)
(0.107871 0.00034158 0.00160515)
(0.107668 1.4747e-05 0.00161598)
(0.108432 0.000371124 0.0013941)
(0.108096 2.27152e-05 0.00156818)
(0.10895 0.000344608 0.00134486)
(0.105326 -0.000533125 0.00203052)
(0.104695 -0.00103676 0.00206564)
(0.105255 -0.000558189 0.00180893)
(0.105932 -0.000483437 0.00192802)
(0.105225 -0.000935782 0.00194189)
(0.105996 -0.000516215 0.00172794)
(0.10648 -0.000435401 0.00182317)
(0.105701 -0.000840888 0.00181811)
(0.106679 -0.00047271 0.00163482)
(0.106983 -0.000390363 0.00172588)
(0.106133 -0.000756988 0.00170452)
(0.107309 -0.000431009 0.00154042)
(0.10745 -0.000347958 0.00164309)
(0.106536 -0.000683624 0.00160566)
(0.107895 -0.000392438 0.00145297)
(0.107893 -0.00030645 0.00157901)
(0.106919 -0.00061803 0.00152376)
(0.108444 -0.000356974 0.00137837)
(0.108966 -0.000323285 0.00131955)
(0.104607 -0.00141895 0.00197753)
(0.103525 -0.00169891 0.0019577)
(0.104796 -0.00151021 0.00180717)
(0.105011 -0.00127834 0.00183342)
(0.103746 -0.00152183 0.00178266)
(0.105363 -0.00138678 0.00167908)
(0.105372 -0.00115128 0.00170148)
(0.103937 -0.00136905 0.0016277)
(0.105877 -0.00126668 0.00155151)
(0.105707 -0.00104019 0.00158662)
(0.104114 -0.00123941 0.00149452)
(0.106348 -0.00115762 0.00143543)
(0.106028 -0.000943755 0.00148886)
(0.104291 -0.00113112 0.00138103)
(0.106789 -0.00106229 0.00133381)
(0.104473 -0.00104121 0.00128363)
(0.10721 -0.000980184 0.00124602)
(0.102726 -0.00177369 0.00176796)
(0.100853 -0.00176033 0.00176852)
(0.103524 -0.00196193 0.00169597)
(0.102747 -0.00159378 0.0015844)
(0.100604 -0.00156826 0.00156603)
(0.103743 -0.00178942 0.00151705)
(0.102766 -0.00144498 0.00142969)
(0.100374 -0.00141715 0.00139675)
(0.103933 -0.00163855 0.00136138)
(0.102795 -0.00132382 0.00129907)
(0.100175 -0.0013007 0.00125461)
(0.104109 -0.00151215 0.00122704)
(0.102842 -0.00122679 0.00118702)
(0.100009 -0.00121376 0.00113326)
(0.104281 -0.00140954 0.00111125)
(0.0998764 -0.00115097 0.00102568)
(0.104459 -0.00132978 0.00100915)
(0.0989296 -0.00148648 0.00156114)
(0.0941448 -0.00120605 0.00164247)
(0.100661 -0.00176777 0.00158303)
(0.0984579 -0.00132635 0.00137395)
(0.0931601 -0.00109952 0.00150099)
(0.100402 -0.00159372 0.00139419)
(0.0980365 -0.00120917 0.00121797)
(0.0922517 -0.00102003 0.00136845)
(0.100163 -0.00145112 0.00122679)
(0.0976648 -0.00112747 0.00108572)
(0.0914181 -0.000967391 0.00124653)
(0.09995 -0.00134957 0.00108395)
(0.0973391 -0.00107421 0.000969427)
(0.0906483 -0.000938045 0.00113499)
(0.0997634 -0.00128215 0.000961298)
(0.0899297 -0.000927526 0.00102923)
(0.0995999 -0.00124159 0.000851093)
(0.0891458 -0.0011161 0.00165273)
(0.0923643 -0.00126687 0.00157627)
(0.0877947 -0.00103592 0.00154559)
(0.0913251 -0.00117434 0.00148043)
(0.086545 -0.000977243 0.00143236)
(0.090331 -0.0011077 0.00136913)
(0.0853797 -0.00094177 0.00132038)
(0.0893925 -0.00106517 0.00125619)
(0.0842793 -0.00092656 0.00121137)
(0.0884987 -0.00104335 0.00114461)
(0.0876322 -0.00103853 0.00103545)
(0.0948767 0.00132843 0.00135014)
(0.0985139 0.00151475 0.00139124)
(0.0959945 0.00137925 0.000913446)
(0.0942447 0.0012572 0.00128774)
(0.0981826 0.00141913 0.00129671)
(0.0955271 0.00127848 0.000896621)
(0.0936224 0.00121041 0.00120101)
(0.0978395 0.00134205 0.00118974)
(0.0950744 0.00121643 0.000859862)
(0.0930134 0.0011794 0.00109808)
(0.0975079 0.00128791 0.00107947)
(0.0946221 0.00118347 0.000795479)
(0.0924175 0.00116088 0.000987245)
(0.0971909 0.00125141 0.000970544)
(0.0941703 0.00116957 0.000717086)
(0.0918324 0.0011522 0.000870702)
(0.0968861 0.00122802 0.000863352)
(0.0937149 0.00116715 0.000631922)
(0.0965922 0.00121502 0.00075349)
(0.0932483 0.00117318 0.000537012)
(0.102278 0.00188322 0.00138082)
(0.103288 0.00204743 0.00147953)
(0.102842 0.00200423 0.00101595)
(0.102277 0.00172729 0.0012276)
(0.103494 0.00188702 0.00132758)
(0.102968 0.00186829 0.000914172)
(0.102275 0.00159795 0.00108692)
(0.103673 0.00174077 0.00118442)
(0.103072 0.00174102 0.000817381)
(0.102279 0.00150455 0.000964352)
(0.103837 0.00162422 0.00105904)
(0.103167 0.00163816 0.000727962)
(0.102291 0.00143795 0.000855439)
(0.103996 0.00153289 0.000950188)
(0.103263 0.00155776 0.000644454)
(0.102316 0.00139026 0.00075286)
(0.104156 0.00146111 0.000853113)
(0.103361 0.00150273 0.000564564)
(0.104321 0.00140402 0.00076172)
(0.103458 0.00147141 0.00048234)
(0.104607 0.00197749 0.00141896)
(0.104796 0.00180713 0.00151021)
(0.104695 0.0020656 0.00103676)
(0.105011 0.00183337 0.00127834)
(0.105363 0.00167903 0.00138678)
(0.105225 0.00194185 0.000935783)
(0.105372 0.00170142 0.00115129)
(0.105877 0.00155145 0.00126668)
(0.105701 0.00181805 0.000840889)
(0.105707 0.00158655 0.0010402)
(0.106348 0.00143536 0.00115763)
(0.106133 0.00170445 0.000756992)
(0.106028 0.00148876 0.00094377)
(0.106789 0.00133372 0.0010623)
(0.106536 0.00160558 0.00068363)
(0.106342 0.00140597 0.000858666)
(0.10721 0.00124591 0.000980196)
(0.106919 0.00152366 0.000618037)
(0.107617 0.00116977 0.000909591)
(0.107291 0.00145841 0.000556765)
(0.105582 0.00147534 0.00147838)
(0.105368 0.00104828 0.0015188)
(0.105368 0.00151698 0.00104958)
(0.106267 0.00137242 0.00137715)
(0.10615 0.000980775 0.00143768)
(0.10615 0.00143487 0.000982697)
(0.106897 0.00126893 0.00127635)
(0.106875 0.000908777 0.00134811)
(0.106876 0.00134374 0.000911639)
(0.107481 0.00117229 0.001184)
(0.107547 0.000839565 0.00125992)
(0.107549 0.00125304 0.000843958)
(0.108028 0.00108527 0.00110379)
(0.108175 0.00077656 0.00117924)
(0.108176 0.00116839 0.0007835)
(0.108548 0.00100786 0.00103697)
(0.108765 0.000720522 0.00110962)
(0.108767 0.00109254 0.000731717)
(0.109326 0.000670744 0.00105315)
(0.109329 0.00102641 0.000688719)
(0.105942 0.000540997 0.00147811)
(0.105516 -2.4711e-08 0.00150899)
(0.105595 0.000551887 0.00103371)
(0.106766 0.000505724 0.00140912)
(0.106367 4.389e-08 0.00144571)
(0.106495 0.000523871 0.0009905)
(0.107535 0.000469105 0.00133251)
(0.107164 1.63327e-07 0.00137017)
(0.107344 0.000491697 0.000939165)
(0.108252 0.000434367 0.00125621)
(0.107907 3.04952e-07 0.00129115)
(0.108141 0.000459154 0.000885844)
(0.108923 0.000402993 0.00118627)
(0.1086 4.02838e-07 0.00121545)
(0.108888 0.000428531 0.000835118)
(0.109556 0.00037519 0.0011271)
(0.109251 3.37395e-07 0.00114794)
(0.109591 0.000400922 0.000790245)
(0.109867 9.82024e-08 0.00109192)
(0.110256 0.000376583 0.000753525)
(0.105943 -0.000541131 0.00147659)
(0.105368 -0.00104958 0.00151702)
(0.105595 -0.000552243 0.00103285)
(0.106767 -0.000505742 0.00140676)
(0.10615 -0.000982699 0.00143492)
(0.106495 -0.0005243 0.000989214)
(0.107537 -0.000468969 0.0013288)
(0.106876 -0.000911641 0.00134381)
(0.107345 -0.000492219 0.000937207)
(0.108255 -0.000434142 0.00125038)
(0.107548 -0.00084396 0.00125312)
(0.108142 -0.00045986 0.000882822)
(0.108927 -0.000402947 0.00117712)
(0.108176 -0.0007835 0.00116849)
(0.10889 -0.000429647 0.000830412)
(0.109562 -0.000375805 0.00111276)
(0.108767 -0.000731718 0.00109266)
(0.109593 -0.000402897 0.000782882)
(0.110259 -0.000380062 0.00074202)
(0.105582 -0.00147838 0.00147539)
(0.104794 -0.00181052 0.00150843)
(0.105368 -0.0015188 0.00104832)
(0.106267 -0.00137715 0.00137248)
(0.105361 -0.00168426 0.00138398)
(0.10615 -0.00143768 0.000980832)
(0.106897 -0.00127635 0.00126901)
(0.105873 -0.00155961 0.00126239)
(0.106875 -0.00134811 0.000908846)
(0.107481 -0.001184 0.00117238)
(0.106342 -0.00144846 0.00115096)
(0.107547 -0.00125992 0.000839648)
(0.108028 -0.00110378 0.00108537)
(0.10678 -0.00135473 0.00105181)
(0.108175 -0.00117924 0.000776657)
(0.107194 -0.00127991 0.000963248)
(0.108765 -0.00110963 0.000720636)
(0.104604 -0.00198279 0.00141731)
(0.103283 -0.00205131 0.00147952)
(0.104692 -0.00206855 0.00103729)
(0.105005 -0.00184163 0.00127582)
(0.103487 -0.001893 0.00132753)
(0.105222 -0.0019464 0.000936716)
(0.105362 -0.00171467 0.00114753)
(0.103661 -0.00175045 0.00118482)
(0.105694 -0.00182524 0.000842708)
(0.105692 -0.00160803 0.00103445)
(0.103818 -0.0016408 0.00106005)
(0.106124 -0.00171622 0.000760333)
(0.106004 -0.0015238 0.00093441)
(0.103964 -0.0015606 0.000951953)
(0.106521 -0.00162492 0.000689246)
(0.104104 -0.00150661 0.000854146)
(0.106895 -0.0015556 0.000626449)
(0.102271 -0.0018876 0.00138224)
(0.0985072 -0.00151684 0.00139344)
(0.102838 -0.00200675 0.00101891)
(0.102265 -0.00173414 0.00123016)
(0.0981711 -0.00142263 0.00130046)
(0.102961 -0.00187209 0.000919223)
(0.102255 -0.00160953 0.00109153)
(0.0978202 -0.00134814 0.00119599)
(0.103061 -0.00174715 0.000826531)
(0.102244 -0.00152446 0.000971933)
(0.0974754 -0.00129858 0.00108938)
(0.103149 -0.00164871 0.000743817)
(0.102234 -0.00147162 0.000866162)
(0.0971358 -0.00127038 0.000986113)
(0.103232 -0.00157593 0.000670597)
(0.0967932 -0.00126112 0.0008875)
(0.103308 -0.00153383 0.000604136)
(0.0948664 -0.0013301 0.00135453)
(0.095989 -0.00138027 0.000918377)
(0.0942271 -0.00126088 0.00129501)
(0.0955175 -0.00128059 0.000905147)
(0.0935922 -0.00121777 0.00121245)
(0.0950579 -0.00122072 0.000873954)
(0.0929622 -0.0011932 0.00111594)
(0.094594 -0.0011913 0.000818446)
(0.0923309 -0.0011849 0.00101594)
(0.0941226 -0.00118362 0.00075432)
(0.0936337 -0.00119078 0.000693034)
(0.0966757 0.00132896 0.000431982)
(0.0999403 0.00157228 0.000481604)
(0.0968301 0.00138881 -3.33095e-06)
(0.0963963 0.00123416 0.000419913)
(0.0999007 0.0014808 0.000455264)
(0.096529 0.00127051 -5.69653e-06)
(0.0961321 0.00118491 0.000399067)
(0.099869 0.00141744 0.00042726)
(0.0962726 0.00120037 -9.62271e-06)
(0.095856 0.00116994 0.000364937)
(0.099817 0.001378 0.000390602)
(0.0959952 0.00117395 -1.61378e-05)
(0.095556 0.00117324 0.000318274)
(0.0997508 0.00135179 0.000345013)
(0.095696 0.00117357 -2.69416e-05)
(0.0952252 0.00118638 0.000258591)
(0.0996696 0.00133915 0.000292054)
(0.0953714 0.00118589 -4.50006e-05)
(0.0995638 0.00134313 0.000228676)
(0.0950051 0.00120929 -7.49828e-05)
(0.103555 0.00199073 0.000522844)
(0.104186 0.00210633 0.000553773)
(0.103427 0.00204576 -2.60106e-06)
(0.103789 0.00188414 0.000476014)
(0.104622 0.00199379 0.000504849)
(0.103679 0.00193757 -4.39923e-06)
(0.103996 0.00178357 0.000428192)
(0.105011 0.0018821 0.0004568)
(0.103895 0.00183366 -7.62316e-06)
(0.104189 0.00169359 0.000377152)
(0.105364 0.00177949 0.000408653)
(0.10409 0.00173835 -1.30075e-05)
(0.104374 0.00162471 0.000323615)
(0.105694 0.00169191 0.000360353)
(0.104275 0.00165724 -2.1794e-05)
(0.104547 0.00158636 0.000266341)
(0.106004 0.00162979 0.000312308)
(0.104448 0.0016072 -3.52294e-05)
(0.106298 0.00159437 0.000261073)
(0.104602 0.00159166 -5.59573e-05)
(0.105326 0.00203048 0.000533122)
(0.105255 0.00180889 0.000558185)
(0.105007 0.00208047 -1.28894e-06)
(0.105932 0.00192797 0.000483433)
(0.105996 0.00172789 0.00051621)
(0.105643 0.00198258 -2.13916e-06)
(0.10648 0.00182311 0.000435397)
(0.106679 0.00163476 0.000472704)
(0.106216 0.0018767 -3.59373e-06)
(0.106983 0.0017258 0.000390359)
(0.107309 0.00154034 0.000431003)
(0.106738 0.00177503 -5.93288e-06)
(0.10745 0.001643 0.000347955)
(0.107895 0.00145288 0.000392432)
(0.107218 0.0016859 -9.51962e-06)
(0.107893 0.0015789 0.000306451)
(0.108444 0.00137826 0.000356968)
(0.107668 0.00161588 -1.47579e-05)
(0.108966 0.00131942 0.000323282)
(0.108096 0.00156806 -2.27232e-05)
(0.105943 0.00147654 0.000541126)
(0.105595 0.0010328 0.000552237)
(0.105516 0.00150894 1.83803e-08)
(0.106767 0.0014067 0.000505736)
(0.106495 0.000989154 0.000524293)
(0.106367 0.00144565 -5.16384e-08)
(0.107537 0.00132873 0.000468961)
(0.107345 0.000937133 0.00049221)
(0.107164 0.0013701 -1.73012e-07)
(0.108255 0.00125029 0.000434134)
(0.108143 0.000882733 0.000459849)
(0.107907 0.00129106 -3.16604e-07)
(0.108927 0.00117701 0.000402939)
(0.10889 0.000830306 0.000429633)
(0.1086 0.00121535 -4.16362e-07)
(0.109562 0.00111263 0.000375795)
(0.109593 0.000782757 0.000402881)
(0.109251 0.00114782 -3.52891e-07)
(0.110259 0.000741871 0.000380041)
(0.109867 0.00109177 -1.14946e-07)
(0.106153 0.000534697 0.000535346)
(0.105677 -2.5009e-07 0.000546154)
(0.105677 0.000546101 2.41761e-07)
(0.107079 0.000509923 0.000510857)
(0.106627 -3.55212e-07 0.000523947)
(0.106627 0.000523882 3.44908e-07)
(0.107957 0.000481936 0.000483306)
(0.10753 -5.12923e-07 0.000496904)
(0.10753 0.000496824 4.99956e-07)
(0.108785 0.000453585 0.000455644)
(0.108383 -7.59886e-07 0.000468425)
(0.108383 0.000468328 7.43467e-07)
(0.109564 0.00042678 0.000429934)
(0.109186 -1.15435e-06 0.000440908)
(0.109186 0.000440792 1.13362e-06)
(0.1103 0.000402677 0.000407541)
(0.109942 -1.78091e-06 0.00041593)
(0.109942 0.000415791 1.75457e-06)
(0.110658 -2.73989e-06 0.000394436)
(0.110658 0.000394268 2.70545e-06)
(0.106153 -0.000535355 0.000534755)
(0.105595 -0.00103372 0.000551937)
(0.105677 -0.000546164 -1.97632e-07)
(0.107079 -0.000510868 0.000509994)
(0.106495 -0.000990507 0.000523933)
(0.106627 -0.000523959 -2.90878e-07)
(0.107957 -0.00048332 0.000482022)
(0.107344 -0.000939173 0.000491772)
(0.10753 -0.000496918 -4.34604e-07)
(0.108785 -0.000455661 0.000453689)
(0.108141 -0.000885855 0.000459244)
(0.108383 -0.000468443 -6.65046e-07)
(0.109564 -0.000429956 0.000426904)
(0.108888 -0.000835132 0.000428639)
(0.109186 -0.000440932 -1.03992e-06)
(0.1103 -0.00040757 0.000402825)
(0.10959 -0.000790263 0.00040105)
(0.109942 -0.00041596 -1.64296e-06)
(0.110658 -0.000394477 -2.57235e-06)
(0.105942 -0.00147812 0.000541052)
(0.105254 -0.0018104 0.000559351)
(0.105516 -0.001509 2.39435e-08)
(0.106766 -0.00140912 0.00050579)
(0.105994 -0.00173022 0.000518238)
(0.106367 -0.00144572 1.04939e-07)
(0.107535 -0.00133252 0.000469184)
(0.106676 -0.00163845 0.000476208)
(0.107164 -0.00137018 2.37943e-07)
(0.108252 -0.00125622 0.000434462)
(0.107304 -0.00154633 0.000436856)
(0.107907 -0.00129116 3.94439e-07)
(0.108923 -0.00118629 0.000403104)
(0.107887 -0.00146264 0.000401784)
(0.1086 -0.00121547 5.1064e-07)
(0.108432 -0.0013941 0.000371241)
(0.109251 -0.00114796 4.71349e-07)
(0.105324 -0.00203262 0.000536301)
(0.104183 -0.00210796 0.000557477)
(0.105007 -0.00208051 1.32903e-06)
(0.105928 -0.00193136 0.000488766)
(0.104618 -0.00199627 0.000511134)
(0.105643 -0.00198263 2.18863e-06)
(0.106474 -0.00182869 0.000444293)
(0.105005 -0.00188616 0.000467629)
(0.106216 -0.00187676 3.654e-06)
(0.106973 -0.0017352 0.000404851)
(0.105354 -0.00178633 0.00042697)
(0.106737 -0.0017751 6.00579e-06)
(0.107435 -0.00165885 0.000370804)
(0.105678 -0.00170395 0.000390541)
(0.107218 -0.00168598 9.60741e-06)
(0.105979 -0.00165091 0.00036017)
(0.107667 -0.00161597 1.48646e-05)
(0.103552 -0.00199261 0.000529507)
(0.0999372 -0.00157336 0.000487289)
(0.103427 -0.00204578 2.64023e-06)
(0.103783 -0.00188711 0.000487534)
(0.0998955 -0.00148267 0.000464972)
(0.103679 -0.0019376 4.44735e-06)
(0.103987 -0.00178846 0.000447975)
(0.0998605 -0.00142063 0.000443825)
(0.103895 -0.00183369 7.68091e-06)
(0.104174 -0.00170202 0.000410352)
(0.0998026 -0.00138326 0.000418495)
(0.10409 -0.00173838 1.30759e-05)
(0.104348 -0.00163975 0.000377453)
(0.0997264 -0.00136075 0.000391296)
(0.104275 -0.00165728 2.1873e-05)
(0.0996278 -0.00135497 0.000367575)
(0.104448 -0.00160724 3.53189e-05)
(0.0966712 -0.00133036 0.000440616)
(0.0968301 -0.00138882 3.36964e-06)
(0.0963887 -0.00123673 0.000434514)
(0.0965289 -0.00127052 5.74281e-06)
(0.096119 -0.00118941 0.000423523)
(0.0962725 -0.00120038 9.67687e-06)
(0.0958335 -0.00117758 0.000405585)
(0.0959951 -0.00117395 1.61999e-05)
(0.0955171 -0.0011862 0.000385635)
(0.0956959 -0.00117357 2.70115e-05)
(0.0953713 -0.00118588 4.50756e-05)
(0.0966713 0.00133035 -0.000440576)
(0.0999372 0.00157335 -0.000487253)
(0.0959891 0.00138027 -0.000918344)
(0.0963887 0.00123672 -0.000434467)
(0.0998956 0.00148266 -0.000464928)
(0.0955176 0.00128058 -0.000905106)
(0.0961191 0.0011894 -0.000423468)
(0.0998605 0.00142062 -0.000443772)
(0.095058 0.00122071 -0.000873905)
(0.0958336 0.00117757 -0.000405523)
(0.0998027 0.00138325 -0.000418433)
(0.0945941 0.00119129 -0.000818389)
(0.0955172 0.00118621 -0.000385568)
(0.0997265 0.00136075 -0.000391226)
(0.0941227 0.00118362 -0.000754255)
(0.0951579 0.00120879 -0.000370166)
(0.0996279 0.00135498 -0.0003675)
(0.0936338 0.00119079 -0.00069297)
(0.0994914 0.00137114 -0.00035132)
(0.0931101 0.00121318 -0.00063799)
(0.103552 0.00199259 -0.000529465)
(0.104183 0.00210793 -0.000557439)
(0.102838 0.00200673 -0.00101887)
(0.103783 0.00188709 -0.000487483)
(0.104618 0.00199624 -0.000511088)
(0.102961 0.00187207 -0.000919183)
(0.103987 0.00178843 -0.000447915)
(0.105005 0.00188612 -0.000467573)
(0.103061 0.00174713 -0.000826482)
(0.104174 0.00170199 -0.000410281)
(0.105354 0.00178629 -0.000426903)
(0.103149 0.00164868 -0.000743759)
(0.104348 0.00163973 -0.000377373)
(0.105678 0.0017039 -0.000390463)
(0.103232 0.00157591 -0.000670531)
(0.104503 0.0016125 -0.000351594)
(0.105979 0.00165087 -0.000360082)
(0.103308 0.00153383 -0.000604069)
(0.106256 0.00162949 -0.000335914)
(0.103371 0.00152373 -0.000543026)
(0.105324 0.00203257 -0.000536258)
(0.105254 0.00181035 -0.000559312)
(0.104693 0.00206851 -0.00103726)
(0.105928 0.00193131 -0.000488713)
(0.105994 0.00173016 -0.000518189)
(0.105222 0.00194635 -0.000936673)
(0.106474 0.00182863 -0.00044423)
(0.106676 0.00163839 -0.000476149)
(0.105694 0.00182519 -0.000842657)
(0.106973 0.00173513 -0.000404776)
(0.107304 0.00154625 -0.000436786)
(0.106124 0.00171617 -0.000760273)
(0.107436 0.00165878 -0.000370717)
(0.107887 0.00146254 -0.000401701)
(0.106521 0.00162485 -0.000689178)
(0.107871 0.00160504 -0.0003416)
(0.108432 0.00139399 -0.000371144)
(0.106895 0.00155553 -0.000626372)
(0.10895 0.00134473 -0.00034463)
(0.107255 0.00151018 -0.000568945)
(0.105942 0.00147806 -0.000541006)
(0.105595 0.00103366 -0.000551895)
(0.105368 0.00151875 -0.00104828)
(0.106766 0.00140905 -0.000505735)
(0.106495 0.000990436 -0.000523881)
(0.10615 0.00143762 -0.000980785)
(0.107535 0.00133243 -0.000469118)
(0.107344 0.000939088 -0.00049171)
(0.106875 0.00134804 -0.00090879)
(0.108252 0.00125612 -0.000434384)
(0.108141 0.000885751 -0.00045917)
(0.107547 0.00125983 -0.000839581)
(0.108923 0.00118616 -0.000403012)
(0.108888 0.000835006 -0.000428551)
(0.108175 0.00117914 -0.000776579)
(0.109556 0.00112696 -0.000375212)
(0.109591 0.00079011 -0.000400946)
(0.108765 0.0011095 -0.000720544)
(0.110256 0.000753361 -0.000376611)
(0.109326 0.001053 -0.000670769)
(0.106153 0.000535286 -0.000534706)
(0.105677 1.86868e-07 -0.00054611)
(0.105595 0.000552183 -0.00103281)
(0.107079 0.000510783 -0.000509935)
(0.106627 2.77785e-07 -0.000523893)
(0.106495 0.000524226 -0.000989163)
(0.107957 0.000483217 -0.000481951)
(0.10753 4.18393e-07 -0.000496838)
(0.107345 0.000492129 -0.000937145)
(0.108785 0.000455536 -0.000453605)
(0.108383 6.44753e-07 -0.000468346)
(0.108143 0.000459751 -0.000882748)
(0.109564 0.000429803 -0.000426805)
(0.109186 1.01435e-06 -0.000440814)
(0.10889 0.000429514 -0.000830325)
(0.1103 0.000407381 -0.000402708)
(0.109942 1.61022e-06 -0.000415818)
(0.109593 0.000402736 -0.00078278)
(0.110658 2.52924e-06 -0.000394303)
(0.110259 0.000379863 -0.000741899)
(0.106153 -0.000534768 -0.000535296)
(0.105595 -0.00103287 -0.000552193)
(0.105595 -0.000551951 -0.00103367)
(0.107079 -0.00051001 -0.000510796)
(0.106495 -0.000989228 -0.000524238)
(0.106495 -0.000523949 -0.000990445)
(0.107957 -0.000482042 -0.000483233)
(0.107345 -0.000937224 -0.000492143)
(0.107344 -0.000491792 -0.000939098)
(0.108785 -0.000453714 -0.000455555)
(0.108142 -0.000882843 -0.000459768)
(0.108141 -0.000459269 -0.000885764)
(0.109564 -0.000426937 -0.000429828)
(0.10889 -0.000830439 -0.000429536)
(0.108888 -0.00042867 -0.000835022)
(0.1103 -0.000402868 -0.000407414)
(0.109593 -0.000782918 -0.000402762)
(0.109591 -0.00040109 -0.000790129)
(0.110256 -0.000376789 -0.000753387)
(0.105943 -0.0014766 -0.000541077)
(0.105255 -0.00180894 -0.000558142)
(0.105368 -0.00151704 -0.00104954)
(0.106767 -0.00140677 -0.000505676)
(0.105996 -0.00172795 -0.000516157)
(0.10615 -0.00143494 -0.000982642)
(0.107537 -0.00132882 -0.000468888)
(0.106679 -0.00163483 -0.00047264)
(0.106876 -0.00134383 -0.000911572)
(0.108255 -0.0012504 -0.000434044)
(0.107309 -0.00154043 -0.000430924)
(0.107549 -0.00125315 -0.000843875)
(0.108927 -0.00117715 -0.000402829)
(0.107895 -0.00145298 -0.000392335)
(0.108176 -0.00116852 -0.000783397)
(0.108444 -0.00137839 -0.000356849)
(0.108767 -0.0010927 -0.000731591)
(0.105326 -0.00203053 -0.000533075)
(0.104186 -0.00210636 -0.000553731)
(0.104695 -0.00206565 -0.00103672)
(0.105932 -0.00192803 -0.000483376)
(0.104622 -0.00199383 -0.000504798)
(0.105225 -0.0019419 -0.00093573)
(0.10648 -0.00182318 -0.000435327)
(0.105011 -0.00188215 -0.000456739)
(0.105701 -0.00181812 -0.000840824)
(0.106983 -0.00172588 -0.000390273)
(0.105364 -0.00177954 -0.00040858)
(0.106133 -0.00170453 -0.000756911)
(0.10745 -0.00164309 -0.000347849)
(0.105694 -0.00169198 -0.000360265)
(0.106536 -0.00160568 -0.00068353)
(0.106004 -0.00162987 -0.000312202)
(0.106919 -0.00152378 -0.000617913)
(0.103555 -0.00199076 -0.000522798)
(0.0999403 -0.0015723 -0.000481563)
(0.102842 -0.00200427 -0.00101591)
(0.103789 -0.00188417 -0.000475959)
(0.0999007 -0.00148082 -0.000455215)
(0.102968 -0.00186833 -0.00091412)
(0.103996 -0.00178361 -0.000428127)
(0.099869 -0.00141746 -0.000427203)
(0.103072 -0.00174107 -0.000817319)
(0.104189 -0.00169364 -0.000377076)
(0.099817 -0.00137802 -0.000390534)
(0.103167 -0.00163821 -0.000727889)
(0.104373 -0.00162476 -0.000323526)
(0.0997507 -0.00135181 -0.000344936)
(0.103263 -0.00155783 -0.000644369)
(0.0996695 -0.00133917 -0.000291966)
(0.103361 -0.00150282 -0.000564467)
(0.0966757 -0.00132897 -0.000431938)
(0.0959945 -0.00137926 -0.000913401)
(0.0963962 -0.00123417 -0.000419861)
(0.0955271 -0.0012785 -0.000896568)
(0.096132 -0.00118492 -0.000399006)
(0.0950743 -0.00121645 -0.000859801)
(0.0958559 -0.00116995 -0.000364869)
(0.094622 -0.00118349 -0.000795409)
(0.0955559 -0.00117324 -0.000318197)
(0.0941702 -0.0011696 -0.000717009)
(0.0937148 -0.00116718 -0.000631834)
(0.0948665 0.00133009 -0.00135449)
(0.0985072 0.00151683 -0.00139341)
(0.0923644 0.00126687 -0.00157624)
(0.0942271 0.00126088 -0.00129496)
(0.0981712 0.00142262 -0.00130042)
(0.0913252 0.00117433 -0.0014804)
(0.0935923 0.00121777 -0.0012124)
(0.0978203 0.00134813 -0.00119595)
(0.0903311 0.0011077 -0.00136909)
(0.0929623 0.0011932 -0.00111588)
(0.0974755 0.00129857 -0.00108933)
(0.0893926 0.00106516 -0.00125614)
(0.0923311 0.0011849 -0.00101587)
(0.0971359 0.00127038 -0.000986053)
(0.0884988 0.00104335 -0.00114456)
(0.091687 0.00119238 -0.00091791)
(0.0967933 0.00126114 -0.000887444)
(0.0876324 0.00103854 -0.0010354)
(0.0964388 0.00127255 -0.000792575)
(0.0867773 0.00104949 -0.000925176)
(0.102271 0.00188758 -0.00138221)
(0.103283 0.00205128 -0.00147949)
(0.100661 0.00176776 -0.00158301)
(0.102265 0.00173413 -0.00123012)
(0.103487 0.00189297 -0.00132749)
(0.100403 0.0015937 -0.00139415)
(0.102255 0.00160951 -0.00109148)
(0.103662 0.00175042 -0.00118477)
(0.100163 0.0014511 -0.00122675)
(0.102244 0.00152444 -0.000971878)
(0.103818 0.00164077 -0.00106)
(0.0999501 0.00134956 -0.00108391)
(0.102234 0.00147161 -0.000866106)
(0.103964 0.00156057 -0.000951895)
(0.0997635 0.00128214 -0.000961254)
(0.102223 0.00144676 -0.000767595)
(0.104104 0.00150659 -0.000854087)
(0.0996 0.00124161 -0.000851058)
(0.104239 0.00147806 -0.000761996)
(0.0994573 0.00122435 -0.000744778)
(0.104604 0.00198275 -0.00141728)
(0.104794 0.00181048 -0.0015084)
(0.103524 0.0019619 -0.00169595)
(0.105005 0.00184159 -0.00127578)
(0.105361 0.00168422 -0.00138394)
(0.103743 0.00178938 -0.00151701)
(0.105362 0.00171462 -0.00114748)
(0.105873 0.00155955 -0.00126234)
(0.103933 0.00163851 -0.00136134)
(0.105692 0.00160798 -0.0010344)
(0.106342 0.00144839 -0.0011509)
(0.104109 0.00151211 -0.00122699)
(0.106004 0.00152374 -0.000934348)
(0.10678 0.00135465 -0.00105174)
(0.104282 0.00140949 -0.0011112)
(0.106305 0.00146286 -0.000843102)
(0.107195 0.00127981 -0.000963173)
(0.104459 0.00132973 -0.00100909)
(0.107594 0.00122414 -0.000882471)
(0.104644 0.00127118 -0.000914657)
(0.105582 0.00147833 -0.00147535)
(0.105368 0.00104953 -0.00151698)
(0.104796 0.00151016 -0.00180713)
(0.106267 0.00137708 -0.00137243)
(0.10615 0.000982634 -0.00143488)
(0.105363 0.00138673 -0.00167904)
(0.106897 0.00127627 -0.00126895)
(0.106876 0.000911562 -0.00134375)
(0.105877 0.00126661 -0.00155146)
(0.107481 0.00118391 -0.00117231)
(0.107549 0.000843865 -0.00125306)
(0.106348 0.00115755 -0.00143537)
(0.108028 0.00110367 -0.0010853)
(0.108176 0.000783387 -0.00116841)
(0.106789 0.0010622 -0.00133374)
(0.108548 0.00103683 -0.00100789)
(0.108767 0.000731579 -0.00109257)
(0.10721 0.000980073 -0.00124593)
(0.109329 0.000688549 -0.00102643)
(0.107617 0.00090944 -0.0011698)
(0.105943 0.000541066 -0.00147654)
(0.105516 -3.64236e-08 -0.00150895)
(0.105255 0.000558132 -0.00180889)
(0.106767 0.000505663 -0.0014067)
(0.106367 -1.20739e-07 -0.00144566)
(0.105996 0.000516145 -0.00172789)
(0.107537 0.000468872 -0.00132874)
(0.107164 -2.56846e-07 -0.00137011)
(0.106679 0.000472625 -0.00163476)
(0.108255 0.000434025 -0.0012503)
(0.107907 -4.17435e-07 -0.00129107)
(0.107309 0.000430907 -0.00154035)
(0.108927 0.000402806 -0.00117702)
(0.1086 -5.38951e-07 -0.00121536)
(0.107895 0.000392315 -0.00145288)
(0.109562 0.000375632 -0.00111265)
(0.109251 -5.07713e-07 -0.00114783)
(0.108444 0.000356826 -0.00137826)
(0.109867 -2.94872e-07 -0.00109179)
(0.108966 0.000323105 -0.00131943)
(0.105068 -0.000570122 -0.0015298)
(0.104531 -0.00110065 -0.0015782)
(0.104453 -0.000594299 -0.00186643)
(0.105942 -0.000541068 -0.00147806)
(0.105368 -0.00104834 -0.00151876)
(0.105254 -0.000559367 -0.00181036)
(0.106766 -0.00050581 -0.00140906)
(0.10615 -0.000980851 -0.00143762)
(0.105994 -0.000518256 -0.00173017)
(0.107535 -0.000469209 -0.00133244)
(0.106875 -0.00090887 -0.00134804)
(0.106676 -0.00047623 -0.00163839)
(0.108252 -0.000434493 -0.00125613)
(0.107547 -0.000839677 -0.00125984)
(0.107304 -0.000436884 -0.00154625)
(0.108923 -0.000403143 -0.00118617)
(0.108175 -0.000776694 -0.00117914)
(0.107887 -0.00040182 -0.00146254)
(0.109556 -0.000375373 -0.00112697)
(0.108765 -0.000720683 -0.0011095)
(0.108432 -0.000371288 -0.00139398)
(0.10895 -0.000344809 -0.00134472)
(0.104836 -0.00156477 -0.00156663)
(0.104162 -0.00191482 -0.00162131)
(0.104162 -0.00162023 -0.00191687)
(0.105582 -0.00147541 -0.00147833)
(0.104796 -0.00180718 -0.00151017)
(0.104794 -0.00150845 -0.00181048)
(0.106267 -0.00137251 -0.00137709)
(0.105363 -0.0016791 -0.00138673)
(0.105361 -0.001384 -0.00168422)
(0.106897 -0.00126903 -0.00127627)
(0.105877 -0.00155153 -0.00126661)
(0.105873 -0.00126241 -0.00155955)
(0.107481 -0.00117241 -0.00118391)
(0.106348 -0.00143546 -0.00115755)
(0.106342 -0.001151 -0.00144838)
(0.108028 -0.00108542 -0.00110367)
(0.106789 -0.00133384 -0.00106219)
(0.10678 -0.00105185 -0.00135464)
(0.10721 -0.00124606 -0.000980069)
(0.107195 -0.000963307 -0.0012798)
(0.104144 -0.00211831 -0.00156328)
(0.103037 -0.00220076 -0.00162628)
(0.103249 -0.00213918 -0.00189203)
(0.104607 -0.00197754 -0.00141891)
(0.103288 -0.00204747 -0.00147949)
(0.103525 -0.00195772 -0.00169888)
(0.105011 -0.00183343 -0.00127828)
(0.103494 -0.00188707 -0.00132753)
(0.103746 -0.00178268 -0.00152178)
(0.105372 -0.0017015 -0.00115121)
(0.103673 -0.00174083 -0.00118436)
(0.103937 -0.00162773 -0.001369)
(0.105707 -0.00158665 -0.00104011)
(0.103837 -0.0016243 -0.00105896)
(0.104114 -0.00149455 -0.00123934)
(0.106028 -0.00148888 -0.000943655)
(0.103996 -0.00153299 -0.000950092)
(0.104291 -0.00138107 -0.00113104)
(0.104156 -0.00146124 -0.000853001)
(0.104473 -0.00128367 -0.00104111)
(0.102267 -0.00204011 -0.00153302)
(0.0988565 -0.00162567 -0.00147357)
(0.100927 -0.00196738 -0.00179416)
(0.102278 -0.00188326 -0.00138077)
(0.0985139 -0.00151478 -0.00139119)
(0.100666 -0.00176396 -0.001584)
(0.102277 -0.00172734 -0.00122754)
(0.0981825 -0.00141916 -0.00129665)
(0.100411 -0.00158753 -0.00139596)
(0.102275 -0.00159801 -0.00108685)
(0.0978394 -0.00134209 -0.00118968)
(0.100177 -0.00144099 -0.00122994)
(0.102278 -0.00150462 -0.00096427)
(0.0975078 -0.00128796 -0.00107939)
(0.0999733 -0.00133236 -0.00108937)
(0.102291 -0.00143805 -0.000855346)
(0.0971908 -0.00125147 -0.000970458)
(0.0998028 -0.0012534 -0.000970853)
(0.0968859 -0.0012281 -0.000863255)
(0.0996645 -0.00119387 -0.000868314)
(0.0955246 -0.00143499 -0.00139097)
(0.0934838 -0.00138626 -0.00165211)
(0.0948766 -0.00132845 -0.00135008)
(0.0923718 -0.0012652 -0.00157577)
(0.0942447 -0.00125722 -0.00128767)
(0.091338 -0.00117135 -0.00147959)
(0.0936223 -0.00121044 -0.00120094)
(0.090353 -0.00110215 -0.00136794)
(0.0930134 -0.00117944 -0.001098)
(0.0894296 -0.00105559 -0.00125457)
(0.0924174 -0.00116093 -0.000987155)
(0.0885615 -0.00102617 -0.00114252)
(0.0877376 -0.00100934 -0.00103206)
(0.0891459 0.00111609 -0.0016527)
(0.0941448 0.00120604 -0.00164245)
(0.0830587 0.000915322 -0.00136857)
(0.0877948 0.00103592 -0.00154556)
(0.0931602 0.00109951 -0.00150096)
(0.0813207 0.000805033 -0.00127351)
(0.0865451 0.000977237 -0.00143231)
(0.0922518 0.00102002 -0.00136841)
(0.0797398 0.000732106 -0.00118544)
(0.0853798 0.000941766 -0.00132033)
(0.0914182 0.000967385 -0.00124648)
(0.0782864 0.000689129 -0.00109724)
(0.0842795 0.000926559 -0.0012113)
(0.0906484 0.000938043 -0.00113494)
(0.0769367 0.000667466 -0.00100761)
(0.0832268 0.00092799 -0.00110053)
(0.0899299 0.000927536 -0.00102917)
(0.0756705 0.000659645 -0.000916626)
(0.0892518 0.000933406 -0.000920877)
(0.0744723 0.000662112 -0.00082101)
(0.0989296 0.00148646 -0.00156112)
(0.100853 0.00176031 -0.0017685)
(0.0959583 0.00132417 -0.00140269)
(0.098458 0.00132633 -0.00137392)
(0.100604 0.00156824 -0.001566)
(0.095146 0.00112319 -0.00118825)
(0.0980366 0.00120915 -0.00121793)
(0.100374 0.00141712 -0.00139671)
(0.0944224 0.000979641 -0.00102593)
(0.0976649 0.00112746 -0.00108567)
(0.100175 0.00130068 -0.00125457)
(0.0937825 0.000877514 -0.000898457)
(0.0973392 0.00107422 -0.000969386)
(0.100009 0.00121374 -0.00113322)
(0.093212 0.000806476 -0.000794347)
(0.0970565 0.00104293 -0.000859601)
(0.0998766 0.00115096 -0.00102563)
(0.0926996 0.000759882 -0.000705144)
(0.0997771 0.0011078 -0.000922725)
(0.0922438 0.000731198 -0.000619679)
(0.102726 0.00177366 -0.00176793)
(0.103525 0.00169888 -0.00195767)
(0.100855 0.00177209 -0.00175588)
(0.102747 0.00159375 -0.00158437)
(0.103746 0.00152179 -0.00178263)
(0.100608 0.00157199 -0.00156074)
(0.102766 0.00144495 -0.00142965)
(0.103937 0.001369 -0.00162766)
(0.100381 0.00140682 -0.00140472)
(0.102795 0.00132378 -0.00129903)
(0.104114 0.00123935 -0.00149447)
(0.100186 0.001271 -0.00128029)
(0.102842 0.00122675 -0.00118696)
(0.104291 0.00113106 -0.00138098)
(0.100028 0.00116021 -0.0011806)
(0.102913 0.00115046 -0.00108694)
(0.104473 0.00104114 -0.00128355)
(0.0999068 0.00106991 -0.00109728)
(0.104666 0.00096581 -0.00119707)
(0.0998238 0.000995254 -0.0010217)
(0.104607 0.00141891 -0.00197749)
(0.104695 0.00103671 -0.00206561)
(0.103288 0.00147949 -0.00204743)
(0.105011 0.00127828 -0.00183338)
(0.105225 0.000935723 -0.00194185)
(0.103494 0.00132752 -0.00188702)
(0.105372 0.00115121 -0.00170143)
(0.105701 0.000840817 -0.00181806)
(0.103673 0.00118436 -0.00174077)
(0.105707 0.00104011 -0.00158656)
(0.106133 0.000756905 -0.00170446)
(0.103837 0.00105896 -0.00162423)
(0.106028 0.000943663 -0.00148878)
(0.106536 0.000683525 -0.00160559)
(0.103996 0.000950097 -0.0015329)
(0.106342 0.000858535 -0.00140599)
(0.106919 0.000617909 -0.00152366)
(0.104156 0.000853005 -0.00146112)
(0.107291 0.000556605 -0.00145842)
(0.104321 0.000761589 -0.00140404)
(0.105326 0.000533064 -0.00203048)
(0.105007 -1.34185e-06 -0.00208047)
(0.104186 0.000553723 -0.00210633)
(0.105932 0.000483363 -0.00192797)
(0.105643 -2.20421e-06 -0.00198258)
(0.104622 0.000504788 -0.00199379)
(0.10648 0.000435312 -0.00182311)
(0.106216 -3.67303e-06 -0.0018767)
(0.105011 0.000456726 -0.0018821)
(0.106983 0.000390255 -0.0017258)
(0.106738 -6.02906e-06 -0.00177503)
(0.105364 0.000408564 -0.00177948)
(0.10745 0.000347829 -0.00164299)
(0.107218 -9.63614e-06 -0.00168589)
(0.105694 0.000360245 -0.0016919)
(0.107893 0.000306295 -0.00157889)
(0.107668 -1.49003e-05 -0.00161586)
(0.106004 0.000312177 -0.00162977)
(0.108096 -2.29012e-05 -0.00156805)
(0.106298 0.000260913 -0.00159435)
(0.104653 -0.000582881 -0.0021179)
(0.104092 -0.00113183 -0.00217152)
(0.103686 -0.000602554 -0.002198)
(0.105324 -0.000536318 -0.00203257)
(0.104693 -0.00103731 -0.00206851)
(0.104183 -0.000557491 -0.00210793)
(0.105928 -0.000488787 -0.00193131)
(0.105222 -0.000936738 -0.00194635)
(0.104618 -0.000511151 -0.00199624)
(0.106474 -0.000444319 -0.00182862)
(0.105694 -0.000842735 -0.00182519)
(0.105005 -0.00046765 -0.00188611)
(0.106973 -0.000404884 -0.00173512)
(0.106124 -0.000760368 -0.00171616)
(0.105354 -0.000426998 -0.00178628)
(0.107436 -0.000370847 -0.00165876)
(0.106521 -0.000689291 -0.00162484)
(0.105678 -0.000390577 -0.00170388)
(0.107871 -0.000341763 -0.00160502)
(0.106895 -0.000626509 -0.0015555)
(0.105979 -0.00036022 -0.00165083)
(0.106256 -0.000336089 -0.00162945)
(0.104142 -0.0015623 -0.0021216)
(0.103248 -0.00189021 -0.00214177)
(0.103035 -0.00162627 -0.00220316)
(0.104604 -0.00141733 -0.00198275)
(0.103524 -0.00169599 -0.0019619)
(0.103283 -0.00147954 -0.00205128)
(0.105005 -0.00127585 -0.00184159)
(0.103743 -0.00151707 -0.00178938)
(0.103487 -0.00132755 -0.00189297)
(0.105362 -0.00114756 -0.00171461)
(0.103933 -0.00136141 -0.0016385)
(0.103661 -0.00118484 -0.00175041)
(0.105692 -0.0010345 -0.00160797)
(0.104109 -0.00122707 -0.00151209)
(0.103818 -0.00106009 -0.00164075)
(0.106004 -0.000934469 -0.00152372)
(0.104282 -0.0011113 -0.00140946)
(0.103964 -0.000952002 -0.00156054)
(0.104459 -0.00100921 -0.00132969)
(0.104104 -0.000854216 -0.00150654)
(0.102684 -0.00197953 -0.00198303)
(0.101099 -0.00199753 -0.00201039)
(0.101097 -0.00200812 -0.0020001)
(0.102726 -0.00176798 -0.00177365)
(0.100855 -0.00175592 -0.00177208)
(0.100853 -0.00176854 -0.0017603)
(0.102747 -0.00158443 -0.00159374)
(0.100608 -0.00156079 -0.00157198)
(0.100604 -0.00156605 -0.00156823)
(0.102766 -0.00142972 -0.00144493)
(0.100381 -0.00140477 -0.00140681)
(0.100374 -0.00139678 -0.00141711)
(0.102795 -0.00129911 -0.00132376)
(0.100186 -0.00128036 -0.00127098)
(0.100175 -0.00125465 -0.00130065)
(0.102842 -0.00118707 -0.0012267)
(0.100028 -0.00118068 -0.00116017)
(0.100009 -0.00113331 -0.0012137)
(0.0999066 -0.00109739 -0.00106987)
(0.0998765 -0.00102573 -0.00115089)
(0.0994443 -0.00169837 -0.0017918)
(0.095206 -0.00134225 -0.00180181)
(0.0968618 -0.00160372 -0.00169255)
(0.0989353 -0.00148087 -0.00156516)
(0.0941506 -0.00120295 -0.0016449)
(0.0959602 -0.0013199 -0.00140673)
(0.0984678 -0.00131691 -0.00138096)
(0.0931703 -0.00109442 -0.00150518)
(0.0951493 -0.00111588 -0.00119524)
(0.0980534 -0.00119337 -0.00122968)
(0.092269 -0.00101153 -0.00137565)
(0.0944282 -0.000967184 -0.00103798)
(0.0976932 -0.00110124 -0.00110508)
(0.0914472 -0.000953172 -0.00125829)
(0.0937923 -0.000855654 -0.000919078)
(0.0973853 -0.00103114 -0.00100196)
(0.0906975 -0.000913741 -0.00115439)
(0.0932285 -0.000770436 -0.000828138)
(0.0900105 -0.000886434 -0.00106096)
(0.0927261 -0.000703237 -0.000758484)
(0.090604 -0.00121454 -0.00175358)
(0.0850081 -0.00107694 -0.00149225)
(0.0891556 -0.00111315 -0.0016554)
(0.0830635 -0.000912973 -0.00137192)
(0.0878113 -0.00103109 -0.00155009)
(0.0813291 -0.000801124 -0.00127913)
(0.0865732 -0.000969458 -0.00143988)
(0.0797541 -0.000725548 -0.00119501)
(0.0854271 -0.000928733 -0.00133282)
(0.078311 -0.000677425 -0.00111376)
(0.0843586 -0.000903989 -0.00123137)
(0.0769795 -0.000647119 -0.00103488)
(0.0757432 -0.000628017 -0.000959225)
(0.076555 0.000628057 -0.000988575)
(0.0844802 0.000693926 -0.000980143)
(0.0650513 0.000389958 -0.000466319)
(0.074648 0.000523051 -0.000898996)
(0.0828794 0.000554089 -0.000840277)
(0.0629667 0.000311947 -0.000410902)
(0.072918 0.000461496 -0.000820464)
(0.0814465 0.000464744 -0.000736034)
(0.0611327 0.000261712 -0.000365402)
(0.0713275 0.000428299 -0.00074146)
(0.0801489 0.000408345 -0.000647508)
(0.0594899 0.000231404 -0.00032214)
(0.0698534 0.000411907 -0.000661124)
(0.0789599 0.000373265 -0.000566469)
(0.0580043 0.00021505 -0.00027872)
(0.0684767 0.00040544 -0.000580758)
(0.0778603 0.000354783 -0.000494095)
(0.0566492 0.000207612 -0.000235543)
(0.0768422 0.00034936 -0.000425556)
(0.0554032 0.000206129 -0.000188634)
(0.092618 0.000965347 -0.000959166)
(0.0959603 0.00140674 -0.00131986)
(0.0844818 0.000984261 -0.000690152)
(0.0915945 0.000783449 -0.000772809)
(0.0951494 0.00119526 -0.00111583)
(0.0828822 0.000847345 -0.000547691)
(0.0906893 0.000655442 -0.000636592)
(0.0944282 0.00103801 -0.00096713)
(0.0814513 0.000748192 -0.000453762)
(0.0898824 0.000563634 -0.000531657)
(0.0937924 0.000919111 -0.000855587)
(0.0801577 0.000668863 -0.000388083)
(0.0891547 0.000499125 -0.000449008)
(0.0932286 0.000828186 -0.000770359)
(0.0789758 0.000601619 -0.000339083)
(0.0884966 0.000455823 -0.000380592)
(0.0927262 0.000758567 -0.000703161)
(0.0778883 0.000548738 -0.000302949)
(0.0922849 0.000703204 -0.000643839)
(0.0768887 0.000509959 -0.00027536)
(0.0989353 0.00156517 -0.00148083)
(0.100666 0.00158401 -0.00176392)
(0.0941507 0.00164491 -0.00120292)
(0.0984678 0.00138098 -0.00131686)
(0.100411 0.00139597 -0.00158748)
(0.0931703 0.0015052 -0.00109438)
(0.0980534 0.0012297 -0.00119332)
(0.100177 0.00122995 -0.00144093)
(0.0922691 0.00137567 -0.00101149)
(0.0976933 0.00110511 -0.00110117)
(0.0999734 0.00108939 -0.0013323)
(0.0914473 0.00125831 -0.000953118)
(0.0973854 0.00100199 -0.00103104)
(0.0998029 0.000970873 -0.00125333)
(0.0906976 0.00115442 -0.000913672)
(0.097129 0.000914534 -0.000972918)
(0.0996646 0.000868337 -0.00119376)
(0.0900107 0.00106099 -0.000886338)
(0.099559 0.000774228 -0.00114576)
(0.089383 0.000972456 -0.000865028)
(0.102278 0.00138077 -0.00188322)
(0.102842 0.00101591 -0.00200423)
(0.0985139 0.0013912 -0.00151475)
(0.102277 0.00122754 -0.0017273)
(0.102968 0.000914117 -0.00186829)
(0.0981826 0.00129666 -0.00141913)
(0.102275 0.00108685 -0.00159795)
(0.103072 0.000817314 -0.00174102)
(0.0978395 0.00118968 -0.00134205)
(0.102279 0.000964273 -0.00150455)
(0.103167 0.000727883 -0.00163815)
(0.0975079 0.0010794 -0.00128791)
(0.102291 0.000855346 -0.00143796)
(0.103263 0.000644361 -0.00155776)
(0.097191 0.000970459 -0.00125141)
(0.102316 0.000752751 -0.00139027)
(0.103361 0.000564454 -0.00150273)
(0.0968861 0.000863253 -0.00122802)
(0.103458 0.000482208 -0.0014714)
(0.0965923 0.000753376 -0.00121503)
(0.103555 0.000522791 -0.00199073)
(0.103427 -2.64954e-06 -0.00204575)
(0.0999403 0.000481563 -0.00157228)
(0.103789 0.000475949 -0.00188413)
(0.103679 -4.45933e-06 -0.00193756)
(0.0999007 0.000455212 -0.00148079)
(0.103996 0.000428113 -0.00178356)
(0.103895 -7.69688e-06 -0.00183365)
(0.0998691 0.000427197 -0.00141743)
(0.104189 0.000377058 -0.00169358)
(0.10409 -1.30972e-05 -0.00173833)
(0.0998171 0.000390524 -0.00137799)
(0.104374 0.000323502 -0.00162469)
(0.104275 -2.19022e-05 -0.00165722)
(0.0997508 0.000344919 -0.00135177)
(0.104547 0.000266206 -0.00158633)
(0.104448 -3.53595e-05 -0.00160717)
(0.0996696 0.000291942 -0.00133912)
(0.104602 -5.61176e-05 -0.00159161)
(0.0995639 0.000228541 -0.00134309)
(0.103276 -0.000573785 -0.00209097)
(0.102678 -0.00111935 -0.00212717)
(0.0999802 -0.000512808 -0.00168337)
(0.103552 -0.00052952 -0.00199259)
(0.102838 -0.00101892 -0.00200673)
(0.0999372 -0.000487295 -0.00157335)
(0.103783 -0.000487551 -0.00188708)
(0.102961 -0.000919241 -0.00187207)
(0.0998956 -0.000464981 -0.00148265)
(0.103987 -0.000447998 -0.00178842)
(0.103061 -0.000826554 -0.00174712)
(0.0998605 -0.000443838 -0.00142061)
(0.104174 -0.000410383 -0.00170197)
(0.103149 -0.000743849 -0.00164866)
(0.0998027 -0.000418516 -0.00138323)
(0.104348 -0.000377496 -0.00163969)
(0.103232 -0.000670639 -0.00157588)
(0.0997265 -0.000391328 -0.00136072)
(0.104503 -0.000351746 -0.00161245)
(0.103308 -0.000604198 -0.00153378)
(0.0996279 -0.000367623 -0.00135494)
(0.0994914 -0.000351468 -0.00137108)
(0.102262 -0.00153395 -0.00204297)
(0.100925 -0.00179345 -0.00196967)
(0.0988526 -0.00147492 -0.00162694)
(0.102271 -0.00138226 -0.00188758)
(0.100661 -0.00158305 -0.00176775)
(0.0985072 -0.00139345 -0.00151683)
(0.102265 -0.00123019 -0.00173412)
(0.100402 -0.00139421 -0.00159369)
(0.0981712 -0.00130048 -0.00142261)
(0.102255 -0.00109156 -0.00160949)
(0.100163 -0.00122682 -0.00145109)
(0.0978203 -0.00119602 -0.00134811)
(0.102244 -0.000971975 -0.00152441)
(0.0999501 -0.00108399 -0.00134953)
(0.0974755 -0.00108941 -0.00129855)
(0.102234 -0.000866221 -0.00147157)
(0.0997635 -0.000961349 -0.0012821)
(0.0971359 -0.000986158 -0.00127035)
(0.0996 -0.000851163 -0.00124154)
(0.0967933 -0.00088757 -0.00126109)
(0.0994411 -0.00178937 -0.00170159)
(0.0968607 -0.00169012 -0.0016062)
(0.0952027 -0.00180028 -0.00134404)
(0.0989296 -0.00156117 -0.00148646)
(0.0959583 -0.00140273 -0.00132416)
(0.0941448 -0.00164248 -0.00120603)
(0.0984579 -0.00137398 -0.00132632)
(0.095146 -0.0011883 -0.00112317)
(0.0931601 -0.00150101 -0.0010995)
(0.0980366 -0.001218 -0.00120913)
(0.0944223 -0.00102599 -0.000979619)
(0.0922518 -0.00136847 -0.00102)
(0.0976649 -0.00108576 -0.00112743)
(0.0937824 -0.000898529 -0.00087748)
(0.0914181 -0.00124656 -0.000967356)
(0.0973392 -0.000969484 -0.00107416)
(0.0932119 -0.000794428 -0.00080642)
(0.0906484 -0.00113504 -0.000938002)
(0.0926995 -0.000705212 -0.000759778)
(0.0899298 -0.00102929 -0.000927478)
(0.0937755 -0.00122463 -0.00122822)
(0.0863055 -0.000908284 -0.0011842)
(0.0863047 -0.00118181 -0.000910526)
(0.092618 -0.000959209 -0.000965336)
(0.0844817 -0.000690182 -0.000984244)
(0.0844802 -0.000980175 -0.000693915)
(0.0915945 -0.00077286 -0.000783429)
(0.0828821 -0.000547727 -0.000847322)
(0.0828793 -0.000840317 -0.000554072)
(0.0906892 -0.000636656 -0.000655411)
(0.0814513 -0.000453806 -0.000748162)
(0.0814464 -0.000736085 -0.000464721)
(0.0898823 -0.000531729 -0.000563583)
(0.0801576 -0.000388139 -0.000668824)
(0.0801488 -0.000647576 -0.000408311)
(0.0891546 -0.000449066 -0.000499029)
(0.0789757 -0.000339146 -0.000601563)
(0.0789598 -0.000566551 -0.000373215)
(0.0778881 -0.000302996 -0.000548641)
(0.0778602 -0.000494166 -0.000354698)
(0.0787025 -0.000793554 -0.00111125)
(0.0674925 -0.000508019 -0.000547814)
(0.0765588 -0.000624565 -0.000993969)
(0.0650524 -0.000386594 -0.00047074)
(0.0746548 -0.000517182 -0.000908286)
(0.0629686 -0.000306453 -0.000418371)
(0.0729298 -0.000450689 -0.000836456)
(0.0611362 -0.000252689 -0.000377978)
(0.0713489 -0.000408837 -0.000768372)
(0.0594961 -0.00021534 -0.000343453)
(0.0698915 -0.000381914 -0.000704911)
(0.0580157 -0.000188021 -0.000314098)
(0.0566692 -0.00016692 -0.000292863)
(0.055615 0.000290715 -0.00028517)
(0.0650524 0.000470765 -0.000386571)
(0.0536264 0.000231472 -0.000222396)
(0.0629687 0.000418402 -0.000306425)
(0.0518827 0.000190588 -0.000175415)
(0.0611362 0.000378014 -0.000252654)
(0.0503349 0.000163485 -0.000138147)
(0.0594962 0.000343497 -0.000215294)
(0.0489513 0.000146461 -0.000105668)
(0.0580158 0.000314153 -0.000187962)
(0.0477031 0.00013705 -7.34577e-05)
(0.0566693 0.000292939 -0.000166855)
(0.0554366 0.000281532 -0.000149393)
(0.0765588 0.000993995 -0.000624538)
(0.0830635 0.00137194 -0.000912949)
(0.0746548 0.000908316 -0.000517149)
(0.0813291 0.00127916 -0.000801095)
(0.0729299 0.000836491 -0.000450646)
(0.0797541 0.00119503 -0.000725511)
(0.071349 0.000768414 -0.000408783)
(0.0783111 0.00111379 -0.000677378)
(0.0698916 0.000704968 -0.000381854)
(0.0769796 0.00103491 -0.000647057)
(0.0685424 0.00065171 -0.000366368)
(0.0757434 0.000959249 -0.000627942)
(0.0745934 0.000886727 -0.00061668)
(0.0891556 0.00165542 -0.00111313)
(0.0923718 0.00157578 -0.00126517)
(0.0878114 0.00155011 -0.00103105)
(0.0913381 0.00147961 -0.00117132)
(0.0865733 0.0014399 -0.000969418)
(0.090353 0.00136795 -0.00110211)
(0.0854272 0.00133284 -0.000928683)
(0.0894297 0.00125458 -0.00105555)
(0.0843588 0.00123138 -0.000903921)
(0.0885616 0.00114253 -0.00102612)
(0.0833586 0.00113183 -0.000889217)
(0.0877379 0.00103207 -0.00100928)
(0.0869537 0.000919178 -0.00100038)
(0.0948767 0.0013501 -0.00132843)
(0.0959945 0.00091341 -0.00137924)
(0.0942448 0.00128768 -0.00125719)
(0.0955271 0.000896575 -0.00127848)
(0.0936224 0.00120094 -0.0012104)
(0.0950744 0.000859805 -0.00121642)
(0.0930135 0.001098 -0.0011794)
(0.0946221 0.000795409 -0.00118346)
(0.0924176 0.000987154 -0.00116088)
(0.0941704 0.000717002 -0.00116956)
(0.0918325 0.000870598 -0.0011522)
(0.093715 0.000631823 -0.00116713)
(0.0932484 0.000536896 -0.00117315)
(0.0966757 0.000431941 -0.00132896)
(0.0968301 -3.36726e-06 -0.00138881)
(0.0963963 0.000419862 -0.00123415)
(0.096529 -5.74339e-06 -0.0012705)
(0.0961321 0.000399003 -0.0011849)
(0.0962726 -9.68229e-06 -0.00120036)
(0.0958561 0.000364859 -0.00116992)
(0.0959952 -1.62121e-05 -0.00117393)
(0.0955561 0.000318179 -0.00117321)
(0.095696 -2.70329e-05 -0.00117355)
(0.0952253 0.000258479 -0.00118634)
(0.0953714 -4.51098e-05 -0.00118586)
(0.0950052 -7.51116e-05 -0.00120924)
(0.096993 -0.0004484 -0.0014685)
(0.0965035 -0.000934166 -0.00152138)
(0.0966713 -0.000440617 -0.00133035)
(0.0959891 -0.00091838 -0.00138026)
(0.0963887 -0.00043452 -0.00123672)
(0.0955176 -0.000905154 -0.00128058)
(0.0961191 -0.000423535 -0.0011894)
(0.095058 -0.000873968 -0.00122071)
(0.0958336 -0.000405608 -0.00117756)
(0.0945941 -0.000818469 -0.00119128)
(0.0955172 -0.000385672 -0.00118619)
(0.0941227 -0.000754354 -0.0011836)
(0.0951579 -0.000370288 -0.00120875)
(0.0936338 -0.00069309 -0.00119076)
(0.0955188 -0.00139358 -0.00143579)
(0.0934796 -0.00165248 -0.00138726)
(0.0948665 -0.00135454 -0.00133009)
(0.0923644 -0.00157628 -0.00126687)
(0.0942271 -0.00129502 -0.00126087)
(0.0913251 -0.00148044 -0.00117433)
(0.0935923 -0.00121248 -0.00121776)
(0.0903311 -0.00136915 -0.00110769)
(0.0929623 -0.00111598 -0.00119318)
(0.0893926 -0.00125622 -0.00106515)
(0.0923311 -0.00101599 -0.00118488)
(0.0884988 -0.00114466 -0.00104332)
(0.0876323 -0.00103552 -0.00103851)
(0.0905983 -0.001752 -0.00121633)
(0.0850054 -0.00149026 -0.00107836)
(0.0891458 -0.00165274 -0.00111609)
(0.0830587 -0.0013686 -0.000915317)
(0.0877947 -0.00154561 -0.00103591)
(0.0813207 -0.00127355 -0.000805026)
(0.0865451 -0.00143238 -0.000977224)
(0.0797398 -0.00118549 -0.000732094)
(0.0853798 -0.00132042 -0.000941746)
(0.0782863 -0.00109731 -0.000689111)
(0.0842794 -0.00121142 -0.000926534)
(0.0769367 -0.0010077 -0.00066744)
(0.0756705 -0.000916742 -0.000659611)
(0.0787004 -0.00110814 -0.000795669)
(0.0674919 -0.000545298 -0.000510007)
(0.076555 -0.000988611 -0.000628053)
(0.0650513 -0.000466344 -0.000389945)
(0.074648 -0.000899043 -0.000523044)
(0.0629666 -0.000410934 -0.000311929)
(0.0729179 -0.000820527 -0.000461483)
(0.0611327 -0.000365443 -0.000261688)
(0.0713274 -0.000741543 -0.000428279)
(0.0594898 -0.000322194 -0.000231372)
(0.0698532 -0.000661222 -0.000411876)
(0.0580042 -0.000278787 -0.000215007)
(0.0566491 -0.00023562 -0.000207553)
(0.057938 -0.000373164 -0.000376443)
(0.055615 -0.000285198 -0.000290694)
(0.0536264 -0.000222431 -0.000231445)
(0.0518826 -0.00017546 -0.000190554)
(0.0503348 -0.000138205 -0.000163442)
(0.0489512 -0.000105739 -0.000146404)
)
;

boundaryField
{
    inlet
    {
        type            calculated;
        value           nonuniform List<vector> 0();
    }
    ami1
    {
        type            cyclicAMI;
        value           nonuniform List<vector> 0();
    }
    walls
    {
        type            calculated;
        value           uniform (0 0 0);
    }
    ami2
    {
        type            cyclicAMI;
        value           nonuniform List<vector> 0();
    }
    outlet
    {
        type            calculated;
        value           nonuniform List<vector> 0();
    }
    procBoundary3to2
    {
        type            processor;
        value           nonuniform List<vector> 
110
(
(0.0465708 3.80192e-05 0.000134825)
(0.0671838 0.000491009 0.00040709)
(0.0822077 0.000979273 0.000944414)
(0.0910128 0.000820214 0.00121867)
(0.0947396 0.000367223 0.00125009)
(0.0948557 -0.000183185 0.00121025)
(0.093248 -0.000537042 0.00117324)
(0.0918322 -0.000870709 0.00115228)
(0.0833582 -0.00113189 0.000889287)
(0.0685421 -0.000651681 0.000366392)
(0.0477029 -0.000137015 7.3516e-05)
(0.0672915 0.000356779 0.000609567)
(0.0879088 0.000312126 0.000427594)
(0.0968127 0.000745752 0.0010313)
(0.102207 0.00067037 0.00145075)
(0.104633 0.000334118 0.00161848)
(0.104706 -0.000198826 0.00157572)
(0.103457 -0.000482346 0.00147151)
(0.102316 -0.000752859 0.00139037)
(0.0971288 -0.000914582 0.000973014)
(0.0884965 -0.0004558 0.000380639)
(0.0684765 -0.000405426 0.000580819)
(0.0824257 0.0008779 0.00102714)
(0.0969245 0.000918437 0.000836209)
(0.103007 0.00099114 0.00109169)
(0.106599 0.000757132 0.00142589)
(0.108287 0.000316995 0.0015761)
(0.108319 -0.000263061 0.0015344)
(0.107291 -0.000556753 0.00145854)
(0.106342 -0.00085865 0.00140609)
(0.102912 -0.00115052 0.00108703)
(0.0970564 -0.00104294 0.000859676)
(0.0832267 -0.000927965 0.0011006)
(0.0912572 0.00114933 0.000743662)
(0.102355 0.00135582 0.000647142)
(0.106656 0.00133475 0.000781267)
(0.109048 0.000938655 0.000983816)
(0.110159 0.000350367 0.00108221)
(0.110166 -0.000351985 0.00105977)
(0.109329 -0.000688721 0.00102654)
(0.108548 -0.00103697 0.00100798)
(0.106304 -0.00146293 0.000843177)
(0.102223 -0.00144675 0.000767656)
(0.0916869 -0.00119233 0.000917951)
(0.094856 0.00121019 0.000183131)
(0.104706 0.00157561 0.000198809)
(0.108319 0.00153427 0.000263071)
(0.110166 0.00105962 0.000351974)
(0.110999 0.000381919 0.000389303)
(0.110999 -0.000389344 0.000382097)
(0.110256 -0.000753552 0.000376735)
(0.109556 -0.00112712 0.000375322)
(0.107871 -0.00160512 0.000341706)
(0.104503 -0.00161249 0.000351683)
(0.0951577 -0.00120876 0.000370226)
(0.0947398 0.00125006 -0.000367306)
(0.104633 0.0016184 -0.000334164)
(0.108287 0.00157597 -0.000317012)
(0.110159 0.00108204 -0.00035039)
(0.110999 0.000389109 -0.000381959)
(0.110999 -0.000382156 -0.000389151)
(0.110259 -0.000742067 -0.000379897)
(0.109562 -0.00111279 -0.00037566)
(0.107893 -0.00157901 -0.000306318)
(0.104546 -0.00158638 -0.000266232)
(0.0952251 -0.00118637 -0.000258508)
(0.091013 0.00121865 -0.000820315)
(0.102207 0.00145069 -0.000670438)
(0.106599 0.00142576 -0.000757176)
(0.109048 0.00098364 -0.000938684)
(0.110166 0.000351771 -0.00105964)
(0.110159 -0.000350591 -0.00108206)
(0.109326 -0.000670941 -0.00105301)
(0.108548 -0.00100804 -0.00103683)
(0.106342 -0.00140611 -0.000858527)
(0.102316 -0.00139035 -0.000752741)
(0.0918323 -0.00115226 -0.000870592)
(0.0822078 0.000944387 -0.000979364)
(0.0968128 0.00103123 -0.000745822)
(0.103007 0.00109158 -0.000991196)
(0.106656 0.000781106 -0.00133478)
(0.108319 0.000262875 -0.00153426)
(0.108287 -0.000317217 -0.00157595)
(0.107255 -0.000569122 -0.00151015)
(0.106305 -0.000843256 -0.00146283)
(0.102912 -0.00108709 -0.00115042)
(0.0971288 -0.00097304 -0.000914486)
(0.0833583 -0.000889289 -0.0011318)
(0.0671839 0.000407063 -0.000491077)
(0.0879088 0.000427526 -0.000312182)
(0.0969246 0.000836124 -0.000918499)
(0.102355 0.000647014 -0.00135584)
(0.104706 0.000198643 -0.00157557)
(0.104633 -0.000334354 -0.00161833)
(0.103371 -0.000543197 -0.00152367)
(0.102223 -0.000767742 -0.0014467)
(0.0970564 -0.000859752 -0.00104288)
(0.0884965 -0.00038069 -0.000455733)
(0.0685422 -0.000366411 -0.000651613)
(0.0465709 0.000134799 -3.80649e-05)
(0.0672916 0.00060952 -0.000356822)
(0.0824258 0.00102707 -0.000877934)
(0.0912573 0.000743544 -0.00114933)
(0.0948561 0.000182994 -0.00121014)
(0.0947399 -0.000367446 -0.00124999)
(0.0931101 -0.000638124 -0.00121312)
(0.091687 -0.000918041 -0.00119233)
(0.0832268 -0.00110067 -0.000927942)
(0.0684766 -0.000580869 -0.000405394)
(0.047703 -7.35525e-05 -0.000136983)
)
;
    }
    procBoundary3to4
    {
        type            processor;
        value           nonuniform List<vector> 
109
(
(0.057938 0.000373123 0.000376481)
(0.0787004 0.00110809 0.000795688)
(0.0905983 0.00175195 0.00121635)
(0.0955188 0.00139353 0.00143581)
(0.096993 0.000448357 0.00146851)
(0.0969955 -0.000443367 0.00146775)
(0.0955246 -0.00139102 0.00143499)
(0.0906039 -0.00175362 0.00121453)
(0.0787024 -0.00111128 0.000793537)
(0.0579379 -0.000376458 0.000373147)
(0.0787025 0.000793526 0.0011113)
(0.0937755 0.00122458 0.00122825)
(0.0994411 0.00178932 0.00170162)
(0.102262 0.00153389 0.00204299)
(0.103276 0.000573732 0.002091)
(0.103278 -0.000569834 0.00208979)
(0.102267 -0.00153306 0.0020401)
(0.0994443 -0.00179183 0.00169835)
(0.0937754 -0.00122824 0.00122461)
(0.0787003 -0.000795676 0.00110813)
(0.090604 0.00121452 0.00175363)
(0.0994443 0.00169833 0.00179184)
(0.102684 0.00197948 0.00198306)
(0.104142 0.00156225 0.00212163)
(0.104653 0.000582825 0.00211793)
(0.104654 -0.000580946 0.00211657)
(0.104144 -0.00156331 0.0021183)
(0.102684 -0.00198305 0.00197951)
(0.0994411 -0.0017016 0.00178935)
(0.0905983 -0.00121633 0.00175199)
(0.0955247 0.00143497 0.00139102)
(0.102267 0.00204008 0.00153306)
(0.104144 0.00211827 0.00156331)
(0.104836 0.00156471 0.00156667)
(0.105068 0.000570065 0.00152984)
(0.105069 -0.00057024 0.00152883)
(0.104836 -0.00156667 0.00156475)
(0.104142 -0.00212163 0.00156228)
(0.102262 -0.00204298 0.00153393)
(0.0955187 -0.0014358 0.00139357)
(0.0969955 0.00146774 0.000443361)
(0.103278 0.00208977 0.000569831)
(0.104654 0.00211654 0.000580944)
(0.105069 0.00152879 0.000570236)
(0.105186 0.00055233 0.000552785)
(0.105186 -0.000552792 0.000552378)
(0.105068 -0.00152984 0.000570109)
(0.104653 -0.00211793 0.000582867)
(0.103276 -0.002091 0.000573774)
(0.096993 -0.00146851 0.000448401)
(0.096993 0.0014685 -0.000448368)
(0.103276 0.00209098 -0.000573742)
(0.104653 0.0021179 -0.000582833)
(0.105068 0.0015298 -0.000570072)
(0.105186 0.000552736 -0.000552338)
(0.105186 -0.000552388 -0.000552745)
(0.104654 -0.000570784 -0.00106096)
(0.105069 -0.00152884 -0.000570196)
(0.104531 -0.00157708 -0.00110143)
(0.104654 -0.00211658 -0.000580906)
(0.104093 -0.00216974 -0.00113149)
(0.103278 -0.00208979 -0.000569794)
(0.10268 -0.00212558 -0.00111755)
(0.0969955 -0.00146775 -0.000443324)
(0.0965067 -0.0015208 -0.000931279)
(0.0955188 0.00143579 -0.00139355)
(0.102262 0.00204297 -0.0015339)
(0.104142 0.0021216 -0.00156226)
(0.104836 0.00156662 -0.00156472)
(0.105069 0.000570187 -0.00152879)
(0.104618 -3.4752e-09 -0.00154965)
(0.104155 -0.000587106 -0.00155242)
(0.104034 -0.00162323 -0.00162443)
(0.103601 -0.00223147 -0.00168977)
(0.102216 -0.0021758 -0.00166786)
(0.0962091 -0.00158205 -0.00142618)
(0.0905984 0.00121633 -0.00175197)
(0.0994411 0.00170159 -0.00178933)
(0.102684 0.00198303 -0.00197949)
(0.104144 0.00156327 -0.00211827)
(0.104654 0.000580897 -0.00211654)
(0.104298 -8.43793e-07 -0.00215396)
(0.103916 -0.000621994 -0.00217087)
(0.1036 -0.00168918 -0.0022335)
(0.10258 -0.00220228 -0.00220442)
(0.0999681 -0.00196728 -0.00205749)
(0.0921395 -0.0013443 -0.00186421)
(0.0787004 0.00079567 -0.00110811)
(0.0937755 0.00122823 -0.0012246)
(0.0994444 0.00179181 -0.00169834)
(0.102267 0.00153303 -0.00204008)
(0.103278 0.000569788 -0.00208977)
(0.103123 -1.61719e-06 -0.00213499)
(0.102934 -0.00061187 -0.00215807)
(0.102213 -0.00166837 -0.00217768)
(0.0999662 -0.00205591 -0.00196918)
(0.0950727 -0.001596 -0.00159814)
(0.0811885 -0.00102848 -0.00126602)
(0.057938 0.000376459 -0.000373142)
(0.0787025 0.00111127 -0.000793532)
(0.090604 0.0017536 -0.00121452)
(0.0955247 0.00139099 -0.00143497)
(0.0969955 0.000443329 -0.00146774)
(0.0971805 -1.96125e-06 -0.00154743)
(0.0973618 -0.000459658 -0.00164137)
(0.0962058 -0.00142772 -0.00158259)
(0.0921364 -0.00186321 -0.00134537)
(0.0811873 -0.00126425 -0.00102977)
(0.0607571 -0.00049394 -0.000495672)
)
;
    }
}


// ************************************************************************* //
