/*--------------------------------*- C++ -*----------------------------------*\
| =========                 |                                                 |
| \\      /  F ield         | OpenFOAM: The Open Source CFD Toolbox           |
|  \\    /   O peration     | Version:  2212                                  |
|   \\  /    A nd           | Website:  www.openfoam.com                      |
|    \\/     M anipulation  |                                                 |
\*---------------------------------------------------------------------------*/
FoamFile
{
    version     2.0;
    format      ascii;
    arch        "LSB;label=32;scalar=64";
    class       volScalarField;
    location    "0.5";
    object      epsilon;
}
// * * * * * * * * * * * * * * * * * * * * * * * * * * * * * * * * * * * * * //

dimensions      [0 2 -3 0 0 0 0];

internalField   nonuniform List<scalar> 
6840
(
90.5034
12.1248
4.38868
2.46659
1.63313
1.18307
0.902044
0.720664
0.594721
0.502625
0.43306
0.379892
0.33689
0.30205
0.273348
0.250348
0.232437
0.21807
0.209062
0.203658
58.5856
14.5696
6.08946
3.33294
2.08218
1.40271
0.998737
0.740462
0.566183
0.444417
0.35675
0.291986
0.243013
0.205325
0.176012
0.153477
0.135973
0.122452
0.111612
0.103885
45.0226
13.4729
5.73074
3.07322
1.86022
1.227
0.873614
0.649864
0.497164
0.389775
0.311744
0.253634
0.209893
0.17649
0.150644
0.130327
0.114243
0.101448
0.0913231
0.0839737
38.7028
13.0541
5.74335
3.08732
1.88065
1.22751
0.869518
0.64547
0.492745
0.385027
0.307514
0.249716
0.205905
0.172252
0.146082
0.12551
0.109176
0.0960741
0.0854954
0.0775389
36.0571
12.8529
5.76644
3.10211
1.89475
1.2267
0.866546
0.644074
0.492408
0.384222
0.306294
0.248593
0.204842
0.171196
0.145002
0.124383
0.107995
0.0948589
0.0843432
0.0768817
36.0571
12.8529
5.76644
3.10211
1.89475
1.22671
0.866554
0.644084
0.492421
0.38424
0.30632
0.248628
0.20489
0.171263
0.145097
0.124523
0.108198
0.0951528
0.0847669
0.0775072
38.7028
13.0541
5.74336
3.08733
1.88066
1.22753
0.869536
0.645494
0.492776
0.385067
0.307573
0.249795
0.206014
0.172407
0.146305
0.125834
0.109656
0.0967996
0.0865677
0.0787856
45.0226
13.4729
5.73075
3.07323
1.86023
1.22702
0.873631
0.649886
0.497193
0.389825
0.311808
0.253721
0.210013
0.176659
0.150894
0.130699
0.114809
0.102312
0.0926398
0.0857655
58.5856
14.5696
6.08946
3.33295
2.08219
1.40271
0.998742
0.740469
0.566192
0.444435
0.356778
0.292028
0.24308
0.205461
0.176209
0.153787
0.136509
0.123473
0.113694
0.1074
90.5034
12.1248
4.38868
2.46659
1.63313
1.18307
0.902044
0.720664
0.594722
0.502625
0.43306
0.379893
0.336891
0.30205
0.273348
0.25035
0.232441
0.218074
0.209068
0.203669
58.5856
14.5696
6.08946
3.33295
2.08219
1.40271
0.998742
0.740468
0.566192
0.444435
0.356777
0.292027
0.243079
0.205461
0.176209
0.153785
0.136506
0.123469
0.113689
0.107394
16.5373
9.49238
5.0127
2.8606
1.75746
1.14761
0.786962
0.562109
0.415473
0.316119
0.246602
0.196627
0.159807
0.132128
0.111017
0.094841
0.0822613
0.0716476
0.0645772
0.0607255
13.6679
8.73671
5.0774
3.05388
1.92223
1.2661
0.86931
0.618673
0.454034
0.342161
0.263848
0.207609
0.166335
0.135463
0.111949
0.0937432
0.0795645
0.0682683
0.0594697
0.0526016
12.9054
8.33993
5.07879
3.15547
2.02774
1.35121
0.933553
0.666492
0.489607
0.368699
0.283772
0.222638
0.17769
0.14404
0.118448
0.0987012
0.0832965
0.0711563
0.061526
0.0537608
12.6882
8.1544
5.07113
3.20038
2.07939
1.39506
0.967847
0.692755
0.509695
0.384113
0.295662
0.231885
0.184935
0.149747
0.122957
0.102272
0.0861203
0.0733863
0.0632748
0.0552463
12.6882
8.1544
5.07113
3.20038
2.07939
1.39507
0.967852
0.692761
0.509703
0.384123
0.295674
0.2319
0.184956
0.149775
0.122992
0.102311
0.0861651
0.0734364
0.0633244
0.055306
12.9054
8.33993
5.07879
3.15547
2.02775
1.35122
0.933564
0.666506
0.489624
0.368719
0.283798
0.222671
0.177734
0.144095
0.118508
0.0987763
0.0833857
0.0712558
0.0615939
0.0538464
13.6679
8.73671
5.07741
3.05388
1.92224
1.26611
0.869317
0.618682
0.454045
0.342176
0.263867
0.207633
0.166368
0.135505
0.111995
0.0937987
0.079629
0.0683339
0.0595266
0.0535494
16.5373
9.49239
5.0127
2.8606
1.75746
1.14761
0.786962
0.56211
0.415473
0.316119
0.246602
0.196627
0.159808
0.132131
0.111018
0.0948399
0.0822603
0.0716466
0.0645772
0.0607247
58.5856
14.5696
6.08946
3.33294
2.08218
1.40271
0.998737
0.740462
0.566183
0.444417
0.356751
0.291986
0.243013
0.205324
0.176011
0.153477
0.135974
0.122454
0.111615
0.103889
45.0226
13.4729
5.73075
3.07323
1.86023
1.22702
0.873631
0.649885
0.497193
0.389825
0.311808
0.25372
0.210012
0.176659
0.150894
0.130698
0.114807
0.10231
0.0926369
0.0857617
13.6679
8.73671
5.07741
3.05388
1.92224
1.26611
0.869317
0.618682
0.454045
0.342175
0.263866
0.207632
0.166365
0.135501
0.111997
0.0938009
0.0796309
0.0683354
0.0595275
0.0535536
11.8601
7.76395
4.99734
3.24076
2.1442
1.455
1.01412
0.725666
0.532209
0.399236
0.305683
0.23843
0.189133
0.152362
0.124493
0.103062
0.0863959
0.0732828
0.0629375
0.0548175
11.6229
7.60535
5.0103
3.34209
2.26848
1.57143
1.11237
0.804608
0.594239
0.447577
0.343308
0.267785
0.212129
0.170462
0.138809
0.114435
0.09546
0.0805404
0.0687228
0.0593208
11.5726
7.56718
5.02065
3.38345
2.32103
1.62327
1.15829
0.843173
0.625721
0.472901
0.363569
0.283988
0.225111
0.180898
0.147231
0.121259
0.101011
0.0850725
0.0724259
0.0623113
11.5726
7.56718
5.02065
3.38345
2.32103
1.62327
1.1583
0.843178
0.625727
0.472908
0.363578
0.283999
0.225127
0.18092
0.147255
0.121286
0.101041
0.0851064
0.0724637
0.0623789
11.6229
7.60535
5.01031
3.34209
2.26849
1.57143
1.11237
0.804615
0.594248
0.447588
0.343323
0.267806
0.21216
0.170497
0.138838
0.114473
0.0955067
0.0805955
0.0687843
0.0594114
11.8601
7.76395
4.99734
3.24076
2.1442
1.455
1.01412
0.725666
0.532209
0.399237
0.305684
0.238433
0.18914
0.152368
0.124488
0.103057
0.0863914
0.0732794
0.0629346
0.0548101
13.6679
8.73671
5.0774
3.05388
1.92223
1.2661
0.86931
0.618673
0.454034
0.342161
0.263849
0.20761
0.166338
0.135467
0.111947
0.0937397
0.0795613
0.0682657
0.059468
0.0525961
45.0226
13.4729
5.73074
3.07322
1.86022
1.227
0.873614
0.649863
0.497164
0.389775
0.311744
0.253634
0.209892
0.176489
0.150643
0.130327
0.114244
0.10145
0.0913251
0.0839763
38.7028
13.0541
5.74336
3.08733
1.88066
1.22752
0.869536
0.645493
0.492775
0.385067
0.307573
0.249794
0.206014
0.172406
0.146303
0.125833
0.109655
0.0967979
0.0865662
0.0787841
12.9054
8.33993
5.07879
3.15547
2.02775
1.35122
0.933564
0.666506
0.489623
0.368719
0.283797
0.22267
0.177731
0.144091
0.118511
0.0987781
0.0833871
0.0712568
0.0615944
0.0538476
11.6229
7.60535
5.01031
3.34209
2.26849
1.57143
1.11237
0.804615
0.594248
0.447588
0.343322
0.267803
0.212152
0.17049
0.138843
0.114477
0.09551
0.0805981
0.068787
0.0594192
11.4933
7.5119
5.02843
3.434
2.38921
1.69281
1.22112
0.896499
0.669477
0.508159
0.391719
0.306388
0.242948
0.195143
0.158654
0.130465
0.108466
0.091138
0.0773774
0.0663516
11.4757
7.50136
5.04297
3.47002
2.43665
1.74299
1.26863
0.938718
0.705595
0.538359
0.416636
0.326804
0.259627
0.208766
0.169798
0.139603
0.115984
0.0973408
0.0824972
0.0705017
11.4757
7.50136
5.04297
3.47002
2.43665
1.74299
1.26863
0.938719
0.705597
0.538361
0.416639
0.326808
0.259634
0.208776
0.169806
0.139611
0.115991
0.0973487
0.0825051
0.0705081
11.4933
7.5119
5.02843
3.434
2.38921
1.69281
1.22112
0.896499
0.669478
0.50816
0.39172
0.306392
0.242958
0.195149
0.158648
0.130459
0.108462
0.0911345
0.077373
0.0663387
11.6229
7.60535
5.0103
3.34209
2.26848
1.57143
1.11237
0.804608
0.59424
0.447577
0.343309
0.267788
0.212137
0.170468
0.138801
0.114428
0.0954543
0.0805358
0.0687183
0.0593092
12.9054
8.33993
5.07879
3.15547
2.02774
1.35121
0.933553
0.666493
0.489608
0.368699
0.283772
0.222639
0.177693
0.144045
0.118443
0.0986965
0.0832923
0.071153
0.0615234
0.0537574
38.7028
13.0541
5.74335
3.08732
1.88065
1.22751
0.869518
0.64547
0.492745
0.385027
0.307515
0.249716
0.205904
0.172251
0.146082
0.125511
0.109177
0.0960754
0.0854971
0.0775413
36.0571
12.8529
5.76644
3.10211
1.89475
1.22671
0.866554
0.644084
0.492421
0.38424
0.30632
0.248627
0.204889
0.171263
0.145098
0.124523
0.108199
0.0951532
0.0847671
0.0775072
12.6882
8.1544
5.07113
3.20038
2.07939
1.39507
0.967852
0.692761
0.509703
0.384123
0.295674
0.2319
0.184954
0.149771
0.122987
0.102309
0.0861644
0.0734363
0.0633246
0.0553066
11.5726
7.56718
5.02065
3.38345
2.32103
1.62327
1.1583
0.843178
0.625726
0.472908
0.363578
0.283998
0.225125
0.180914
0.147251
0.121284
0.101041
0.0851066
0.0724648
0.0623831
11.4757
7.50136
5.04297
3.47002
2.43665
1.74299
1.26863
0.938719
0.705597
0.538361
0.416639
0.326807
0.259631
0.20877
0.169803
0.13961
0.115991
0.0973495
0.0825078
0.0705191
11.4647
7.49683
5.0577
3.50272
2.48038
1.79068
1.31522
0.981303
0.742925
0.570217
0.443372
0.349015
0.27798
0.223897
0.182273
0.149905
0.124511
0.104418
0.088373
0.0753283
11.4647
7.49683
5.0577
3.50272
2.48038
1.79068
1.31522
0.981303
0.742925
0.570217
0.443372
0.349016
0.277982
0.223901
0.182275
0.149906
0.124511
0.104417
0.0883716
0.0753234
11.4757
7.50136
5.04297
3.47002
2.43665
1.74299
1.26863
0.938718
0.705596
0.538359
0.416638
0.326808
0.259636
0.208771
0.16979
0.139597
0.115979
0.0973373
0.0824941
0.0704963
11.5726
7.56718
5.02065
3.38345
2.32103
1.62327
1.15829
0.843174
0.625721
0.472901
0.36357
0.283991
0.225119
0.180902
0.147222
0.121251
0.101005
0.0850676
0.0724217
0.0623036
12.6882
8.1544
5.07113
3.20038
2.07939
1.39506
0.967847
0.692755
0.509695
0.384113
0.295662
0.231886
0.184939
0.149752
0.122952
0.102266
0.0861155
0.0733825
0.0632719
0.0552429
36.0571
12.8529
5.76644
3.10211
1.89475
1.2267
0.866546
0.644074
0.492408
0.384222
0.306294
0.248593
0.204841
0.171195
0.145001
0.124383
0.107996
0.0948602
0.0843447
0.0768828
36.0571
12.8529
5.76644
3.10211
1.89475
1.2267
0.866546
0.644074
0.492407
0.384222
0.306293
0.248593
0.204842
0.171196
0.145002
0.124384
0.107995
0.0948594
0.0843436
0.0768816
12.6882
8.1544
5.07113
3.20038
2.07939
1.39506
0.967847
0.692754
0.509695
0.384113
0.295662
0.231885
0.184935
0.149746
0.122956
0.102271
0.08612
0.0733863
0.0632749
0.0552464
11.5726
7.56718
5.02065
3.38345
2.32103
1.62327
1.15829
0.843173
0.625721
0.472901
0.363569
0.283987
0.225111
0.180897
0.14723
0.121259
0.101011
0.0850726
0.0724259
0.0623094
11.4757
7.50136
5.04297
3.47002
2.43665
1.74299
1.26863
0.938718
0.705595
0.538359
0.416636
0.326804
0.259627
0.208766
0.169797
0.139603
0.115984
0.0973412
0.082498
0.070504
11.4647
7.49683
5.0577
3.50272
2.48038
1.79068
1.31522
0.981303
0.742925
0.570217
0.443372
0.349015
0.27798
0.223898
0.182273
0.149906
0.124512
0.104418
0.0883735
0.0753288
11.4647
7.49683
5.0577
3.50272
2.48038
1.79068
1.31522
0.981303
0.742925
0.570218
0.443372
0.349016
0.277982
0.223902
0.182275
0.149906
0.124511
0.104418
0.0883731
0.0753284
11.4757
7.50136
5.04297
3.47002
2.43665
1.74299
1.26863
0.93872
0.705597
0.538361
0.41664
0.326811
0.25964
0.208776
0.169796
0.139605
0.115987
0.0973465
0.0825048
0.0705122
11.5726
7.56718
5.02065
3.38345
2.32103
1.62327
1.1583
0.843178
0.625727
0.472908
0.363579
0.284002
0.225133
0.18092
0.147243
0.121277
0.101035
0.0851021
0.072461
0.0623773
12.6882
8.1544
5.07113
3.20038
2.07939
1.39507
0.967853
0.692761
0.509704
0.384123
0.295675
0.231901
0.184958
0.149776
0.122982
0.102304
0.0861601
0.0734327
0.0633216
0.0553029
36.0571
12.8529
5.76644
3.10211
1.89475
1.22671
0.866554
0.644084
0.492421
0.38424
0.30632
0.248628
0.204889
0.171263
0.145098
0.124523
0.108199
0.0951542
0.0847684
0.0775087
38.7028
13.0541
5.74335
3.08732
1.88065
1.22751
0.869518
0.64547
0.492745
0.385027
0.307514
0.249716
0.205905
0.172252
0.146082
0.125511
0.109177
0.0960746
0.085496
0.07754
12.9054
8.33993
5.07879
3.15547
2.02774
1.35121
0.933553
0.666493
0.489607
0.368699
0.283772
0.222638
0.17769
0.14404
0.118448
0.0987012
0.0832966
0.0711565
0.0615262
0.0537603
11.6229
7.60535
5.0103
3.34209
2.26848
1.57143
1.11237
0.804608
0.594239
0.447577
0.343308
0.267786
0.21213
0.170462
0.138809
0.114436
0.0954605
0.0805408
0.0687223
0.0593135
11.4933
7.5119
5.02843
3.434
2.38921
1.69281
1.22112
0.896499
0.669477
0.508159
0.391719
0.306389
0.242949
0.195144
0.158655
0.130466
0.108467
0.0911386
0.0773765
0.0663427
11.4757
7.50136
5.04297
3.47002
2.43665
1.74299
1.26863
0.93872
0.705597
0.538361
0.416639
0.326808
0.259632
0.208772
0.169805
0.139612
0.115993
0.0973504
0.0825072
0.0705116
11.4757
7.50136
5.04297
3.47002
2.43665
1.74299
1.26863
0.938718
0.705595
0.538359
0.416637
0.326806
0.25963
0.208772
0.169802
0.139605
0.115985
0.0973416
0.082498
0.070503
11.4933
7.5119
5.02843
3.434
2.38921
1.69281
1.22112
0.896499
0.669477
0.50816
0.39172
0.306392
0.242958
0.19515
0.158649
0.13046
0.108463
0.0911356
0.0773751
0.0663459
11.6229
7.60535
5.01031
3.34209
2.26849
1.57143
1.11237
0.804615
0.594248
0.447588
0.343323
0.267807
0.21216
0.170496
0.138836
0.114471
0.0955049
0.080594
0.0687836
0.0594145
12.9054
8.33993
5.07879
3.15547
2.02775
1.35122
0.933564
0.666506
0.489623
0.368719
0.283798
0.222672
0.177735
0.144096
0.118507
0.0987738
0.0833831
0.0712533
0.0615915
0.0538442
38.7028
13.0541
5.74336
3.08733
1.88066
1.22753
0.869537
0.645494
0.492776
0.385067
0.307574
0.249795
0.206014
0.172406
0.146303
0.125833
0.109656
0.0967994
0.0865681
0.0787863
45.0226
13.4729
5.73074
3.07322
1.86022
1.227
0.873615
0.649864
0.497164
0.389775
0.311744
0.253635
0.209893
0.17649
0.150644
0.130327
0.114244
0.101449
0.091324
0.083975
13.6679
8.73671
5.0774
3.05388
1.92223
1.2661
0.86931
0.618673
0.454034
0.342161
0.263848
0.207609
0.166336
0.135463
0.11195
0.0937432
0.0795645
0.0682682
0.0594695
0.0525985
11.8601
7.76395
4.99734
3.24076
2.1442
1.455
1.01412
0.725666
0.532209
0.399237
0.305683
0.238431
0.189134
0.152362
0.124494
0.103062
0.086396
0.0732828
0.0629369
0.0548121
11.6229
7.60535
5.01031
3.34209
2.26849
1.57143
1.11237
0.804615
0.594248
0.447588
0.343322
0.267804
0.212152
0.170491
0.138844
0.114478
0.0955106
0.0805982
0.0687861
0.0594124
11.5726
7.56718
5.02065
3.38345
2.32103
1.62327
1.1583
0.843178
0.625727
0.472908
0.363578
0.283999
0.225126
0.180916
0.147253
0.121286
0.101042
0.0851071
0.0724642
0.0623783
11.5726
7.56718
5.02065
3.38345
2.32103
1.62327
1.15829
0.843173
0.625721
0.472901
0.36357
0.283989
0.225114
0.180904
0.147235
0.121261
0.101012
0.0850724
0.0724252
0.0623067
11.6229
7.60535
5.0103
3.34209
2.26848
1.57143
1.11237
0.804607
0.594239
0.447577
0.343309
0.267788
0.212138
0.17047
0.138804
0.114431
0.0954568
0.0805377
0.0687199
0.0593119
11.8601
7.76395
4.99734
3.24076
2.1442
1.455
1.01412
0.725665
0.532208
0.399237
0.305684
0.238433
0.18914
0.152369
0.124488
0.103057
0.086391
0.0732787
0.0629338
0.0548107
13.6679
8.73671
5.07741
3.05388
1.92224
1.26611
0.869317
0.618681
0.454045
0.342176
0.263867
0.207633
0.166367
0.135505
0.111994
0.0937971
0.0796272
0.0683321
0.0595249
0.0535526
45.0226
13.4729
5.73075
3.07323
1.86023
1.22702
0.873631
0.649886
0.497193
0.389825
0.311808
0.253721
0.210012
0.176658
0.150893
0.130698
0.114809
0.102312
0.0926401
0.0857657
58.5856
14.5696
6.08946
3.33294
2.08218
1.40271
0.998737
0.740462
0.566184
0.444417
0.356751
0.291986
0.243013
0.205326
0.176012
0.153477
0.135974
0.122453
0.111614
0.103888
16.5373
9.49238
5.0127
2.8606
1.75746
1.14761
0.786963
0.56211
0.415473
0.316119
0.246602
0.196627
0.159807
0.132129
0.111018
0.094841
0.0822612
0.0716475
0.0645769
0.0607249
13.6679
8.73671
5.07741
3.05388
1.92224
1.26611
0.869317
0.618682
0.454045
0.342176
0.263867
0.207632
0.166365
0.135501
0.111998
0.0938004
0.0796301
0.0683345
0.0595267
0.0535487
12.9054
8.33993
5.07879
3.15547
2.02775
1.35122
0.933565
0.666506
0.489624
0.368719
0.283798
0.222671
0.177731
0.144091
0.118511
0.0987777
0.0833862
0.0712556
0.0615933
0.053845
12.6882
8.1544
5.07113
3.20038
2.07939
1.39507
0.967852
0.692762
0.509704
0.384123
0.295674
0.2319
0.184955
0.149772
0.122988
0.102309
0.0861637
0.0734351
0.0633232
0.0553039
12.6882
8.1544
5.07113
3.20038
2.07939
1.39506
0.967847
0.692754
0.509695
0.384113
0.295662
0.231885
0.184937
0.149751
0.122961
0.102272
0.0861193
0.0733848
0.0632732
0.0552437
12.9054
8.33993
5.07879
3.15547
2.02775
1.35121
0.933553
0.666492
0.489607
0.368699
0.283772
0.222639
0.177693
0.144044
0.118444
0.098698
0.0832936
0.0711539
0.0615239
0.0537576
13.6679
8.73671
5.0774
3.05388
1.92223
1.2661
0.86931
0.618673
0.454034
0.342161
0.263849
0.20761
0.166338
0.135467
0.111947
0.0937397
0.0795611
0.0682653
0.0594674
0.0525967
16.5373
9.49239
5.0127
2.8606
1.75746
1.14761
0.786963
0.562109
0.415473
0.316119
0.246602
0.196627
0.159808
0.13213
0.111017
0.0948391
0.0822596
0.071646
0.0645771
0.060725
58.5856
14.5696
6.08946
3.33295
2.08219
1.40271
0.998742
0.740469
0.566192
0.444436
0.356778
0.292029
0.24308
0.20546
0.176209
0.153786
0.136509
0.123473
0.113694
0.107401
90.5034
12.1248
4.38868
2.46659
1.63313
1.18307
0.902044
0.720664
0.594721
0.502625
0.43306
0.379892
0.33689
0.302051
0.273349
0.25035
0.23244
0.218074
0.209067
0.203667
58.5856
14.5696
6.08946
3.33295
2.08219
1.40271
0.998742
0.740469
0.566192
0.444435
0.356778
0.292028
0.24308
0.205461
0.17621
0.153786
0.136508
0.123471
0.113692
0.107398
45.0226
13.4729
5.73075
3.07323
1.86023
1.22702
0.873631
0.649886
0.497193
0.389825
0.311808
0.25372
0.210013
0.176659
0.150894
0.130698
0.114808
0.102311
0.0926386
0.0857644
38.7028
13.0541
5.74336
3.08733
1.88066
1.22753
0.869536
0.645494
0.492776
0.385067
0.307573
0.249795
0.206014
0.172407
0.146304
0.125833
0.109655
0.0967985
0.0865669
0.0787852
36.0571
12.8529
5.76644
3.10211
1.89475
1.22671
0.866554
0.644085
0.492421
0.38424
0.30632
0.248628
0.20489
0.171264
0.145098
0.124523
0.108198
0.0951532
0.0847672
0.0775075
36.0571
12.8529
5.76644
3.10211
1.89475
1.2267
0.866547
0.644075
0.492408
0.384222
0.306294
0.248593
0.204842
0.171196
0.145001
0.124383
0.107995
0.0948589
0.0843435
0.0768818
38.7028
13.0541
5.74335
3.08732
1.88065
1.22751
0.869518
0.645471
0.492746
0.385027
0.307515
0.249716
0.205905
0.172253
0.146083
0.125512
0.109178
0.096076
0.0854975
0.0775415
45.0226
13.4729
5.73074
3.07322
1.86022
1.227
0.873615
0.649864
0.497164
0.389776
0.311745
0.253635
0.209893
0.17649
0.150644
0.130328
0.114246
0.101451
0.0913262
0.0839772
58.5856
14.5696
6.08946
3.33294
2.08218
1.40271
0.998738
0.740462
0.566184
0.444417
0.356751
0.291987
0.243014
0.205325
0.176012
0.153478
0.135976
0.122456
0.111616
0.103891
90.5034
12.1248
4.38868
2.46659
1.63313
1.18307
0.902044
0.720664
0.594722
0.502625
0.43306
0.379893
0.336891
0.302051
0.273349
0.25035
0.232442
0.218075
0.209069
0.203671
0.359877
0.290283
0.240125
0.214697
0.202622
0.196551
0.192896
0.190431
0.188695
0.187468
0.186562
0.185867
0.185349
0.184969
0.18469
0.184492
0.184361
0.18429
0.184255
0.184253
0.184273
0.184309
0.184356
0.184401
0.18444
0.184468
0.184486
0.184503
0.184525
0.184544
0.184559
0.184561
0.184554
0.184562
0.184524
0.184543
0.184558
0.184563
0.184565
0.18456
0.146233
0.121243
0.106329
0.096513
0.0913828
0.0883049
0.0861609
0.0846166
0.0834666
0.082603
0.0819493
0.081451
0.0810714
0.0807846
0.0805732
0.0804238
0.080327
0.0802712
0.0802475
0.0802458
0.0802581
0.0802784
0.0802985
0.0803129
0.080326
0.0803406
0.0803572
0.0803747
0.0803875
0.0803925
0.0803954
0.080399
0.0804043
0.0804066
0.0803875
0.080393
0.0803991
0.0804076
0.0804192
0.0804332
0.105852
0.0896197
0.0799676
0.0742
0.0697571
0.0666857
0.0644993
0.0628802
0.0616689
0.0607554
0.0600575
0.0595229
0.0591123
0.0587999
0.0585682
0.0584029
0.0582879
0.0582142
0.0581667
0.0581488
0.0581454
0.0581502
0.0581553
0.0581567
0.0581623
0.0581726
0.0581868
0.0582016
0.0582109
0.0582135
0.0582165
0.0582223
0.0582307
0.05824
0.058247
0.0582433
0.0582441
0.0582495
0.0582589
0.0582709
0.0845169
0.0758869
0.0695316
0.0646962
0.0609618
0.0580834
0.0558705
0.0541742
0.052876
0.0518855
0.0511304
0.0505502
0.0501027
0.0497614
0.0495064
0.0493226
0.0491941
0.0491049
0.0490561
0.049017
0.0490071
0.0490035
0.0489986
0.0489913
0.0489917
0.0489995
0.0490125
0.0490264
0.0490332
0.049034
0.0490369
0.0490441
0.0490545
0.0490653
0.0490694
0.04907
0.0490716
0.0490774
0.0490872
0.0490991
0.0743237
0.0685191
0.0637038
0.0597638
0.0565304
0.0539215
0.0518436
0.0502049
0.0489227
0.0479263
0.0471551
0.0465547
0.0460871
0.0457313
0.045465
0.0452697
0.0451308
0.0450366
0.0449773
0.0449426
0.0449247
0.0449148
0.0449039
0.0448909
0.0448886
0.0448961
0.0449088
0.0449224
0.0449284
0.0449287
0.0449322
0.0449403
0.0449516
0.0449628
0.0449667
0.044967
0.0449686
0.0449756
0.0449855
0.0449967
0.0755315
0.0680267
0.0625343
0.0583536
0.0550679
0.0524814
0.0504476
0.0488519
0.0476033
0.0466295
0.0458722
0.0452799
0.044816
0.0444615
0.0441946
0.0439977
0.0438569
0.043761
0.0437
0.0436644
0.0436457
0.043635
0.0436232
0.0436107
0.0436094
0.0436175
0.0436315
0.0436456
0.0436514
0.0436512
0.0436547
0.0436629
0.0436741
0.0436845
0.0436867
0.0436868
0.0436897
0.043694
0.0437031
0.0437142
0.0802341
0.0704892
0.0638865
0.0592173
0.0557763
0.0531696
0.0511712
0.0496302
0.0484379
0.0475151
0.0468
0.0462405
0.0458018
0.0454659
0.0452134
0.0450283
0.0448974
0.0448087
0.0447537
0.0447227
0.0447075
0.0446999
0.0446911
0.0446808
0.044681
0.0446902
0.0447035
0.0447167
0.0447213
0.04472
0.0447228
0.0447302
0.0447407
0.0447498
0.0447507
0.044749
0.0447498
0.0447528
0.0447616
0.044773
0.085374
0.0726117
0.0658694
0.061636
0.0584615
0.0560491
0.05421
0.052807
0.05173
0.050902
0.0502601
0.0497569
0.0493603
0.0490556
0.048828
0.0486627
0.0485499
0.0484748
0.0484294
0.0484073
0.0483988
0.0483981
0.0483963
0.048392
0.0483952
0.0484047
0.0484186
0.0484322
0.0484376
0.0484357
0.0484382
0.0484444
0.0484539
0.0484627
0.0484647
0.0484587
0.0484537
0.0484543
0.0484623
0.0484749
0.0866104
0.0791321
0.0733714
0.0689325
0.065772
0.0635536
0.0619707
0.0607972
0.0598828
0.0591672
0.0586081
0.0581734
0.0578252
0.0575544
0.0573513
0.0572076
0.0571101
0.0570484
0.0570091
0.0570007
0.0570033
0.0570129
0.0570223
0.0570268
0.057035
0.0570469
0.0570618
0.0570767
0.0570853
0.0570859
0.0570876
0.057092
0.0570986
0.0571046
0.0571026
0.0570832
0.0570703
0.0570713
0.0570839
0.0571017
0.125301
0.107691
0.0958031
0.0894233
0.086169
0.0841773
0.0828752
0.0819261
0.0811647
0.0805534
0.0800606
0.0796691
0.0793572
0.0791151
0.0789351
0.0788086
0.0787294
0.0786858
0.0786712
0.0786759
0.078693
0.0787174
0.0787414
0.0787587
0.078774
0.0787897
0.0788065
0.0788239
0.0788368
0.0788409
0.0788423
0.0788443
0.0788478
0.0788517
0.0788509
0.0788393
0.0788161
0.0788094
0.0788175
0.0788353
0.359886
0.290283
0.240151
0.214673
0.202595
0.196544
0.192912
0.19046
0.188732
0.187507
0.186595
0.185897
0.185374
0.184986
0.184705
0.184506
0.184376
0.184307
0.184274
0.184274
0.184295
0.18433
0.184378
0.184423
0.184462
0.184489
0.184506
0.184523
0.184544
0.184562
0.184575
0.184575
0.184568
0.184562
0.184574
0.184577
0.184557
0.184539
0.18453
0.184526
0.125298
0.107692
0.0957923
0.0894368
0.0861715
0.0841652
0.082852
0.0818984
0.0811356
0.0805264
0.0800396
0.0796502
0.0793435
0.0791055
0.0789262
0.0787989
0.0787187
0.078674
0.0786586
0.078663
0.0786802
0.0787048
0.0787291
0.078747
0.0787624
0.0787784
0.0787958
0.078814
0.0788276
0.0788326
0.0788351
0.0788374
0.0788405
0.0788394
0.0788108
0.0788127
0.078816
0.0788242
0.078837
0.0788524
0.0666558
0.0580321
0.0507967
0.0463504
0.0437827
0.0421022
0.0409096
0.040027
0.0393279
0.0388048
0.0383818
0.0380696
0.0377699
0.0375941
0.037451
0.037337
0.0372551
0.0371982
0.0371649
0.0371438
0.0371423
0.0371493
0.0371658
0.0371877
0.0372149
0.0372126
0.0372101
0.0372166
0.037233
0.0372481
0.0372677
0.0372643
0.0372545
0.0372701
0.0374305
0.0372913
0.0372906
0.0372821
0.0372596
0.0372523
0.0587446
0.0488498
0.0417628
0.0379388
0.0352982
0.0333636
0.0317918
0.0307331
0.0297334
0.0291122
0.028529
0.0281341
0.027799
0.0275649
0.0273886
0.0272345
0.0271228
0.0270379
0.0269801
0.0269394
0.0269278
0.0269328
0.0269849
0.0270637
0.0270481
0.0270087
0.0269899
0.0269987
0.0270447
0.0271223
0.0271021
0.0270545
0.0270424
0.0270308
0.0270969
0.0271742
0.0271396
0.0270799
0.0270599
0.027028
0.0542862
0.046375
0.0404852
0.0359335
0.0333132
0.0311963
0.0295017
0.0281548
0.0270749
0.0262308
0.0255663
0.0250585
0.0246608
0.0243853
0.0241268
0.0239095
0.0237882
0.0236424
0.0235719
0.023514
0.0234716
0.0234819
0.02356
0.023667
0.0236294
0.0235806
0.0235476
0.0235446
0.0236128
0.0237165
0.023674
0.0236194
0.0235852
0.0235676
0.0236455
0.0237297
0.0236848
0.0236426
0.0236107
0.0235602
0.0495422
0.0441937
0.0396488
0.0354462
0.0325559
0.0304853
0.028748
0.0273173
0.0261548
0.0252208
0.0244875
0.023974
0.0236207
0.0232208
0.0229054
0.022667
0.0224882
0.0223617
0.0222445
0.022188
0.0221147
0.0221286
0.0222317
0.0223531
0.0222904
0.0222308
0.0221836
0.0221691
0.0222453
0.022359
0.0223058
0.0222563
0.022212
0.0221992
0.0222752
0.0223799
0.0223282
0.0222781
0.0222343
0.0221774
0.0493367
0.0439138
0.0394242
0.0353591
0.0323656
0.030305
0.0285475
0.027085
0.0258923
0.024934
0.0241821
0.0236574
0.0232927
0.0228845
0.0225579
0.0223046
0.0221167
0.0219791
0.0218749
0.0218023
0.0217326
0.021739
0.0218438
0.0219643
0.0218975
0.0218374
0.0217943
0.0217618
0.0218544
0.0219734
0.0219171
0.0218639
0.0218227
0.0218074
0.0218904
0.0220094
0.0219496
0.0218909
0.0218404
0.0218042
0.049781
0.0441687
0.0394484
0.0352794
0.0325285
0.0304433
0.0287046
0.0272828
0.0261343
0.0252155
0.0244965
0.0239867
0.0236253
0.0232309
0.0229232
0.0226915
0.0225116
0.0223888
0.0222709
0.0222144
0.0221516
0.0221631
0.0222582
0.02238
0.0223322
0.0222815
0.0222419
0.0222369
0.0223231
0.0224416
0.0223857
0.0223322
0.0222898
0.0222643
0.0223572
0.0224834
0.0224166
0.0223569
0.0223121
0.0222768
0.0489917
0.0442606
0.0391673
0.0353949
0.0329046
0.0308822
0.0292621
0.0279744
0.0269496
0.0261481
0.0255371
0.0250481
0.0247263
0.0244304
0.0241599
0.0239804
0.0237913
0.0237024
0.0236091
0.0235452
0.0235299
0.0235386
0.0236214
0.0237315
0.0236959
0.0236479
0.0236203
0.0236215
0.0236972
0.0238039
0.0237604
0.0237003
0.0236647
0.0236424
0.023672
0.0237448
0.0237792
0.0237468
0.0237031
0.0236619
0.0537554
0.0458768
0.040386
0.0371556
0.0347486
0.0329205
0.0314748
0.0304018
0.0295467
0.0288938
0.0284045
0.0279764
0.0277131
0.0274899
0.0273114
0.0271674
0.0270574
0.0269787
0.0269231
0.026888
0.0268809
0.0268888
0.0269413
0.0270218
0.0270041
0.0269717
0.0269563
0.0269655
0.0270135
0.0270903
0.0270669
0.0270213
0.0270059
0.027002
0.027027
0.0271273
0.0271191
0.0270935
0.0270342
0.026994
0.0666575
0.0580305
0.0507845
0.0463925
0.0437681
0.0420891
0.0409094
0.0400277
0.039337
0.038811
0.0384035
0.0380356
0.037799
0.0376063
0.0374524
0.037336
0.0372533
0.0371976
0.0371642
0.0371439
0.037142
0.03715
0.0371659
0.0371903
0.0372152
0.0372135
0.037213
0.0372192
0.0372365
0.0372506
0.0372672
0.0372658
0.0372495
0.0372512
0.0372591
0.0372484
0.0373102
0.0372904
0.0372574
0.0372418
0.146234
0.121238
0.10633
0.0964994
0.0913747
0.0883101
0.0861752
0.0846356
0.0834871
0.0826226
0.0819639
0.0814615
0.0810776
0.080789
0.080579
0.0804323
0.0803375
0.0802835
0.0802615
0.0802606
0.0802732
0.0802935
0.0803137
0.080328
0.0803413
0.0803559
0.0803724
0.0803894
0.0804016
0.0804057
0.0804071
0.0804096
0.0804138
0.0804182
0.0804172
0.0804063
0.0803874
0.0803828
0.0803926
0.0804114
0.0866059
0.0791258
0.0733567
0.0689035
0.0657361
0.0635154
0.0619328
0.0607617
0.0598507
0.0591393
0.0585852
0.0581509
0.0578092
0.0575441
0.0573448
0.0572025
0.057105
0.0570431
0.0570035
0.0569954
0.0569985
0.0570085
0.0570184
0.057024
0.0570327
0.0570451
0.0570604
0.0570755
0.0570846
0.0570859
0.0570873
0.0570906
0.0570958
0.0570978
0.0570905
0.0570736
0.0570677
0.0570747
0.0570896
0.057108
0.0537591
0.0458762
0.0404275
0.0372642
0.0348175
0.0329582
0.0314893
0.0304106
0.0295446
0.0288991
0.0284026
0.0280096
0.0276977
0.0274816
0.0273138
0.0271699
0.0270638
0.0269841
0.0269297
0.0268913
0.0268827
0.0268895
0.0269408
0.0270189
0.0270061
0.0269693
0.0269541
0.0269647
0.0270087
0.0270841
0.0270666
0.0270215
0.0270097
0.0270123
0.0270828
0.02722
0.0271461
0.0270656
0.0270204
0.0269901
0.0485564
0.0429049
0.0380608
0.0343354
0.03142
0.0291621
0.0273999
0.0260187
0.0248232
0.0241195
0.0235504
0.023004
0.0226402
0.0223672
0.0221237
0.0219266
0.0217727
0.0216538
0.0215637
0.0215003
0.0214669
0.021485
0.0215635
0.0216858
0.0216642
0.0216002
0.0215867
0.0215862
0.0216449
0.0217646
0.0217392
0.0216656
0.0216383
0.0216349
0.0216636
0.0217811
0.0217739
0.0216955
0.0216506
0.0215908
0.0506364
0.0446425
0.0396164
0.0355014
0.0322347
0.0296289
0.0275447
0.0258666
0.024514
0.0234588
0.0226207
0.0219857
0.0216551
0.0212597
0.0209348
0.0206783
0.0204805
0.0203231
0.0202023
0.0201079
0.0200491
0.0200735
0.0202028
0.0203487
0.0202849
0.020224
0.0201676
0.0201675
0.0202841
0.0204254
0.0203516
0.0202818
0.0202238
0.0202233
0.0203403
0.0204764
0.0203933
0.0203096
0.0202317
0.0201626
0.0525507
0.0461183
0.0408973
0.0366081
0.0331574
0.0303838
0.0281369
0.0263137
0.0248366
0.0236446
0.022686
0.0219554
0.0215
0.0210243
0.0206449
0.0204018
0.020196
0.0200274
0.0198935
0.0197928
0.0197353
0.0197461
0.0199015
0.0200457
0.0199433
0.0198488
0.019779
0.0197436
0.0198936
0.0200459
0.0199621
0.0198806
0.0198201
0.0198181
0.0199601
0.0201123
0.0200168
0.0199172
0.0198243
0.0197559
0.0525524
0.0463482
0.0412133
0.0369506
0.0334734
0.0306596
0.0283692
0.0265034
0.0249865
0.0237583
0.0227733
0.0220263
0.0215394
0.0210612
0.0206592
0.0203362
0.0201522
0.0199849
0.0198479
0.0197435
0.0196818
0.0196917
0.0198579
0.0200084
0.0198981
0.0197974
0.0197208
0.0197106
0.0198501
0.0200054
0.0199153
0.0198295
0.0197669
0.0197699
0.0199291
0.0200891
0.0199859
0.0198763
0.0197758
0.0197013
0.0516233
0.045608
0.040597
0.0364414
0.0330641
0.0303237
0.0280982
0.0262948
0.0248349
0.0236598
0.0227164
0.0220029
0.0215292
0.0210456
0.0206742
0.0204225
0.0202043
0.0200262
0.0198848
0.0197804
0.0197196
0.0197275
0.0198769
0.020038
0.0199627
0.0198882
0.0198305
0.0198288
0.0199669
0.0201213
0.0200361
0.0199541
0.0198967
0.0199129
0.0201066
0.0202479
0.0201213
0.0200056
0.0199066
0.0198338
0.0501399
0.0441557
0.0392242
0.0352328
0.0320502
0.0295121
0.0274843
0.0258429
0.0245147
0.0234804
0.0226592
0.0220888
0.0217852
0.0213633
0.021022
0.0207557
0.0205342
0.0203698
0.0202235
0.0201394
0.0200842
0.020114
0.0202454
0.0203977
0.0203458
0.0202937
0.0202355
0.0202449
0.0203596
0.0205051
0.0204405
0.0203539
0.0203049
0.0203089
0.0204371
0.0205888
0.0205075
0.0204096
0.0203204
0.0202425
0.0485419
0.0428835
0.0380369
0.0342697
0.0313668
0.0291222
0.0273718
0.0259977
0.0248085
0.0241114
0.0235445
0.0230411
0.022655
0.0223494
0.0221005
0.0219029
0.0217476
0.0216296
0.0215408
0.0214793
0.0214466
0.0214628
0.0215459
0.0216762
0.0216544
0.0216244
0.0215702
0.0215798
0.0216444
0.0217698
0.0217439
0.021669
0.0216269
0.0216382
0.0217308
0.0218673
0.021806
0.0217362
0.0216471
0.0215831
0.0587723
0.0488641
0.0417765
0.0379072
0.035269
0.0333251
0.0317966
0.0307004
0.0297538
0.0291051
0.028537
0.0281431
0.02781
0.0275791
0.02737
0.0272197
0.0271037
0.027023
0.0269668
0.0269278
0.0269173
0.0269229
0.0269747
0.0270573
0.0270384
0.0269983
0.0269918
0.0269957
0.0270439
0.0271276
0.0270988
0.027049
0.027035
0.0270345
0.0270655
0.0271957
0.027172
0.0271227
0.0270557
0.0270173
0.10585
0.0896159
0.07996
0.0742052
0.0697655
0.0666981
0.0645116
0.0628937
0.0616812
0.0607661
0.0600633
0.0595228
0.05911
0.0587996
0.0585721
0.0584108
0.0582988
0.0582256
0.0581807
0.0581639
0.0581608
0.0581658
0.0581712
0.058173
0.0581789
0.0581895
0.0582034
0.0582178
0.0582262
0.0582278
0.0582293
0.0582336
0.0582401
0.0582451
0.058243
0.0582284
0.0582188
0.0582233
0.0582383
0.0582577
0.0853698
0.0726078
0.0658558
0.0616071
0.0584226
0.056007
0.054169
0.052769
0.0516962
0.0508729
0.0502374
0.0497429
0.0493547
0.0490555
0.0488298
0.0486669
0.0485531
0.0484776
0.0484326
0.0484103
0.0484031
0.0484036
0.0484023
0.0483993
0.0484034
0.0484132
0.0484269
0.04844
0.0484451
0.0484432
0.0484444
0.0484487
0.0484553
0.0484595
0.0484573
0.048452
0.0484468
0.0484492
0.0484605
0.0484755
0.0489995
0.0442547
0.0391589
0.0354903
0.0329781
0.0309321
0.0292935
0.0279939
0.0269603
0.0261549
0.0255297
0.0250263
0.0246857
0.0243789
0.0241682
0.0239265
0.0238159
0.0236807
0.0236158
0.0235515
0.0235202
0.0235335
0.0236142
0.0237228
0.0236866
0.023625
0.023612
0.0236156
0.0236916
0.0237985
0.0237558
0.0236948
0.0236669
0.0236646
0.0236943
0.0237684
0.0238229
0.0237713
0.0236895
0.0236526
0.0501786
0.0442021
0.039287
0.0353489
0.032137
0.0295754
0.0275315
0.0258798
0.024545
0.0235055
0.0226797
0.0220603
0.0217338
0.0213323
0.0210024
0.0207421
0.0205345
0.0203719
0.0202299
0.020148
0.0200888
0.0201163
0.020245
0.0203911
0.0203343
0.0202772
0.0202241
0.0202392
0.0203588
0.0205026
0.0204346
0.0203579
0.0203055
0.0203286
0.0204438
0.0205624
0.0204847
0.020391
0.0203047
0.0202324
0.0541189
0.047539
0.0421312
0.037688
0.0340555
0.0310958
0.0286895
0.0267339
0.0251493
0.0238745
0.0228537
0.0220885
0.021584
0.0210796
0.0206643
0.0203293
0.0200633
0.019854
0.0196908
0.0195697
0.0195373
0.0195453
0.0196142
0.0197839
0.0197717
0.0197063
0.0196666
0.0196617
0.0197219
0.0198893
0.0198723
0.0197843
0.0197591
0.0197728
0.0198668
0.0199972
0.0199492
0.019811
0.0196864
0.0196206
0.0576521
0.0504691
0.0445879
0.0397644
0.0358071
0.0325692
0.0299231
0.0277622
0.0260007
0.0245708
0.0234244
0.0225725
0.0220134
0.0214328
0.020956
0.0205735
0.0202695
0.0200302
0.019844
0.0197078
0.0196316
0.0196459
0.0197029
0.0198658
0.0198523
0.019748
0.0196671
0.0196809
0.0197482
0.0199223
0.0199115
0.0198154
0.01976
0.0198035
0.0199188
0.0200601
0.0200061
0.0198502
0.019717
0.0196148
0.0591859
0.0516594
0.0455447
0.040554
0.0364733
0.0331355
0.0304048
0.0281717
0.0263484
0.0248658
0.0236776
0.0228015
0.0222398
0.0216405
0.0211409
0.0207368
0.0204172
0.0201657
0.0199708
0.0198275
0.0197487
0.0197679
0.0198337
0.0199875
0.0199526
0.0198248
0.0197356
0.0197465
0.0198124
0.0199866
0.0199712
0.0198684
0.0198121
0.0198649
0.0200363
0.0201658
0.0200873
0.0199121
0.0197728
0.0196666
0.0577957
0.0505061
0.0445857
0.039752
0.0357999
0.0325678
0.0299254
0.0277671
0.0260079
0.0245803
0.0234354
0.0225833
0.0219919
0.0214073
0.0209275
0.0205401
0.0202304
0.0199864
0.0197963
0.0196572
0.0195821
0.0195923
0.0196544
0.0198381
0.0198325
0.0197405
0.0196828
0.0196939
0.0197611
0.019933
0.0199161
0.0198186
0.0197792
0.019878
0.0201036
0.0200618
0.0199482
0.0198278
0.0197107
0.0196195
0.0540973
0.047508
0.0420932
0.03765
0.0340211
0.0310666
0.0286655
0.0267142
0.0251332
0.0238624
0.0228505
0.0221223
0.0216274
0.0210928
0.0206583
0.0203112
0.0200377
0.0198251
0.0196602
0.0195441
0.0195129
0.0195208
0.0195943
0.0197795
0.0197714
0.0197017
0.0196639
0.019658
0.0197146
0.0198866
0.0198683
0.0197794
0.0197507
0.0197689
0.0199075
0.0200233
0.019953
0.0198049
0.0196768
0.0196213
0.0506254
0.0446247
0.0395937
0.0354786
0.0322138
0.0296116
0.0275321
0.0258564
0.0245066
0.023456
0.022636
0.0219955
0.0215631
0.021189
0.0208658
0.0206108
0.020411
0.0202599
0.0201443
0.0200526
0.0200034
0.0200222
0.0201573
0.0203142
0.0202562
0.0201973
0.0201459
0.0201497
0.0202703
0.0204205
0.0203453
0.0202728
0.0202261
0.0202431
0.0203843
0.0205023
0.0203989
0.0202918
0.0202048
0.0201386
0.0542745
0.0463593
0.0404537
0.0359216
0.0333026
0.0311877
0.0294959
0.0281502
0.0270735
0.0262365
0.0255952
0.0250876
0.0246766
0.0243778
0.0240506
0.0238959
0.0237096
0.023615
0.0235304
0.0234781
0.0234429
0.023452
0.023526
0.0236362
0.0236004
0.0235449
0.0235253
0.0235263
0.0235959
0.0237076
0.0236616
0.0236004
0.0235777
0.0235885
0.0236912
0.023794
0.0237117
0.0236321
0.0235828
0.0235382
0.0845193
0.0758918
0.0695403
0.0647052
0.0609706
0.0580919
0.0558784
0.0541814
0.0528821
0.0518898
0.0511292
0.0505443
0.0500978
0.0497602
0.0495118
0.0493309
0.0492042
0.0491192
0.0490718
0.0490349
0.0490243
0.0490209
0.0490168
0.0490108
0.0490121
0.0490201
0.0490327
0.0490455
0.0490509
0.0490501
0.0490514
0.0490566
0.0490641
0.0490685
0.0490659
0.0490614
0.0490619
0.0490698
0.0490836
0.0491
0.0802268
0.0704752
0.0638604
0.0591791
0.0557326
0.0531254
0.0511298
0.0495928
0.048405
0.0474869
0.0467764
0.0462217
0.0457875
0.0454566
0.0452088
0.0450278
0.0449005
0.0448148
0.0447614
0.0447326
0.0447188
0.0447134
0.0447064
0.0446977
0.0446987
0.044708
0.0447202
0.0447315
0.0447343
0.0447314
0.0447318
0.0447359
0.0447419
0.0447429
0.0447368
0.0447301
0.0447307
0.0447394
0.0447538
0.0447699
0.049807
0.0442047
0.0394893
0.0353704
0.0325933
0.0304961
0.0287446
0.027312
0.0261561
0.0252326
0.0245107
0.0240016
0.0236386
0.0232332
0.0229171
0.0226774
0.0224949
0.0223709
0.0222527
0.0221949
0.0221443
0.0221496
0.0222398
0.0223592
0.0223088
0.0222643
0.0222198
0.0222269
0.0223174
0.0224391
0.0223821
0.0223305
0.0222895
0.0223152
0.0224469
0.0225605
0.0224596
0.0223716
0.0223063
0.0222622
0.0516672
0.0456679
0.0406869
0.0365957
0.033182
0.0304185
0.0281772
0.0263636
0.0248977
0.0237197
0.0227778
0.0220627
0.0215811
0.0210852
0.0206508
0.0203878
0.0201653
0.0199844
0.0198428
0.0197385
0.0196791
0.019687
0.0198341
0.0199933
0.0199201
0.0198518
0.0198045
0.0198126
0.0199598
0.0201194
0.0200354
0.0199698
0.0199687
0.0201403
0.0202929
0.0201731
0.0200573
0.0199504
0.0198598
0.0197952
0.0578242
0.0505485
0.0446397
0.0398083
0.0358542
0.0326188
0.0299733
0.0278125
0.0260517
0.0246228
0.0234759
0.0226134
0.0220064
0.0214027
0.0209059
0.020507
0.0201901
0.0199414
0.0197489
0.019609
0.0195303
0.0195478
0.0196143
0.01979
0.019782
0.0197179
0.0196668
0.0196821
0.0197609
0.0199359
0.0199168
0.0198475
0.0198578
0.0199524
0.020113
0.0200692
0.01993
0.0197988
0.0196845
0.019595
0.0619837
0.0541124
0.0476667
0.0423818
0.0380445
0.0344841
0.0315621
0.0291662
0.0272056
0.0256085
0.0243273
0.0233733
0.0226898
0.0220094
0.0214464
0.0209872
0.0206187
0.0203273
0.0201013
0.0199351
0.0198414
0.0198463
0.0199068
0.0200866
0.0200797
0.0199902
0.0199164
0.0199316
0.0200077
0.0201911
0.0201772
0.0201001
0.0201201
0.0202314
0.0203934
0.0203421
0.0201897
0.0200468
0.0199195
0.0198212
0.0638549
0.0555674
0.0488437
0.043358
0.0388671
0.0351838
0.032161
0.0296809
0.0276497
0.0259939
0.0246681
0.0236979
0.023049
0.022353
0.0217679
0.0212881
0.0209025
0.0205975
0.0203612
0.0201884
0.0200951
0.0201122
0.0201883
0.0203427
0.0202947
0.0201621
0.0200635
0.0200703
0.0201464
0.0203259
0.0203052
0.0202132
0.0201947
0.0203081
0.0204976
0.020455
0.0203215
0.0201721
0.0200395
0.0199371
0.0619784
0.0541053
0.0476576
0.0423715
0.0380339
0.0344737
0.0315523
0.0291573
0.0271977
0.0256021
0.0243251
0.0233858
0.0227399
0.0220702
0.0215079
0.0210466
0.0206761
0.0203837
0.0201576
0.0199926
0.0199021
0.0199161
0.0199892
0.0201608
0.0201355
0.0200132
0.019928
0.0199377
0.0200139
0.0201916
0.0201704
0.0200785
0.0200414
0.0201219
0.0202989
0.0202772
0.0201639
0.0200282
0.0199057
0.0198097
0.0576525
0.0504704
0.0445896
0.0397668
0.0358107
0.0325748
0.0299313
0.027773
0.0260143
0.0245885
0.0234534
0.022637
0.0220461
0.0214161
0.0209009
0.0204938
0.0201752
0.0199275
0.0197372
0.0196
0.0195286
0.0195519
0.0196346
0.0198283
0.0198207
0.0197216
0.0196503
0.0196643
0.0197292
0.0199118
0.0198991
0.0198028
0.0197625
0.0198435
0.0200239
0.0199982
0.0198868
0.0197605
0.0196486
0.0195618
0.0525521
0.0461205
0.0409
0.0366112
0.0331612
0.0303894
0.028145
0.0263242
0.0248495
0.023662
0.0227312
0.02208
0.021477
0.0209705
0.0205306
0.0202701
0.020057
0.0198861
0.0197519
0.0196536
0.0195991
0.0196089
0.0197612
0.0199312
0.019856
0.0197808
0.0197279
0.0197287
0.0198692
0.0200333
0.0199467
0.0198703
0.0198451
0.0199672
0.0201308
0.0200312
0.0199278
0.0198302
0.0197473
0.0196874
0.049543
0.0441945
0.0396468
0.0354447
0.0325554
0.030486
0.02875
0.0273206
0.0261608
0.0252379
0.0245582
0.0240543
0.0235433
0.0231396
0.0228248
0.0225875
0.0224127
0.0222824
0.0221767
0.0221211
0.0220605
0.0220672
0.022151
0.0222736
0.0222241
0.0221763
0.0221423
0.02214
0.0222201
0.0223443
0.0222869
0.0222336
0.0222103
0.0222766
0.0223964
0.0223331
0.0222719
0.0222199
0.0221775
0.0221472
0.0743242
0.0685196
0.0637046
0.0597652
0.0565324
0.0539237
0.0518459
0.0502069
0.048924
0.0479256
0.0471478
0.0465434
0.0460814
0.0457319
0.0454712
0.0452808
0.0451449
0.0450526
0.0449942
0.0449602
0.0449427
0.0449344
0.0449258
0.0449158
0.0449147
0.0449218
0.0449332
0.0449448
0.044949
0.0449475
0.0449486
0.0449535
0.0449602
0.0449613
0.0449613
0.0449639
0.0449672
0.0449768
0.0449909
0.0450065
0.0755263
0.0680186
0.0625216
0.0583321
0.0550395
0.0524487
0.0504132
0.0488176
0.0475703
0.0465983
0.0458431
0.0452531
0.0447935
0.0444453
0.0441859
0.0439961
0.0438617
0.043772
0.043712
0.04368
0.0436642
0.0436564
0.0436478
0.0436376
0.0436372
0.043645
0.0436556
0.0436646
0.0436647
0.0436611
0.0436617
0.0436665
0.0436718
0.0436715
0.0436677
0.0436647
0.0436684
0.0436794
0.0436953
0.0437119
0.049345
0.0439232
0.0394364
0.0353941
0.0324126
0.0303557
0.0285975
0.0271329
0.0259381
0.0249787
0.0242275
0.0237085
0.0233252
0.0228833
0.022534
0.0222648
0.022067
0.0219232
0.0218191
0.0217387
0.0216925
0.0216873
0.0217749
0.0218974
0.0218472
0.0218015
0.0217594
0.0217716
0.0218904
0.022013
0.0219354
0.0218771
0.0218394
0.0219034
0.0220085
0.0221006
0.0219831
0.0218919
0.0218282
0.0217845
0.0525815
0.0463849
0.0412609
0.0370344
0.0335691
0.0307586
0.0284691
0.0266039
0.0250882
0.0238626
0.022883
0.0221467
0.0216303
0.0210823
0.0206276
0.020253
0.0200427
0.0198643
0.0197196
0.0196106
0.0195451
0.0195504
0.0197035
0.0198694
0.0197932
0.019722
0.0196763
0.0197044
0.0198968
0.0200478
0.019941
0.0198825
0.0199863
0.0201776
0.0200802
0.0199831
0.0198787
0.0197798
0.0196948
0.0196326
0.0592247
0.0517117
0.0456073
0.0406295
0.036559
0.0332288
0.0305042
0.0282765
0.0264583
0.0249808
0.0237971
0.0229182
0.0222776
0.0216024
0.0210522
0.020612
0.020268
0.0199997
0.0197929
0.0196404
0.0195539
0.0195708
0.0196492
0.0198275
0.0198158
0.0197507
0.0196956
0.019738
0.0198509
0.0200197
0.0199865
0.0199056
0.0199796
0.0201743
0.0201246
0.0200255
0.0199003
0.0197822
0.0196778
0.0195945
0.0638768
0.0555951
0.0488763
0.0433957
0.0389097
0.0352311
0.0322126
0.0297367
0.0277092
0.0260568
0.0247328
0.0237526
0.0230318
0.0222877
0.0216732
0.0211736
0.0207738
0.0204585
0.0202141
0.020034
0.0199298
0.0199318
0.0199972
0.0201792
0.0201676
0.020077
0.0200354
0.0200667
0.0201903
0.0203624
0.0203275
0.0202493
0.0203352
0.0205545
0.0204799
0.0203611
0.0202387
0.020111
0.0199934
0.0199008
0.0652281
0.0568772
0.0500227
0.0443962
0.0397747
0.0359768
0.0328555
0.0302919
0.0281903
0.0264764
0.0251052
0.024102
0.0233919
0.0226263
0.0219907
0.0214722
0.0210559
0.0207268
0.0204717
0.020285
0.0201825
0.0201888
0.0202622
0.0204343
0.0204038
0.0202819
0.0201986
0.0202122
0.0202963
0.0204845
0.0204631
0.0203705
0.0203662
0.0205025
0.0206523
0.0205942
0.0204305
0.0202809
0.0201486
0.0200469
0.0638741
0.0555906
0.0488697
0.0433865
0.0388983
0.035218
0.0321982
0.0297214
0.0276935
0.0260417
0.0247217
0.0237579
0.0230806
0.0223566
0.0217501
0.0212536
0.0208558
0.0205423
0.0203003
0.0201234
0.020026
0.0200381
0.0201154
0.0202905
0.0202597
0.020131
0.0200443
0.0200545
0.0201337
0.0203189
0.0202976
0.0202035
0.0201837
0.0202915
0.0204606
0.0204112
0.0202735
0.0201274
0.0199994
0.0199003
0.0592095
0.0516892
0.0455781
0.0405903
0.0365126
0.0331782
0.0304513
0.0282222
0.0264031
0.0249265
0.0237534
0.0229174
0.0222914
0.0216132
0.0210609
0.02062
0.0202787
0.020015
0.0198127
0.0196651
0.0195875
0.0196074
0.0196876
0.0198819
0.0198714
0.019767
0.0196971
0.0197159
0.0197954
0.0199866
0.0199661
0.0198609
0.0198312
0.0199363
0.0201022
0.0200527
0.0199233
0.0197901
0.0196761
0.0195882
0.0525738
0.0463735
0.0412394
0.0369771
0.0335006
0.0306892
0.0284021
0.0265394
0.0250258
0.023805
0.0228618
0.0222054
0.0215606
0.0210227
0.020578
0.0202134
0.0200136
0.0198418
0.0197039
0.019601
0.0195427
0.0195513
0.0197079
0.0198812
0.0197997
0.019721
0.0196661
0.0196681
0.0198161
0.0199855
0.0198943
0.0198165
0.0197945
0.0199219
0.0200758
0.0199646
0.0198548
0.019754
0.0196688
0.0196069
0.0493485
0.0439246
0.039433
0.0353676
0.0323736
0.0303168
0.0285619
0.0271013
0.0259124
0.0249692
0.0242855
0.0237722
0.0232322
0.0228055
0.0224728
0.0222198
0.0220332
0.0218961
0.0217959
0.0217225
0.0216769
0.0216726
0.0217586
0.0218846
0.0218298
0.0217817
0.0217446
0.0217425
0.0218266
0.0219551
0.021893
0.021842
0.0218121
0.021884
0.0220038
0.021931
0.0218666
0.0218135
0.021772
0.0217419
0.0755308
0.0680257
0.0625335
0.0583537
0.0550686
0.0524823
0.0504488
0.048853
0.0476039
0.0466278
0.0458628
0.0452651
0.0448076
0.0444613
0.044202
0.0440112
0.0438748
0.0437819
0.0437222
0.0436883
0.0436707
0.0436613
0.0436516
0.0436405
0.0436386
0.0436448
0.0436564
0.0436678
0.0436714
0.0436691
0.0436699
0.0436751
0.043682
0.0436828
0.0436797
0.0436801
0.0436867
0.0436988
0.0437148
0.0437314
0.0743213
0.0685157
0.0636984
0.0597552
0.0565181
0.0539054
0.0518246
0.0501837
0.0489003
0.0479035
0.0471326
0.0465341
0.0460702
0.0457186
0.045457
0.0452664
0.0451319
0.0450415
0.0449847
0.0449531
0.0449373
0.0449306
0.0449231
0.0449129
0.0449118
0.0449184
0.0449275
0.0449319
0.0449319
0.044933
0.044938
0.0449458
0.044953
0.0449534
0.0449511
0.0449509
0.0449567
0.044968
0.0449833
0.0449994
0.049545
0.0441948
0.0396481
0.0354508
0.0325664
0.0304983
0.0287617
0.0273308
0.0261682
0.025234
0.0245
0.0239744
0.0235998
0.0231891
0.0228671
0.0226211
0.0224363
0.022307
0.0221903
0.0221292
0.0220751
0.0220762
0.0221613
0.0222977
0.0222451
0.0221977
0.0221607
0.0222399
0.0223656
0.0223195
0.0222703
0.0222253
0.0222102
0.0222932
0.0224212
0.0223624
0.0222995
0.0222434
0.0221998
0.0221603
0.0525573
0.0461267
0.0409094
0.0366288
0.0331855
0.0304172
0.0281741
0.0263535
0.024878
0.0236876
0.0227307
0.0219972
0.0215097
0.0210098
0.0205701
0.020308
0.0200863
0.0199055
0.0197628
0.0196564
0.0195924
0.0195975
0.0197447
0.0199112
0.0198419
0.0197818
0.0197406
0.0198887
0.0200695
0.0199919
0.0199114
0.0198514
0.0198575
0.0200412
0.0201766
0.020047
0.0199301
0.0198274
0.019742
0.0196801
0.0576749
0.0505011
0.0446261
0.0398094
0.0358596
0.0326292
0.0299905
0.0278363
0.0260813
0.0246574
0.0235163
0.022667
0.0220566
0.0214197
0.0209008
0.020488
0.0201618
0.0199062
0.0197075
0.019561
0.0194807
0.0194976
0.0195671
0.0197484
0.01974
0.0196699
0.0196848
0.0197525
0.0199522
0.0199445
0.0198382
0.0197665
0.019789
0.0198996
0.0200443
0.0199951
0.0198504
0.0197233
0.0196134
0.0195301
0.0619989
0.0541333
0.0476909
0.0424094
0.0380762
0.0345204
0.0316036
0.0292129
0.0272574
0.0256652
0.0243895
0.0234471
0.0227554
0.0220352
0.0214438
0.0209647
0.0205822
0.020281
0.0200479
0.0198767
0.0197787
0.0197811
0.0198453
0.0200265
0.0200155
0.019945
0.0199574
0.0200419
0.0202583
0.020216
0.0201094
0.0200426
0.0200638
0.0201797
0.0203286
0.0202758
0.0201247
0.0199851
0.0198631
0.0197697
0.0638726
0.0555924
0.0488733
0.0433911
0.0389035
0.0352238
0.0322047
0.0297286
0.0277014
0.0260497
0.024728
0.0237624
0.0230817
0.0223387
0.021725
0.0212265
0.0208282
0.0205143
0.0202717
0.0200941
0.0199965
0.0200019
0.0200689
0.0202419
0.0202183
0.0201087
0.0200415
0.0200671
0.0201908
0.0203553
0.0203146
0.020204
0.0202093
0.0202861
0.0204539
0.0204067
0.0202623
0.0201146
0.0199856
0.0198864
0.0619966
0.0541298
0.0476861
0.0424027
0.0380675
0.0345099
0.0315914
0.0291993
0.0272427
0.0256503
0.0243777
0.0234507
0.0228088
0.022112
0.0215298
0.0210545
0.0206746
0.0203758
0.0201453
0.019977
0.0198854
0.0198976
0.0199682
0.0201422
0.0201134
0.019991
0.0199102
0.0199219
0.020003
0.0201869
0.0201633
0.0200697
0.0200511
0.0201576
0.0203241
0.0202711
0.0201348
0.0199887
0.0198627
0.0197661
0.0578182
0.0505366
0.0446209
0.0397899
0.0358403
0.0326109
0.0299716
0.0278166
0.0260609
0.0246381
0.0235069
0.022704
0.022111
0.0214642
0.0209397
0.0205261
0.0202025
0.0199502
0.0197559
0.0196138
0.0195431
0.0195613
0.019632
0.0198212
0.0198086
0.0197233
0.0196522
0.0196662
0.0197454
0.0199275
0.0199026
0.0198105
0.0197859
0.0198704
0.0200352
0.0199935
0.0198718
0.0197369
0.0196247
0.0195422
0.0516415
0.0456316
0.0406222
0.0364663
0.0330891
0.0303503
0.0281272
0.026326
0.0248687
0.0236989
0.0227941
0.0221704
0.0215588
0.0210502
0.0206108
0.0203552
0.0201393
0.019964
0.0198249
0.0197235
0.0196662
0.0196745
0.0198245
0.0199946
0.0199192
0.0198451
0.0197928
0.0197938
0.0199342
0.0200993
0.0200125
0.0199374
0.0199145
0.0200342
0.0201848
0.0200779
0.0199715
0.0198741
0.0197913
0.0197311
0.0497855
0.0441687
0.0394449
0.0352739
0.0325239
0.030442
0.0287051
0.0272842
0.026138
0.0252314
0.0245741
0.0240864
0.0235769
0.0231791
0.0228696
0.0226401
0.0224642
0.0223438
0.0222325
0.0221778
0.0221213
0.0221311
0.0222215
0.0223474
0.0222952
0.0222451
0.0222068
0.0222082
0.0222933
0.0224196
0.02236
0.0223012
0.0222769
0.0223481
0.022465
0.0223936
0.0223287
0.0222763
0.0222334
0.0222057
0.0802345
0.0704913
0.0638909
0.0592225
0.0557817
0.0531751
0.0511768
0.0496359
0.0484432
0.0475185
0.0467964
0.0462309
0.045797
0.0454672
0.0452198
0.0450385
0.0449103
0.0448234
0.0447694
0.0447392
0.0447248
0.0447181
0.0447103
0.0447006
0.0447003
0.0447079
0.0447208
0.044733
0.0447365
0.0447337
0.0447345
0.0447399
0.0447469
0.0447466
0.044742
0.0447422
0.0447493
0.0447624
0.0447795
0.0447972
0.0845171
0.075889
0.0695364
0.0646994
0.0609622
0.0580809
0.0558649
0.054166
0.0528656
0.0518736
0.0511175
0.0505377
0.050092
0.0497539
0.0495024
0.0493226
0.0491978
0.049112
0.0490638
0.0490284
0.0490204
0.0490195
0.0490183
0.049015
0.0490121
0.0490161
0.0490249
0.0490288
0.0490285
0.049031
0.0490384
0.0490488
0.0490584
0.0490611
0.0490588
0.0490593
0.0490653
0.0490765
0.0490917
0.0491082
0.0542778
0.046361
0.0404557
0.035923
0.0333055
0.0311908
0.0294981
0.0281516
0.027073
0.0262283
0.0255638
0.0250526
0.0246572
0.0243626
0.0241222
0.0238737
0.023756
0.023612
0.0235418
0.0234818
0.0234425
0.0234459
0.023478
0.0235789
0.0236747
0.0236202
0.02356
0.02362
0.0237241
0.0236766
0.0236114
0.0235807
0.0235727
0.0236383
0.0237445
0.0236966
0.0236373
0.0235959
0.0235629
0.0235279
0.0506308
0.0446294
0.0395982
0.0354838
0.0322202
0.0296189
0.0275396
0.0258638
0.0245136
0.023461
0.022626
0.0219885
0.0216524
0.0212421
0.0209053
0.0206373
0.0204298
0.0202682
0.0201376
0.0200519
0.0199819
0.0200056
0.0201387
0.0203061
0.0202532
0.0201872
0.0201597
0.020283
0.0204322
0.0203564
0.0202799
0.0202173
0.0201924
0.0203206
0.0204656
0.0203843
0.0202997
0.0202202
0.0201444
0.0200869
0.0541054
0.047517
0.042103
0.0376607
0.0340332
0.0310801
0.0286803
0.0267303
0.0251504
0.0238795
0.0228614
0.0220955
0.0215877
0.0210683
0.0206397
0.0202937
0.0200191
0.0198028
0.0196342
0.0195104
0.0194746
0.0194806
0.0195499
0.0197333
0.019716
0.0196807
0.0196724
0.0197262
0.019905
0.0198833
0.0197723
0.019716
0.0197161
0.0197753
0.0199431
0.0199195
0.0198033
0.0196907
0.0195896
0.0195497
0.0578032
0.0505142
0.0445947
0.0397617
0.0358104
0.0325793
0.029938
0.0277809
0.0260229
0.0245961
0.0234509
0.022589
0.0219868
0.0213836
0.0208884
0.020491
0.0201752
0.0199264
0.0197335
0.0195935
0.0195145
0.0195203
0.0195819
0.0197637
0.0197589
0.0196909
0.019684
0.0197593
0.019959
0.0199197
0.0198192
0.0197511
0.0197625
0.0198272
0.019999
0.0199691
0.019857
0.0197265
0.0196192
0.0195365
0.0591918
0.0516655
0.0455512
0.0405606
0.03648
0.0331425
0.0304125
0.0281804
0.0263581
0.0248763
0.0236882
0.0228028
0.0222066
0.0215817
0.0210645
0.020646
0.0203177
0.0200608
0.0198617
0.0197153
0.019636
0.019643
0.0197018
0.0198772
0.0198604
0.0197609
0.0197023
0.0197333
0.0198508
0.020009
0.019965
0.0198528
0.0198496
0.0199065
0.0200759
0.0200399
0.0198979
0.0197677
0.0196543
0.019567
0.0576538
0.0504684
0.0445857
0.0397611
0.0358035
0.0325661
0.0299213
0.0277617
0.0260016
0.0245733
0.0234297
0.0225818
0.0220256
0.0214441
0.0209567
0.0205637
0.0202515
0.0200061
0.0198154
0.0196749
0.0196014
0.0196152
0.0196782
0.0198546
0.0198293
0.0197138
0.0196417
0.0196574
0.0197256
0.0199105
0.0198885
0.0197935
0.019775
0.0198804
0.0200416
0.019981
0.0198457
0.0197093
0.0195963
0.0195124
0.0541034
0.0475136
0.0420983
0.0376542
0.0340248
0.0310701
0.0286689
0.0267176
0.0251364
0.0238652
0.0228534
0.0221274
0.0216395
0.0211067
0.020672
0.0203251
0.0200518
0.0198387
0.0196724
0.0195506
0.0195185
0.0195221
0.0195916
0.0197805
0.0197685
0.0196743
0.0196439
0.0196496
0.0197828
0.0199462
0.0198668
0.0197957
0.0197651
0.0198054
0.0199689
0.019934
0.0198042
0.0196849
0.0195826
0.0195421
0.0501445
0.0441598
0.0392268
0.0352334
0.0320501
0.0295126
0.0274856
0.025845
0.0245172
0.0234843
0.0226809
0.0220861
0.0216587
0.0212797
0.0209584
0.0207036
0.0205024
0.0203436
0.0202063
0.020125
0.020065
0.0200906
0.0202223
0.0203819
0.0203233
0.0202638
0.0202097
0.0202134
0.0203109
0.0204668
0.020415
0.0203322
0.0202979
0.0204142
0.0205556
0.020469
0.0203737
0.0202879
0.0202056
0.0201434
0.0489932
0.044261
0.0391628
0.035388
0.0328979
0.030876
0.0292563
0.0279694
0.0269461
0.0261498
0.0255452
0.0250356
0.0246746
0.0243729
0.0240854
0.0239351
0.0237614
0.0236641
0.0235899
0.0235261
0.023511
0.0235211
0.0235997
0.0237138
0.0236708
0.0236212
0.0235898
0.0235958
0.0236682
0.0237821
0.0237346
0.0236688
0.0236514
0.0237164
0.0238225
0.0237664
0.0236969
0.0236602
0.0236091
0.0235895
0.0853749
0.072613
0.0658717
0.061639
0.058465
0.0560529
0.0542139
0.0528107
0.0517334
0.0509044
0.0502591
0.0497544
0.0493618
0.0490608
0.0488373
0.0486736
0.0485605
0.0484853
0.0484395
0.0484171
0.0484095
0.0484092
0.0484075
0.0484033
0.0484064
0.0484162
0.0484301
0.0484435
0.0484486
0.0484463
0.048447
0.0484522
0.0484585
0.0484577
0.0484518
0.0484513
0.0484584
0.0484719
0.0484903
0.0485096
0.105848
0.089615
0.0799563
0.0742002
0.0697588
0.0666897
0.0645012
0.062882
0.0616687
0.0607535
0.0600538
0.0595182
0.0591082
0.0587978
0.058569
0.0584069
0.0582949
0.0582242
0.0581771
0.0581615
0.0581599
0.0581665
0.0581742
0.0581782
0.0581804
0.058187
0.0581967
0.0582025
0.058203
0.0582058
0.058213
0.0582236
0.0582354
0.0582417
0.058241
0.058241
0.0582458
0.0582558
0.0582705
0.0582871
0.0587719
0.0488664
0.0417767
0.0379077
0.0352692
0.0333249
0.031794
0.0307004
0.0297446
0.029105
0.0285273
0.0281275
0.0277957
0.0275539
0.0273747
0.0272203
0.0271082
0.0270241
0.0269672
0.0269258
0.0269142
0.0269176
0.0269428
0.0270015
0.027068
0.0270389
0.027009
0.0270526
0.0271338
0.0271007
0.0270473
0.0270278
0.027013
0.027061
0.0271471
0.0271202
0.0270676
0.0270475
0.0270178
0.0270049
0.048546
0.0428875
0.0380391
0.0342707
0.031367
0.0291219
0.027371
0.0259969
0.0248062
0.0241043
0.0235393
0.0229987
0.0226272
0.0223492
0.0220998
0.0219004
0.0217447
0.0216239
0.0215332
0.0214677
0.021435
0.0214528
0.0215347
0.0216783
0.0216548
0.0215903
0.0215932
0.0216522
0.0217782
0.021744
0.0216632
0.0216055
0.0215812
0.0216438
0.021772
0.0217516
0.0216775
0.0216252
0.0215685
0.0215273
0.0501447
0.0441589
0.0392252
0.0352313
0.0320474
0.0295086
0.0274805
0.0258394
0.0245117
0.0234767
0.0226539
0.0220341
0.0217039
0.0212995
0.020969
0.0207101
0.0205044
0.0203325
0.0202116
0.020108
0.0200583
0.0200849
0.0202157
0.020371
0.0203186
0.0202504
0.0202508
0.0203624
0.0205116
0.0204316
0.020339
0.0202766
0.0202735
0.0203827
0.0205265
0.0204452
0.0203582
0.0202799
0.020201
0.0201487
0.0516274
0.045609
0.0405952
0.0364371
0.0330579
0.0303166
0.0280908
0.0262871
0.0248271
0.0236515
0.0227076
0.0219852
0.0215004
0.0210145
0.0206185
0.0203657
0.0201486
0.0199721
0.0198324
0.0197308
0.0196745
0.0196804
0.0198263
0.0199891
0.0199115
0.0198482
0.0198089
0.0199497
0.0201266
0.0200228
0.0199409
0.0198789
0.0198484
0.0199917
0.0201458
0.0200458
0.0199458
0.0198528
0.0197741
0.0197179
0.0525546
0.0463461
0.0412087
0.0369439
0.0334646
0.0306496
0.028359
0.026493
0.0249758
0.0237472
0.0227615
0.0220118
0.0215207
0.0210255
0.0206126
0.0202734
0.020083
0.019914
0.0197766
0.0196735
0.0196147
0.0196209
0.0197783
0.0199369
0.0198322
0.0197387
0.0196837
0.0197
0.0198919
0.0200388
0.0199088
0.0198124
0.0197822
0.0199021
0.0200524
0.0199394
0.0198279
0.0197271
0.0196426
0.0195813
0.0525498
0.0461118
0.0408868
0.036595
0.0331427
0.0303687
0.0281221
0.0262992
0.0248222
0.02363
0.0226707
0.0219429
0.0214879
0.021022
0.0206261
0.0203782
0.0201679
0.0199963
0.0198599
0.0197598
0.0197017
0.0197086
0.019872
0.0200269
0.0199111
0.0198093
0.0197407
0.019734
0.0198707
0.0200334
0.0199399
0.0198598
0.0198337
0.0199497
0.0200993
0.019988
0.0198795
0.0197823
0.0197007
0.0196413
0.0506273
0.0446224
0.0395883
0.0354714
0.0322056
0.0296029
0.0275226
0.0258459
0.0244944
0.0234414
0.0226069
0.0220086
0.0216946
0.0212725
0.0209294
0.0206618
0.0204535
0.0202945
0.0201661
0.0200838
0.0200132
0.020036
0.0201705
0.0203321
0.0202622
0.0201932
0.0201356
0.0201366
0.0202557
0.0204093
0.0203331
0.0202543
0.0202148
0.0203231
0.0204647
0.0203716
0.0202795
0.0201972
0.0201212
0.0200644
0.0485432
0.0428827
0.0380328
0.0342641
0.031361
0.0291166
0.0273662
0.0259915
0.024802
0.0241019
0.0235333
0.02304
0.0226534
0.0223526
0.0221008
0.0219009
0.021744
0.0216241
0.0215335
0.0214688
0.0214381
0.0214532
0.0215446
0.0216805
0.0216458
0.0215989
0.0215512
0.0215545
0.0216146
0.0217456
0.0217159
0.0216407
0.0216169
0.0217044
0.0218277
0.0217653
0.0216969
0.021612
0.0215531
0.0215096
0.0537557
0.0458764
0.0403812
0.0371501
0.0347433
0.0329154
0.0314708
0.0303969
0.0295438
0.0288924
0.0283996
0.0279929
0.0277057
0.0274801
0.0272942
0.0271529
0.0270454
0.026968
0.0269141
0.0268776
0.0268697
0.0268781
0.0269337
0.0270214
0.0269942
0.0269521
0.0269445
0.0269496
0.0269967
0.0270774
0.0270421
0.0270024
0.0269912
0.0270372
0.0271213
0.0270761
0.0270328
0.0269923
0.0269679
0.0269539
0.0866113
0.0791333
0.0733733
0.0689349
0.0657748
0.0635567
0.0619739
0.0608004
0.0598859
0.0591699
0.0586083
0.0581646
0.0578164
0.0575487
0.0573492
0.0572064
0.0571104
0.0570528
0.0570125
0.0570042
0.0570073
0.0570175
0.0570273
0.057032
0.0570406
0.0570534
0.0570687
0.0570841
0.0570929
0.0570932
0.0570943
0.0570982
0.0571031
0.0571031
0.0570976
0.057096
0.0571019
0.0571148
0.057133
0.0571533
0.146233
0.121236
0.106327
0.0964956
0.0913687
0.0883028
0.086167
0.0846259
0.0834769
0.082612
0.081956
0.0814555
0.0810752
0.0807885
0.0805793
0.0804326
0.0803382
0.0802847
0.0802625
0.0802621
0.0802754
0.0802963
0.0803173
0.0803373
0.0803436
0.0803525
0.0803644
0.0803743
0.0803773
0.0803806
0.080387
0.0803989
0.0804209
0.0804352
0.0804318
0.0804264
0.0804268
0.0804335
0.0804468
0.0804634
0.0666562
0.0580309
0.0507835
0.0463909
0.0437658
0.0420861
0.0409054
0.0400235
0.0393308
0.0388071
0.038385
0.0380699
0.0377693
0.0375931
0.0374479
0.0373342
0.0372534
0.0371979
0.0371644
0.0371441
0.0371428
0.0371495
0.0371676
0.0371663
0.0372561
0.0372337
0.0372217
0.0372294
0.0372623
0.0372586
0.0372518
0.0372379
0.0371923
0.0372043
0.0372974
0.0372909
0.0372742
0.0372581
0.0372505
0.037249
0.0537577
0.0458799
0.0403835
0.0371516
0.0347432
0.0329158
0.0314699
0.0303979
0.0295393
0.0288963
0.0284005
0.0280063
0.0276941
0.0274753
0.0273003
0.0271581
0.0270521
0.0269737
0.0269187
0.026883
0.0268765
0.0268852
0.0269437
0.0270886
0.0270356
0.0269784
0.0269624
0.0270074
0.0270896
0.027056
0.027006
0.0269834
0.0270021
0.0270461
0.0270617
0.0270593
0.0270227
0.0269943
0.0269731
0.02696
0.0489954
0.0442631
0.039164
0.0353859
0.0328939
0.0308708
0.0292503
0.0279624
0.0269364
0.0261353
0.0255099
0.0250109
0.024652
0.0243654
0.0241214
0.0239197
0.0237916
0.0236665
0.0235955
0.0235361
0.0235091
0.0235222
0.0236
0.0237177
0.0236758
0.0236198
0.0236051
0.0236746
0.0237845
0.0237314
0.0236664
0.0236355
0.0236588
0.0237154
0.0238105
0.0237529
0.0236897
0.0236474
0.0236054
0.0235876
0.0497832
0.0441658
0.0394414
0.0352717
0.0325163
0.0304292
0.0286895
0.0272667
0.0261172
0.0251972
0.0244754
0.0239581
0.0235887
0.0231896
0.0228816
0.0226502
0.0224752
0.0223529
0.022241
0.0221831
0.0221351
0.0221399
0.0222243
0.0223469
0.022291
0.022238
0.0222111
0.0222876
0.022409
0.0223464
0.0222883
0.0222529
0.0222498
0.0223165
0.0224357
0.0223681
0.0223077
0.0222582
0.0222199
0.0221959
0.0493354
0.0439078
0.0394153
0.0353492
0.0323537
0.0302912
0.0285326
0.027069
0.0258754
0.024916
0.0241628
0.0236328
0.0232643
0.0228427
0.0225119
0.0222596
0.0220724
0.0219335
0.0218303
0.0217579
0.0217095
0.0217071
0.0217972
0.021921
0.0218496
0.0217906
0.0217488
0.0217537
0.0218673
0.0219918
0.0219031
0.0218337
0.0218047
0.0218681
0.0219842
0.0219097
0.0218459
0.0217945
0.0217551
0.0217266
0.04954
0.0441859
0.0396362
0.0354325
0.0325432
0.0304715
0.0287334
0.0273018
0.0261385
0.0252039
0.0244709
0.0239524
0.0235952
0.023196
0.0228801
0.0226413
0.0224596
0.0223315
0.0222142
0.0221555
0.0220925
0.0221022
0.022204
0.0223302
0.0222544
0.022189
0.0221424
0.022127
0.022211
0.022335
0.0222737
0.0222196
0.0221882
0.0222535
0.0223676
0.0222976
0.0222363
0.0221871
0.0221481
0.0221215
0.0542746
0.0463559
0.0404484
0.0359151
0.0332958
0.0311804
0.0294874
0.0281403
0.0270616
0.026216
0.0255667
0.0250551
0.0246939
0.0243996
0.0240833
0.0239196
0.0237257
0.0236242
0.0235407
0.0234824
0.0234473
0.0234575
0.0235319
0.0236454
0.0236006
0.0235392
0.0235116
0.0235114
0.023577
0.0236878
0.0236399
0.0235794
0.0235596
0.0236178
0.0237221
0.0236672
0.0236008
0.0235679
0.0235227
0.0235057
0.0587707
0.0488639
0.0417742
0.037904
0.0352654
0.0333212
0.0317918
0.0306947
0.0297518
0.0290803
0.0285492
0.0280828
0.0277993
0.0275612
0.0273719
0.0272204
0.0271027
0.0270204
0.026963
0.026923
0.0269123
0.026919
0.0269698
0.0270553
0.0270264
0.0269875
0.0269705
0.0269783
0.027024
0.0271047
0.0270698
0.0270306
0.0270181
0.0270602
0.0271421
0.027099
0.0270569
0.0270204
0.0269989
0.0269867
0.0666571
0.0580301
0.0507833
0.0463911
0.0437668
0.0420878
0.040908
0.0400261
0.0393359
0.0388079
0.0384059
0.038027
0.0377954
0.0376014
0.0374482
0.0373318
0.0372491
0.0371934
0.0371592
0.03714
0.0371379
0.0371468
0.0371759
0.0372337
0.0372199
0.0372072
0.037204
0.0372113
0.0372304
0.0372391
0.0372523
0.0372468
0.0372428
0.0372602
0.037319
0.0372801
0.037265
0.0372484
0.0372419
0.037243
0.125302
0.107693
0.0958046
0.0894254
0.0861715
0.0841802
0.0828786
0.0819296
0.0811685
0.0805575
0.0800646
0.079672
0.0793596
0.0791162
0.0789348
0.078807
0.0787281
0.0786846
0.0786701
0.0786752
0.078693
0.0787182
0.0787431
0.0787609
0.0787771
0.0787937
0.0788112
0.0788292
0.0788427
0.0788468
0.0788485
0.0788509
0.0788548
0.0788564
0.0788535
0.0788526
0.078857
0.0788677
0.0788842
0.0789038
0.359883
0.290281
0.240148
0.214669
0.202589
0.196537
0.192902
0.190452
0.188724
0.187498
0.186588
0.185888
0.185368
0.184984
0.184705
0.184509
0.18438
0.184311
0.184278
0.184277
0.184297
0.184332
0.18437
0.184431
0.184462
0.184479
0.184489
0.184507
0.184524
0.18454
0.184547
0.184544
0.184568
0.184601
0.184618
0.184615
0.184607
0.184603
0.184604
0.18461
0.1253
0.10769
0.0958013
0.0894198
0.0861648
0.0841721
0.082869
0.0819194
0.081158
0.0805465
0.0800564
0.0796638
0.0793551
0.0791161
0.078938
0.0788127
0.0787351
0.0786924
0.0786782
0.0786831
0.0787003
0.0787244
0.0787463
0.0787664
0.0787721
0.0787815
0.0787944
0.0788062
0.0788101
0.0788139
0.0788204
0.0788315
0.0788543
0.0788676
0.0788616
0.0788547
0.0788551
0.0788629
0.0788779
0.0788967
0.0866088
0.0791302
0.0733695
0.0689304
0.0657696
0.0635507
0.0619674
0.0607935
0.059879
0.0591635
0.0586052
0.0581675
0.0578236
0.0575581
0.0573589
0.0572164
0.0571202
0.0570625
0.0570218
0.0570131
0.0570153
0.0570236
0.0570286
0.0570171
0.0570214
0.0570343
0.0570491
0.0570586
0.0570605
0.0570639
0.0570718
0.0570823
0.057089
0.0570826
0.0570769
0.0570805
0.0570921
0.0571091
0.0571297
0.0571511
0.0853722
0.0726102
0.0658685
0.0616356
0.0584613
0.056049
0.0542098
0.0528065
0.0517295
0.0509016
0.0502618
0.0497637
0.0493737
0.0490731
0.0488472
0.0486832
0.0485689
0.0484928
0.048447
0.048424
0.0484148
0.0484132
0.0484096
0.048402
0.0484021
0.0484097
0.0484192
0.0484229
0.0484215
0.0484242
0.0484326
0.0484437
0.0484508
0.0484533
0.0484481
0.04845
0.0484593
0.0484745
0.0484937
0.0485131
0.0802327
0.0704881
0.0638864
0.0592182
0.0557779
0.0531716
0.0511734
0.0496323
0.04844
0.0475174
0.046803
0.0462456
0.0458104
0.0454781
0.0452285
0.0450454
0.0449156
0.0448272
0.0447717
0.0447409
0.0447254
0.0447175
0.0447085
0.0446976
0.0446958
0.0447019
0.0447109
0.0447146
0.0447138
0.0447167
0.0447245
0.0447352
0.0447452
0.0447504
0.0447455
0.0447473
0.0447556
0.0447694
0.0447868
0.0448044
0.0755307
0.0680265
0.0625351
0.0583556
0.0550709
0.0524851
0.0504517
0.0488562
0.0476077
0.0466339
0.0458769
0.0452853
0.044823
0.044471
0.0442066
0.0440118
0.0438726
0.0437778
0.0437172
0.0436825
0.0436641
0.0436536
0.0436423
0.0436299
0.0436275
0.0436335
0.0436449
0.0436543
0.043655
0.0436529
0.0436563
0.0436652
0.0436758
0.0436802
0.0436787
0.0436814
0.0436904
0.0437044
0.0437218
0.0437393
0.0743237
0.0685198
0.0637058
0.0597673
0.0565354
0.0539275
0.0518503
0.0502119
0.0489298
0.0479334
0.0471619
0.0465615
0.0460938
0.0457382
0.0454725
0.045278
0.0451404
0.0450475
0.0449895
0.044956
0.0449388
0.04493
0.0449195
0.0449062
0.0449032
0.0449092
0.0449214
0.0449334
0.0449375
0.044936
0.0449385
0.0449457
0.0449548
0.0449579
0.0449564
0.0449586
0.044967
0.0449807
0.044998
0.045016
0.0845181
0.0758911
0.0695404
0.0647062
0.0609725
0.0580946
0.0558819
0.0541855
0.0528869
0.0518959
0.0511385
0.0505555
0.0501046
0.0497618
0.0495092
0.0493253
0.0491977
0.0491124
0.0490667
0.049029
0.0490196
0.0490166
0.0490118
0.0490041
0.0490041
0.0490124
0.0490252
0.0490384
0.0490441
0.0490434
0.0490458
0.0490524
0.0490604
0.0490624
0.0490598
0.0490612
0.049069
0.0490824
0.0491
0.0491185
0.105849
0.0896151
0.0799595
0.0742054
0.0697665
0.0666999
0.064514
0.0628967
0.0616849
0.060771
0.0600709
0.0595369
0.0591222
0.0588066
0.0585736
0.0584083
0.0582945
0.0582214
0.0581755
0.0581593
0.0581569
0.0581625
0.0581681
0.0581693
0.0581751
0.0581859
0.0582001
0.0582149
0.0582236
0.0582252
0.0582275
0.0582325
0.0582387
0.0582405
0.0582374
0.0582377
0.0582441
0.0582569
0.0582744
0.0582938
0.146234
0.121238
0.10633
0.0965
0.0913762
0.088312
0.0861778
0.0846385
0.0834906
0.0826268
0.0819692
0.0814706
0.0810872
0.080796
0.0805826
0.0804327
0.0803361
0.0802812
0.0802587
0.0802581
0.0802714
0.0802925
0.0803133
0.0803278
0.0803418
0.080357
0.0803737
0.080391
0.0804037
0.0804077
0.0804097
0.0804128
0.0804174
0.0804195
0.0804172
0.0804169
0.080422
0.0804335
0.0804505
0.0804703
0.359888
0.290286
0.240153
0.214675
0.202598
0.196548
0.192916
0.190466
0.188737
0.187513
0.186602
0.185907
0.185385
0.184995
0.184709
0.184508
0.184377
0.184306
0.184273
0.184273
0.184294
0.184331
0.18438
0.184426
0.184467
0.184494
0.184512
0.184529
0.184552
0.184571
0.184584
0.184586
0.184584
0.18459
0.184601
0.18461
0.184613
0.184613
0.184617
0.184626
)
;

boundaryField
{
    inlet
    {
        type            fixedValue;
        value           uniform 14.855;
    }
    ami1
    {
        type            cyclicAMI;
        value           nonuniform List<scalar> 
100
(
0.144117
0.0971375
0.0992413
0.102736
0.0861306
0.0807392
0.077846
0.0804826
0.0933266
0.144125
0.0933206
0.0679517
0.0519157
0.0521065
0.0536426
0.0537541
0.0519677
0.0553128
0.0679515
0.0971417
0.0804786
0.0553202
0.052627
0.055588
0.0581155
0.0583268
0.0558007
0.0526076
0.0519095
0.0992439
0.0778446
0.0519708
0.0558188
0.0617756
0.0652929
0.0652737
0.0617522
0.0555641
0.052097
0.10274
0.0807379
0.0537532
0.058336
0.065294
0.0695768
0.069568
0.0652851
0.0581038
0.0536385
0.086137
0.0861359
0.0536421
0.0581116
0.0652977
0.0695776
0.0695776
0.0652833
0.0583277
0.0537495
0.080739
0.102738
0.0521003
0.055569
0.0617574
0.0652795
0.0652965
0.0617669
0.0558119
0.0519692
0.0778469
0.0992429
0.0519123
0.0526101
0.0558023
0.0583266
0.0581076
0.0555703
0.0526126
0.0553173
0.0804826
0.0971403
0.0679513
0.0553124
0.0519661
0.0537496
0.0536393
0.052098
0.0519104
0.0679523
0.093327
0.144123
0.0933252
0.0804818
0.0778459
0.080738
0.086136
0.10274
0.0992449
0.0971429
0.144126
)
;
    }
    walls
    {
        type            epsilonWallFunction;
        blending        stepwise;
        value           nonuniform List<scalar> 
2560
(
90.5034
58.5856
45.0226
38.7028
36.0571
36.0571
38.7028
45.0226
58.5856
90.5034
12.1248
14.5696
13.4729
13.0541
12.8529
12.8529
13.0541
13.4729
14.5696
12.1248
4.38868
6.08946
5.73074
5.74335
5.76644
5.76644
5.74336
5.73075
6.08946
4.38868
2.46659
3.33294
3.07322
3.08732
3.10211
3.10211
3.08733
3.07323
3.33295
2.46659
1.63313
2.08218
1.86022
1.88065
1.89475
1.89475
1.88066
1.86023
2.08219
1.63313
1.18307
1.40271
1.227
1.22751
1.2267
1.22671
1.22753
1.22702
1.40271
1.18307
0.902044
0.998737
0.873614
0.869518
0.866546
0.866554
0.869537
0.873631
0.998742
0.902044
0.720664
0.740462
0.649863
0.64547
0.644074
0.644084
0.645494
0.649886
0.740469
0.720664
0.594722
0.566183
0.497164
0.492745
0.492408
0.492421
0.492776
0.497193
0.566192
0.594722
0.502625
0.444417
0.389775
0.385027
0.384222
0.38424
0.385067
0.389825
0.444436
0.502625
0.43306
0.356751
0.311744
0.307515
0.306294
0.30632
0.307574
0.311808
0.356778
0.43306
0.379893
0.291986
0.253634
0.249716
0.248593
0.248628
0.249795
0.253721
0.292029
0.379893
0.336891
0.243013
0.209892
0.205904
0.204841
0.204889
0.206014
0.210012
0.24308
0.336891
0.30205
0.205324
0.176489
0.172251
0.171195
0.171263
0.172406
0.176658
0.20546
0.302051
0.273348
0.176011
0.150643
0.146082
0.145001
0.145098
0.146303
0.150893
0.176209
0.273349
0.25035
0.153477
0.130327
0.125511
0.124383
0.124523
0.125833
0.130698
0.153786
0.25035
0.232441
0.135974
0.114244
0.109177
0.107996
0.108199
0.109656
0.114809
0.136509
0.232442
0.218074
0.122454
0.10145
0.0960754
0.0948602
0.0951542
0.0967994
0.102312
0.123473
0.218075
0.209068
0.111615
0.0913251
0.0854971
0.0843447
0.0847684
0.0865681
0.0926401
0.113694
0.209069
0.203669
0.103889
0.0839763
0.0775413
0.0768828
0.0775087
0.0787863
0.0857657
0.107401
0.203671
90.5034
58.5856
45.0226
38.7028
36.0571
36.0571
38.7028
45.0226
58.5856
90.5034
12.1248
14.5696
13.4729
13.0541
12.8529
12.8529
13.0541
13.4729
14.5696
12.1248
4.38868
6.08946
5.73074
5.74335
5.76644
5.76644
5.74336
5.73075
6.08946
4.38868
2.46659
3.33294
3.07322
3.08732
3.10211
3.10211
3.08733
3.07323
3.33295
2.46659
1.63313
2.08218
1.86022
1.88065
1.89475
1.89475
1.88066
1.86023
2.08219
1.63313
1.18307
1.40271
1.227
1.22751
1.2267
1.22671
1.22753
1.22702
1.40271
1.18307
0.902044
0.998737
0.873614
0.869518
0.866546
0.866554
0.869536
0.873631
0.998742
0.902044
0.720664
0.740462
0.649864
0.64547
0.644074
0.644084
0.645494
0.649886
0.740469
0.720664
0.594721
0.566183
0.497164
0.492745
0.492408
0.492421
0.492776
0.497193
0.566192
0.594722
0.502625
0.444417
0.389775
0.385027
0.384222
0.38424
0.385067
0.389825
0.444435
0.502625
0.43306
0.35675
0.311744
0.307514
0.306294
0.30632
0.307573
0.311808
0.356778
0.43306
0.379892
0.291986
0.253634
0.249716
0.248593
0.248628
0.249795
0.253721
0.292028
0.379893
0.33689
0.243013
0.209893
0.205905
0.204842
0.20489
0.206014
0.210013
0.24308
0.336891
0.30205
0.205325
0.17649
0.172252
0.171196
0.171263
0.172407
0.176659
0.205461
0.30205
0.273348
0.176012
0.150644
0.146082
0.145002
0.145097
0.146305
0.150894
0.176209
0.273348
0.250348
0.153477
0.130327
0.12551
0.124383
0.124523
0.125834
0.130699
0.153787
0.25035
0.232437
0.135973
0.114243
0.109176
0.107995
0.108198
0.109656
0.114809
0.136509
0.232441
0.21807
0.122452
0.101448
0.0960741
0.0948589
0.0951528
0.0967996
0.102312
0.123473
0.218074
0.209062
0.111612
0.0913231
0.0854954
0.0843432
0.0847669
0.0865677
0.0926398
0.113694
0.209068
0.203658
0.103885
0.0839737
0.0775389
0.0768817
0.0775072
0.0787856
0.0857655
0.1074
0.203669
90.5034
58.5856
45.0226
38.7028
36.0571
36.0571
38.7028
45.0226
58.5856
90.5034
12.1248
14.5696
13.4729
13.0541
12.8529
12.8529
13.0541
13.4729
14.5696
12.1248
4.38868
6.08946
5.73075
5.74336
5.76644
5.76644
5.74335
5.73074
6.08946
4.38868
2.46659
3.33295
3.07323
3.08733
3.10211
3.10211
3.08732
3.07322
3.33294
2.46659
1.63313
2.08219
1.86023
1.88066
1.89475
1.89475
1.88065
1.86022
2.08218
1.63313
1.18307
1.40271
1.22702
1.22752
1.22671
1.2267
1.22751
1.227
1.40271
1.18307
0.902044
0.998742
0.873631
0.869536
0.866554
0.866546
0.869518
0.873615
0.998737
0.902044
0.720664
0.740468
0.649885
0.645493
0.644084
0.644074
0.64547
0.649864
0.740462
0.720664
0.594721
0.566192
0.497193
0.492775
0.492421
0.492407
0.492745
0.497164
0.566184
0.594721
0.502625
0.444435
0.389825
0.385067
0.38424
0.384222
0.385027
0.389775
0.444417
0.502625
0.43306
0.356777
0.311808
0.307573
0.30632
0.306293
0.307514
0.311744
0.356751
0.43306
0.379892
0.292027
0.25372
0.249794
0.248627
0.248593
0.249716
0.253635
0.291986
0.379892
0.33689
0.243079
0.210012
0.206014
0.204889
0.204842
0.205905
0.209893
0.243013
0.33689
0.30205
0.205461
0.176659
0.172406
0.171263
0.171196
0.172252
0.17649
0.205326
0.302051
0.273348
0.176209
0.150894
0.146303
0.145098
0.145002
0.146082
0.150644
0.176012
0.273349
0.250348
0.153785
0.130698
0.125833
0.124523
0.124384
0.125511
0.130327
0.153477
0.25035
0.232437
0.136506
0.114807
0.109655
0.108199
0.107995
0.109177
0.114244
0.135974
0.23244
0.21807
0.123469
0.10231
0.0967979
0.0951532
0.0948594
0.0960746
0.101449
0.122453
0.218074
0.209062
0.113689
0.0926369
0.0865662
0.0847671
0.0843436
0.085496
0.091324
0.111614
0.209067
0.203658
0.107394
0.0857617
0.0787841
0.0775072
0.0768816
0.07754
0.083975
0.103888
0.203667
90.5034
58.5856
45.0226
38.7028
36.0571
36.0571
38.7028
45.0226
58.5856
90.5034
12.1248
14.5696
13.4729
13.0541
12.8529
12.8529
13.0541
13.4729
14.5696
12.1248
4.38868
6.08946
5.73075
5.74336
5.76644
5.76644
5.74335
5.73074
6.08946
4.38868
2.46659
3.33295
3.07323
3.08733
3.10211
3.10211
3.08732
3.07322
3.33294
2.46659
1.63313
2.08219
1.86023
1.88066
1.89475
1.89475
1.88065
1.86022
2.08218
1.63313
1.18307
1.40271
1.22702
1.22753
1.22671
1.2267
1.22751
1.227
1.40271
1.18307
0.902044
0.998742
0.873631
0.869536
0.866554
0.866547
0.869518
0.873615
0.998738
0.902044
0.720664
0.740469
0.649886
0.645494
0.644085
0.644075
0.645471
0.649864
0.740462
0.720664
0.594721
0.566192
0.497193
0.492776
0.492421
0.492408
0.492746
0.497164
0.566184
0.594722
0.502625
0.444435
0.389825
0.385067
0.38424
0.384222
0.385027
0.389776
0.444417
0.502625
0.43306
0.356778
0.311808
0.307573
0.30632
0.306294
0.307515
0.311745
0.356751
0.43306
0.379892
0.292028
0.25372
0.249795
0.248628
0.248593
0.249716
0.253635
0.291987
0.379893
0.33689
0.24308
0.210013
0.206014
0.20489
0.204842
0.205905
0.209893
0.243014
0.336891
0.302051
0.205461
0.176659
0.172407
0.171264
0.171196
0.172253
0.17649
0.205325
0.302051
0.273349
0.17621
0.150894
0.146304
0.145098
0.145001
0.146083
0.150644
0.176012
0.273349
0.25035
0.153786
0.130698
0.125833
0.124523
0.124383
0.125512
0.130328
0.153478
0.25035
0.23244
0.136508
0.114808
0.109655
0.108198
0.107995
0.109178
0.114246
0.135976
0.232442
0.218074
0.123471
0.102311
0.0967985
0.0951532
0.0948589
0.096076
0.101451
0.122456
0.218075
0.209067
0.113692
0.0926386
0.0865669
0.0847672
0.0843435
0.0854975
0.0913262
0.111616
0.209069
0.203667
0.107398
0.0857644
0.0787852
0.0775075
0.0768818
0.0775415
0.0839772
0.103891
0.203671
0.359877
0.146233
0.105852
0.0845169
0.0743237
0.0755315
0.0802341
0.085374
0.0866104
0.125301
0.359886
0.290283
0.121243
0.0896197
0.0758869
0.0685191
0.0680267
0.0704892
0.0726117
0.0791321
0.107691
0.290283
0.240125
0.106329
0.0799676
0.0695316
0.0637038
0.0625343
0.0638865
0.0658694
0.0733714
0.0958031
0.240151
0.214697
0.096513
0.0742
0.0646962
0.0597638
0.0583536
0.0592173
0.061636
0.0689325
0.0894233
0.214673
0.202622
0.0913828
0.0697571
0.0609618
0.0565304
0.0550679
0.0557763
0.0584615
0.065772
0.086169
0.202595
0.196551
0.0883049
0.0666857
0.0580834
0.0539215
0.0524814
0.0531696
0.0560491
0.0635536
0.0841773
0.196544
0.192896
0.0861609
0.0644993
0.0558705
0.0518436
0.0504476
0.0511712
0.05421
0.0619707
0.0828752
0.192912
0.190431
0.0846166
0.0628802
0.0541742
0.0502049
0.0488519
0.0496302
0.052807
0.0607972
0.0819261
0.19046
0.188695
0.0834666
0.0616689
0.052876
0.0489227
0.0476033
0.0484379
0.05173
0.0598828
0.0811647
0.188732
0.187468
0.082603
0.0607554
0.0518855
0.0479263
0.0466295
0.0475151
0.050902
0.0591672
0.0805534
0.187507
0.186562
0.0819493
0.0600575
0.0511304
0.0471551
0.0458722
0.0468
0.0502601
0.0586081
0.0800606
0.186595
0.185867
0.081451
0.0595229
0.0505502
0.0465547
0.0452799
0.0462405
0.0497569
0.0581734
0.0796691
0.185897
0.185349
0.0810714
0.0591123
0.0501027
0.0460871
0.044816
0.0458018
0.0493603
0.0578252
0.0793572
0.185374
0.184969
0.0807846
0.0587999
0.0497614
0.0457313
0.0444615
0.0454659
0.0490556
0.0575544
0.0791151
0.184986
0.18469
0.0805732
0.0585682
0.0495064
0.045465
0.0441946
0.0452134
0.048828
0.0573513
0.0789351
0.184705
0.184492
0.0804238
0.0584029
0.0493226
0.0452697
0.0439977
0.0450283
0.0486627
0.0572076
0.0788086
0.184506
0.184361
0.080327
0.0582879
0.0491941
0.0451308
0.0438569
0.0448974
0.0485499
0.0571101
0.0787294
0.184376
0.18429
0.0802712
0.0582142
0.0491049
0.0450366
0.043761
0.0448087
0.0484748
0.0570484
0.0786858
0.184307
0.184255
0.0802475
0.0581667
0.0490561
0.0449773
0.0437
0.0447537
0.0484294
0.0570091
0.0786712
0.184274
0.184253
0.0802458
0.0581488
0.049017
0.0449426
0.0436644
0.0447227
0.0484073
0.0570007
0.0786759
0.184274
0.184273
0.0802581
0.0581454
0.0490071
0.0449247
0.0436457
0.0447075
0.0483988
0.0570033
0.078693
0.184295
0.184309
0.0802784
0.0581502
0.0490035
0.0449148
0.043635
0.0446999
0.0483981
0.0570129
0.0787174
0.18433
0.184356
0.0802985
0.0581553
0.0489986
0.0449039
0.0436232
0.0446911
0.0483963
0.0570223
0.0787414
0.184378
0.184401
0.0803129
0.0581567
0.0489913
0.0448909
0.0436107
0.0446808
0.048392
0.0570268
0.0787587
0.184423
0.18444
0.080326
0.0581623
0.0489917
0.0448886
0.0436094
0.044681
0.0483952
0.057035
0.078774
0.184462
0.184468
0.0803406
0.0581726
0.0489995
0.0448961
0.0436175
0.0446902
0.0484047
0.0570469
0.0787897
0.184489
0.184486
0.0803572
0.0581868
0.0490125
0.0449088
0.0436315
0.0447035
0.0484186
0.0570618
0.0788065
0.184506
0.184503
0.0803747
0.0582016
0.0490264
0.0449224
0.0436456
0.0447167
0.0484322
0.0570767
0.0788239
0.184523
0.184525
0.0803875
0.0582109
0.0490332
0.0449284
0.0436514
0.0447213
0.0484376
0.0570853
0.0788368
0.184544
0.184544
0.0803925
0.0582135
0.049034
0.0449287
0.0436512
0.04472
0.0484357
0.0570859
0.0788409
0.184562
0.184559
0.0803954
0.0582165
0.0490369
0.0449322
0.0436547
0.0447228
0.0484382
0.0570876
0.0788423
0.184575
0.184561
0.080399
0.0582223
0.0490441
0.0449403
0.0436629
0.0447302
0.0484444
0.057092
0.0788443
0.184575
0.184554
0.0804043
0.0582307
0.0490545
0.0449516
0.0436741
0.0447407
0.0484539
0.0570986
0.0788478
0.184568
0.184562
0.0804066
0.05824
0.0490653
0.0449628
0.0436845
0.0447498
0.0484627
0.0571046
0.0788517
0.184562
0.184524
0.0803875
0.058247
0.0490694
0.0449667
0.0436867
0.0447507
0.0484647
0.0571026
0.0788509
0.184574
0.184543
0.080393
0.0582433
0.04907
0.044967
0.0436868
0.044749
0.0484587
0.0570832
0.0788393
0.184577
0.184558
0.0803991
0.0582441
0.0490716
0.0449686
0.0436897
0.0447498
0.0484537
0.0570703
0.0788161
0.184557
0.184563
0.0804076
0.0582495
0.0490774
0.0449756
0.043694
0.0447528
0.0484543
0.0570713
0.0788094
0.184539
0.184565
0.0804192
0.0582589
0.0490872
0.0449855
0.0437031
0.0447616
0.0484623
0.0570839
0.0788175
0.18453
0.18456
0.0804332
0.0582709
0.0490991
0.0449967
0.0437142
0.044773
0.0484749
0.0571017
0.0788353
0.184526
0.359886
0.146234
0.10585
0.0845193
0.0743242
0.0755308
0.0802345
0.0853749
0.0866113
0.125302
0.359888
0.290283
0.121238
0.0896159
0.0758918
0.0685196
0.0680257
0.0704913
0.072613
0.0791333
0.107693
0.290286
0.240151
0.10633
0.07996
0.0695403
0.0637046
0.0625335
0.0638909
0.0658717
0.0733733
0.0958046
0.240153
0.214673
0.0964994
0.0742052
0.0647052
0.0597652
0.0583537
0.0592225
0.061639
0.0689349
0.0894254
0.214675
0.202595
0.0913747
0.0697655
0.0609706
0.0565324
0.0550686
0.0557817
0.058465
0.0657748
0.0861715
0.202598
0.196544
0.0883101
0.0666981
0.0580919
0.0539237
0.0524823
0.0531751
0.0560529
0.0635567
0.0841802
0.196548
0.192912
0.0861752
0.0645116
0.0558784
0.0518459
0.0504488
0.0511768
0.0542139
0.0619739
0.0828786
0.192916
0.19046
0.0846356
0.0628937
0.0541814
0.0502069
0.048853
0.0496359
0.0528107
0.0608004
0.0819296
0.190466
0.188732
0.0834871
0.0616812
0.0528821
0.048924
0.0476039
0.0484432
0.0517334
0.0598859
0.0811685
0.188737
0.187507
0.0826226
0.0607661
0.0518898
0.0479256
0.0466278
0.0475185
0.0509044
0.0591699
0.0805575
0.187513
0.186595
0.0819639
0.0600633
0.0511292
0.0471478
0.0458628
0.0467964
0.0502591
0.0586083
0.0800646
0.186602
0.185897
0.0814615
0.0595228
0.0505443
0.0465434
0.0452651
0.0462309
0.0497544
0.0581646
0.079672
0.185907
0.185374
0.0810776
0.05911
0.0500978
0.0460814
0.0448076
0.045797
0.0493618
0.0578164
0.0793596
0.185385
0.184986
0.080789
0.0587996
0.0497602
0.0457319
0.0444613
0.0454672
0.0490608
0.0575487
0.0791162
0.184995
0.184705
0.080579
0.0585721
0.0495118
0.0454712
0.044202
0.0452198
0.0488373
0.0573492
0.0789348
0.184709
0.184506
0.0804323
0.0584108
0.0493309
0.0452808
0.0440112
0.0450385
0.0486736
0.0572064
0.078807
0.184508
0.184376
0.0803375
0.0582988
0.0492042
0.0451449
0.0438748
0.0449103
0.0485605
0.0571104
0.0787281
0.184377
0.184307
0.0802835
0.0582256
0.0491192
0.0450526
0.0437819
0.0448234
0.0484853
0.0570528
0.0786846
0.184306
0.184274
0.0802615
0.0581807
0.0490718
0.0449942
0.0437222
0.0447694
0.0484395
0.0570125
0.0786701
0.184273
0.184274
0.0802606
0.0581639
0.0490349
0.0449602
0.0436883
0.0447392
0.0484171
0.0570042
0.0786752
0.184273
0.184295
0.0802732
0.0581608
0.0490243
0.0449427
0.0436707
0.0447248
0.0484095
0.0570073
0.078693
0.184294
0.18433
0.0802935
0.0581658
0.0490209
0.0449344
0.0436613
0.0447181
0.0484092
0.0570175
0.0787182
0.184331
0.184378
0.0803137
0.0581712
0.0490168
0.0449258
0.0436516
0.0447103
0.0484075
0.0570273
0.0787431
0.18438
0.184423
0.080328
0.058173
0.0490108
0.0449158
0.0436405
0.0447006
0.0484033
0.057032
0.0787609
0.184426
0.184462
0.0803413
0.0581789
0.0490121
0.0449147
0.0436386
0.0447003
0.0484064
0.0570406
0.0787771
0.184467
0.184489
0.0803559
0.0581895
0.0490201
0.0449218
0.0436448
0.0447079
0.0484162
0.0570534
0.0787937
0.184494
0.184506
0.0803724
0.0582034
0.0490327
0.0449332
0.0436564
0.0447208
0.0484301
0.0570687
0.0788112
0.184512
0.184523
0.0803894
0.0582178
0.0490455
0.0449448
0.0436678
0.044733
0.0484435
0.0570841
0.0788292
0.184529
0.184544
0.0804016
0.0582262
0.0490509
0.044949
0.0436714
0.0447365
0.0484486
0.0570929
0.0788427
0.184552
0.184562
0.0804057
0.0582278
0.0490501
0.0449475
0.0436691
0.0447337
0.0484463
0.0570932
0.0788468
0.184571
0.184575
0.0804071
0.0582293
0.0490514
0.0449486
0.0436699
0.0447345
0.048447
0.0570943
0.0788485
0.184584
0.184575
0.0804096
0.0582336
0.0490566
0.0449535
0.0436751
0.0447399
0.0484522
0.0570982
0.0788509
0.184586
0.184568
0.0804138
0.0582401
0.0490641
0.0449602
0.043682
0.0447469
0.0484585
0.0571031
0.0788548
0.184584
0.184562
0.0804182
0.0582451
0.0490685
0.0449613
0.0436828
0.0447466
0.0484577
0.0571031
0.0788564
0.18459
0.184574
0.0804172
0.058243
0.0490659
0.0449613
0.0436797
0.044742
0.0484518
0.0570976
0.0788535
0.184601
0.184577
0.0804063
0.0582284
0.0490614
0.0449639
0.0436801
0.0447422
0.0484513
0.057096
0.0788526
0.18461
0.184557
0.0803874
0.0582188
0.0490619
0.0449672
0.0436867
0.0447493
0.0484584
0.0571019
0.078857
0.184613
0.184539
0.0803828
0.0582233
0.0490698
0.0449768
0.0436988
0.0447624
0.0484719
0.0571148
0.0788677
0.184613
0.18453
0.0803926
0.0582383
0.0490836
0.0449909
0.0437148
0.0447795
0.0484903
0.057133
0.0788842
0.184617
0.184526
0.0804114
0.0582577
0.0491
0.0450065
0.0437314
0.0447972
0.0485096
0.0571533
0.0789038
0.184626
0.359883
0.1253
0.0866088
0.0853722
0.0802327
0.0755307
0.0743237
0.0845181
0.105849
0.146234
0.359888
0.290281
0.10769
0.0791302
0.0726102
0.0704881
0.0680265
0.0685198
0.0758911
0.0896151
0.121238
0.290286
0.240148
0.0958013
0.0733695
0.0658685
0.0638864
0.0625351
0.0637058
0.0695404
0.0799595
0.10633
0.240153
0.214669
0.0894198
0.0689304
0.0616356
0.0592182
0.0583556
0.0597673
0.0647062
0.0742054
0.0965
0.214675
0.202589
0.0861648
0.0657696
0.0584613
0.0557779
0.0550709
0.0565354
0.0609725
0.0697665
0.0913762
0.202598
0.196537
0.0841721
0.0635507
0.056049
0.0531716
0.0524851
0.0539275
0.0580946
0.0666999
0.088312
0.196548
0.192902
0.082869
0.0619674
0.0542098
0.0511734
0.0504517
0.0518503
0.0558819
0.064514
0.0861778
0.192916
0.190452
0.0819194
0.0607935
0.0528065
0.0496323
0.0488562
0.0502119
0.0541855
0.0628967
0.0846385
0.190466
0.188724
0.081158
0.059879
0.0517295
0.04844
0.0476077
0.0489298
0.0528869
0.0616849
0.0834906
0.188737
0.187498
0.0805465
0.0591635
0.0509016
0.0475174
0.0466339
0.0479334
0.0518959
0.060771
0.0826268
0.187513
0.186588
0.0800564
0.0586052
0.0502618
0.046803
0.0458769
0.0471619
0.0511385
0.0600709
0.0819692
0.186602
0.185888
0.0796638
0.0581675
0.0497637
0.0462456
0.0452853
0.0465615
0.0505555
0.0595369
0.0814706
0.185907
0.185368
0.0793551
0.0578236
0.0493737
0.0458104
0.044823
0.0460938
0.0501046
0.0591222
0.0810872
0.185385
0.184984
0.0791161
0.0575581
0.0490731
0.0454781
0.044471
0.0457382
0.0497618
0.0588066
0.080796
0.184995
0.184705
0.078938
0.0573589
0.0488472
0.0452285
0.0442066
0.0454725
0.0495092
0.0585736
0.0805826
0.184709
0.184509
0.0788127
0.0572164
0.0486832
0.0450454
0.0440118
0.045278
0.0493253
0.0584083
0.0804327
0.184508
0.18438
0.0787351
0.0571202
0.0485689
0.0449156
0.0438726
0.0451404
0.0491977
0.0582945
0.0803361
0.184377
0.184311
0.0786924
0.0570625
0.0484928
0.0448272
0.0437778
0.0450475
0.0491124
0.0582214
0.0802812
0.184306
0.184278
0.0786782
0.0570218
0.048447
0.0447717
0.0437172
0.0449895
0.0490667
0.0581755
0.0802587
0.184273
0.184277
0.0786831
0.0570131
0.048424
0.0447409
0.0436825
0.044956
0.049029
0.0581593
0.0802581
0.184273
0.184297
0.0787003
0.0570153
0.0484148
0.0447254
0.0436641
0.0449388
0.0490196
0.0581569
0.0802714
0.184294
0.184332
0.0787244
0.0570236
0.0484132
0.0447175
0.0436536
0.04493
0.0490166
0.0581625
0.0802925
0.184331
0.18437
0.0787463
0.0570286
0.0484096
0.0447085
0.0436423
0.0449195
0.0490118
0.0581681
0.0803133
0.18438
0.184431
0.0787664
0.0570171
0.048402
0.0446976
0.0436299
0.0449062
0.0490041
0.0581693
0.0803278
0.184426
0.184462
0.0787721
0.0570214
0.0484021
0.0446958
0.0436275
0.0449032
0.0490041
0.0581751
0.0803418
0.184467
0.184479
0.0787815
0.0570343
0.0484097
0.0447019
0.0436335
0.0449092
0.0490124
0.0581859
0.080357
0.184494
0.184489
0.0787944
0.0570491
0.0484192
0.0447109
0.0436449
0.0449214
0.0490252
0.0582001
0.0803737
0.184512
0.184507
0.0788062
0.0570586
0.0484229
0.0447146
0.0436543
0.0449334
0.0490384
0.0582149
0.080391
0.184529
0.184524
0.0788101
0.0570605
0.0484215
0.0447138
0.043655
0.0449375
0.0490441
0.0582236
0.0804037
0.184552
0.18454
0.0788139
0.0570639
0.0484242
0.0447167
0.0436529
0.044936
0.0490434
0.0582252
0.0804077
0.184571
0.184547
0.0788204
0.0570718
0.0484326
0.0447245
0.0436563
0.0449385
0.0490458
0.0582275
0.0804097
0.184584
0.184544
0.0788315
0.0570823
0.0484437
0.0447352
0.0436652
0.0449457
0.0490524
0.0582325
0.0804128
0.184586
0.184568
0.0788543
0.057089
0.0484508
0.0447452
0.0436758
0.0449548
0.0490604
0.0582387
0.0804174
0.184584
0.184601
0.0788676
0.0570826
0.0484533
0.0447504
0.0436802
0.0449579
0.0490624
0.0582405
0.0804195
0.18459
0.184618
0.0788616
0.0570769
0.0484481
0.0447455
0.0436787
0.0449564
0.0490598
0.0582374
0.0804172
0.184601
0.184615
0.0788547
0.0570805
0.04845
0.0447473
0.0436814
0.0449586
0.0490612
0.0582377
0.0804169
0.18461
0.184607
0.0788551
0.0570921
0.0484593
0.0447556
0.0436904
0.044967
0.049069
0.0582441
0.080422
0.184613
0.184603
0.0788629
0.0571091
0.0484745
0.0447694
0.0437044
0.0449807
0.0490824
0.0582569
0.0804335
0.184613
0.184604
0.0788779
0.0571297
0.0484937
0.0447868
0.0437218
0.044998
0.0491
0.0582744
0.0804505
0.184617
0.18461
0.0788967
0.0571511
0.0485131
0.0448044
0.0437393
0.045016
0.0491185
0.0582938
0.0804703
0.184626
0.359877
0.125298
0.0866059
0.0853698
0.0802268
0.0755263
0.0743213
0.0845171
0.105848
0.146233
0.359883
0.290283
0.107692
0.0791258
0.0726078
0.0704752
0.0680186
0.0685157
0.075889
0.089615
0.121236
0.290281
0.240125
0.0957923
0.0733567
0.0658558
0.0638604
0.0625216
0.0636984
0.0695364
0.0799563
0.106327
0.240148
0.214697
0.0894368
0.0689035
0.0616071
0.0591791
0.0583321
0.0597552
0.0646994
0.0742002
0.0964956
0.214669
0.202622
0.0861715
0.0657361
0.0584226
0.0557326
0.0550395
0.0565181
0.0609622
0.0697588
0.0913687
0.202589
0.196551
0.0841652
0.0635154
0.056007
0.0531254
0.0524487
0.0539054
0.0580809
0.0666897
0.0883028
0.196537
0.192896
0.082852
0.0619328
0.054169
0.0511298
0.0504132
0.0518246
0.0558649
0.0645012
0.086167
0.192902
0.190431
0.0818984
0.0607617
0.052769
0.0495928
0.0488176
0.0501837
0.054166
0.062882
0.0846259
0.190452
0.188695
0.0811356
0.0598507
0.0516962
0.048405
0.0475703
0.0489003
0.0528656
0.0616687
0.0834769
0.188724
0.187468
0.0805264
0.0591393
0.0508729
0.0474869
0.0465983
0.0479035
0.0518736
0.0607535
0.082612
0.187498
0.186562
0.0800396
0.0585852
0.0502374
0.0467764
0.0458431
0.0471326
0.0511175
0.0600538
0.081956
0.186588
0.185867
0.0796502
0.0581509
0.0497429
0.0462217
0.0452531
0.0465341
0.0505377
0.0595182
0.0814555
0.185888
0.185349
0.0793435
0.0578092
0.0493547
0.0457875
0.0447935
0.0460702
0.050092
0.0591082
0.0810752
0.185368
0.184969
0.0791055
0.0575441
0.0490555
0.0454566
0.0444453
0.0457186
0.0497539
0.0587978
0.0807885
0.184984
0.18469
0.0789262
0.0573448
0.0488298
0.0452088
0.0441859
0.045457
0.0495024
0.058569
0.0805793
0.184705
0.184492
0.0787989
0.0572025
0.0486669
0.0450278
0.0439961
0.0452664
0.0493226
0.0584069
0.0804326
0.184509
0.184361
0.0787187
0.057105
0.0485531
0.0449005
0.0438617
0.0451319
0.0491978
0.0582949
0.0803382
0.18438
0.18429
0.078674
0.0570431
0.0484776
0.0448148
0.043772
0.0450415
0.049112
0.0582242
0.0802847
0.184311
0.184255
0.0786586
0.0570035
0.0484326
0.0447614
0.043712
0.0449847
0.0490638
0.0581771
0.0802625
0.184278
0.184253
0.078663
0.0569954
0.0484103
0.0447326
0.04368
0.0449531
0.0490284
0.0581615
0.0802621
0.184277
0.184273
0.0786802
0.0569985
0.0484031
0.0447188
0.0436642
0.0449373
0.0490204
0.0581599
0.0802754
0.184297
0.184309
0.0787048
0.0570085
0.0484036
0.0447134
0.0436564
0.0449306
0.0490195
0.0581665
0.0802963
0.184332
0.184356
0.0787291
0.0570184
0.0484023
0.0447064
0.0436478
0.0449231
0.0490183
0.0581742
0.0803173
0.18437
0.184401
0.078747
0.057024
0.0483993
0.0446977
0.0436376
0.0449129
0.049015
0.0581782
0.0803373
0.184431
0.18444
0.0787624
0.0570327
0.0484034
0.0446987
0.0436372
0.0449118
0.0490121
0.0581804
0.0803436
0.184462
0.184468
0.0787784
0.0570451
0.0484132
0.044708
0.043645
0.0449184
0.0490161
0.058187
0.0803525
0.184479
0.184486
0.0787958
0.0570604
0.0484269
0.0447202
0.0436556
0.0449275
0.0490249
0.0581967
0.0803644
0.184489
0.184503
0.078814
0.0570755
0.04844
0.0447315
0.0436646
0.0449319
0.0490288
0.0582025
0.0803743
0.184507
0.184525
0.0788276
0.0570846
0.0484451
0.0447343
0.0436647
0.0449319
0.0490285
0.058203
0.0803773
0.184524
0.184544
0.0788326
0.0570859
0.0484432
0.0447314
0.0436611
0.044933
0.049031
0.0582058
0.0803806
0.18454
0.184559
0.0788351
0.0570873
0.0484444
0.0447318
0.0436617
0.044938
0.0490384
0.058213
0.080387
0.184547
0.184561
0.0788374
0.0570906
0.0484487
0.0447359
0.0436665
0.0449458
0.0490488
0.0582236
0.0803989
0.184544
0.184554
0.0788405
0.0570958
0.0484553
0.0447419
0.0436718
0.044953
0.0490584
0.0582354
0.0804209
0.184568
0.184562
0.0788394
0.0570978
0.0484595
0.0447429
0.0436715
0.0449534
0.0490611
0.0582417
0.0804352
0.184601
0.184524
0.0788108
0.0570905
0.0484573
0.0447368
0.0436677
0.0449511
0.0490588
0.058241
0.0804318
0.184618
0.184543
0.0788127
0.0570736
0.048452
0.0447301
0.0436647
0.0449509
0.0490593
0.058241
0.0804264
0.184615
0.184558
0.078816
0.0570677
0.0484468
0.0447307
0.0436684
0.0449567
0.0490653
0.0582458
0.0804268
0.184607
0.184563
0.0788242
0.0570747
0.0484492
0.0447394
0.0436794
0.044968
0.0490765
0.0582558
0.0804335
0.184603
0.184565
0.078837
0.0570896
0.0484605
0.0447538
0.0436953
0.0449833
0.0490917
0.0582705
0.0804468
0.184604
0.18456
0.0788524
0.057108
0.0484755
0.0447699
0.0437119
0.0449994
0.0491082
0.0582871
0.0804634
0.18461
)
;
    }
    ami2
    {
        type            cyclicAMI;
        value           nonuniform List<scalar> 
121
(
0.219537
0.111658
0.0915552
0.0813131
0.077416
0.0790057
0.0858872
0.097822
0.0939998
0.105768
0.219543
0.105765
0.0722989
0.0640622
0.0579533
0.052474
0.0518869
0.0523209
0.051388
0.0574583
0.0723009
0.11166
0.0939957
0.0574614
0.051442
0.0540933
0.0565543
0.0562769
0.0552202
0.053839
0.051433
0.0640758
0.0915549
0.0978181
0.0513945
0.053863
0.0581194
0.0620299
0.0638244
0.062303
0.0581044
0.0540856
0.0579466
0.0813149
0.0858823
0.0523367
0.0552469
0.0623226
0.0667685
0.0689824
0.0667638
0.0620293
0.0565541
0.0524732
0.0774165
0.079002
0.0518927
0.0562953
0.0638494
0.0689964
0.0702776
0.0689942
0.0638386
0.056289
0.0518931
0.0790058
0.0774137
0.0524758
0.0565593
0.0620437
0.0667775
0.0689936
0.0667757
0.0623176
0.0552306
0.0523239
0.0858879
0.0813129
0.0579493
0.0540904
0.0581112
0.0623093
0.063829
0.0620309
0.0581091
0.0538423
0.0513891
0.0978229
0.0915534
0.0640758
0.0514366
0.0538433
0.0552236
0.0562785
0.0565534
0.0540873
0.0514339
0.0574587
0.0940009
0.111658
0.0722996
0.0574603
0.0513909
0.0523224
0.0518859
0.0524721
0.0579468
0.0640749
0.0723008
0.10577
0.219541
0.105767
0.0939985
0.0978208
0.085886
0.0790048
0.0774156
0.0813137
0.0915537
0.111659
0.219544
)
;
    }
    outlet
    {
        type            zeroGradient;
    }
}


// ************************************************************************* //
