/*--------------------------------*- C++ -*----------------------------------*\
| =========                 |                                                 |
| \\      /  F ield         | OpenFOAM: The Open Source CFD Toolbox           |
|  \\    /   O peration     | Version:  2212                                  |
|   \\  /    A nd           | Website:  www.openfoam.com                      |
|    \\/     M anipulation  |                                                 |
\*---------------------------------------------------------------------------*/
FoamFile
{
    version     2.0;
    format      ascii;
    arch        "LSB;label=32;scalar=64";
    class       surfaceScalarField;
    location    "2.1";
    object      meshPhi;
}
// * * * * * * * * * * * * * * * * * * * * * * * * * * * * * * * * * * * * * //

dimensions      [0 3 -1 0 0 0 0];

oriented        oriented;

internalField   nonuniform List<scalar> 
1786
(
8.98528e-21
1.17323e-07
-7.61184e-22
7.18811e-21
1.17323e-07
-7.61184e-22
8.98528e-21
1.17323e-07
-7.62476e-22
7.18811e-21
1.17323e-07
-6.35814e-22
7.18811e-21
1.17323e-07
-7.62476e-22
7.18811e-21
1.17323e-07
-7.61184e-22
8.98528e-21
1.17323e-07
-7.61184e-22
7.18811e-21
1.17323e-07
-7.62476e-22
7.18811e-21
1.17323e-07
-7.62476e-22
5.39094e-21
1.17323e-07
-7.62476e-22
1.17323e-07
-1.0183e-21
6.94441e-21
1.08218e-07
9.10464e-09
6.94441e-21
1.08218e-07
9.10464e-09
5.20817e-21
1.08218e-07
9.10464e-09
6.94441e-21
1.08218e-07
9.10464e-09
6.94441e-21
1.08218e-07
9.10464e-09
8.68065e-21
1.08218e-07
9.10464e-09
5.20817e-21
1.08218e-07
9.10464e-09
6.94441e-21
1.08218e-07
9.10464e-09
6.94441e-21
1.08218e-07
9.10464e-09
6.94441e-21
1.08218e-07
9.10464e-09
1.08218e-07
9.10464e-09
4.67205e-21
9.05895e-08
1.76285e-08
4.67205e-21
9.05895e-08
1.76285e-08
3.11454e-21
9.05895e-08
1.76285e-08
4.67205e-21
9.05895e-08
1.76285e-08
6.22956e-21
9.05895e-08
1.76285e-08
4.67205e-21
9.05895e-08
1.76285e-08
1.55702e-21
9.05895e-08
1.76285e-08
6.22956e-21
9.05895e-08
1.76285e-08
4.67205e-21
9.05895e-08
1.76285e-08
6.22956e-21
9.05895e-08
1.76285e-08
9.05895e-08
1.76285e-08
2.54541e-21
6.5559e-08
2.50304e-08
3.81831e-21
6.5559e-08
2.50304e-08
3.81831e-21
6.5559e-08
2.50304e-08
3.81831e-21
6.5559e-08
2.50304e-08
2.54541e-21
6.5559e-08
2.50304e-08
3.81831e-21
6.5559e-08
2.50304e-08
3.81831e-21
6.5559e-08
2.50304e-08
5.09122e-21
6.5559e-08
2.50304e-08
3.81831e-21
6.5559e-08
2.50304e-08
5.09122e-21
6.5559e-08
2.50304e-08
5.09122e-21
6.5559e-08
2.50304e-08
6.5559e-08
2.50304e-08
2.70376e-21
3.4714e-08
3.0845e-08
1.80241e-21
3.4714e-08
3.0845e-08
1.80241e-21
3.4714e-08
3.0845e-08
1.80241e-21
3.4714e-08
3.0845e-08
2.70376e-21
3.4714e-08
3.0845e-08
2.70376e-21
3.4714e-08
3.0845e-08
3.60511e-21
3.4714e-08
3.0845e-08
1.80241e-21
3.4714e-08
3.0845e-08
2.70376e-21
3.4714e-08
3.0845e-08
2.70376e-21
3.4714e-08
3.0845e-08
2.70376e-21
3.4714e-08
3.0845e-08
3.4714e-08
3.0845e-08
1.86982e-21
3.4714e-08
9.34838e-22
3.4714e-08
1.86982e-21
3.4714e-08
1.40233e-21
3.4714e-08
1.86982e-21
3.4714e-08
1.86982e-21
3.4714e-08
1.86982e-21
3.4714e-08
1.86982e-21
3.4714e-08
1.86982e-21
3.4714e-08
2.33731e-21
3.4714e-08
2.33731e-21
3.4714e-08
3.4714e-08
1.06594e-20
1.03272e-07
-6.16427e-22
8.5274e-21
1.03272e-07
-6.15733e-22
8.5274e-21
1.03272e-07
-6.16427e-22
8.5274e-21
1.03272e-07
-6.36073e-22
1.06594e-20
1.03272e-07
-6.15733e-22
8.5274e-21
1.03272e-07
-6.16427e-22
8.5274e-21
1.03272e-07
-6.16427e-22
1.06594e-20
1.03272e-07
-6.16427e-22
8.5274e-21
1.03272e-07
-6.16427e-22
1.06594e-20
1.03272e-07
-6.16427e-22
1.03272e-07
-5.78606e-22
4.15042e-21
9.53421e-08
1.70341e-08
4.15042e-21
9.53421e-08
1.70341e-08
4.15042e-21
9.53421e-08
1.70341e-08
4.15042e-21
9.53421e-08
1.70341e-08
4.15042e-21
9.53421e-08
1.70341e-08
6.22596e-21
9.53421e-08
1.70341e-08
4.15042e-21
9.53421e-08
1.70341e-08
4.15042e-21
9.53421e-08
1.70341e-08
2.07489e-21
9.53421e-08
1.70341e-08
4.15042e-21
9.53421e-08
1.70341e-08
9.53421e-08
1.70341e-08
5.72914e-21
7.99557e-08
3.30149e-08
3.81923e-21
7.99557e-08
3.30149e-08
7.63905e-21
7.99557e-08
3.30149e-08
5.72914e-21
7.99557e-08
3.30149e-08
7.63905e-21
7.99557e-08
3.30149e-08
7.63905e-21
7.99557e-08
3.30149e-08
7.63905e-21
7.99557e-08
3.30149e-08
7.63905e-21
7.99557e-08
3.30149e-08
5.72914e-21
7.99557e-08
3.30149e-08
5.72914e-21
7.99557e-08
3.30149e-08
7.99557e-08
3.30149e-08
4.93842e-21
5.80257e-08
4.69604e-08
6.58473e-21
5.80257e-08
4.69604e-08
6.58473e-21
5.80257e-08
4.69604e-08
6.58473e-21
5.80257e-08
4.69604e-08
6.58473e-21
5.80257e-08
4.69604e-08
4.93842e-21
5.80257e-08
4.69604e-08
6.58473e-21
5.80257e-08
4.69604e-08
4.93842e-21
5.80257e-08
4.69604e-08
8.23104e-21
5.80257e-08
4.69604e-08
6.58473e-21
5.80257e-08
4.69604e-08
6.58473e-21
5.80257e-08
4.69604e-08
5.80257e-08
4.69604e-08
5.20941e-21
3.0845e-08
5.80257e-08
5.20941e-21
3.0845e-08
5.80257e-08
5.20941e-21
3.0845e-08
5.80257e-08
6.51186e-21
3.0845e-08
5.80257e-08
5.20941e-21
3.0845e-08
5.80257e-08
5.20941e-21
3.0845e-08
5.80257e-08
5.20941e-21
3.0845e-08
5.80257e-08
6.51186e-21
3.0845e-08
5.80257e-08
6.51186e-21
3.0845e-08
5.80257e-08
5.20941e-21
3.0845e-08
5.80257e-08
5.20941e-21
3.0845e-08
5.80257e-08
3.0845e-08
5.80257e-08
3.60511e-21
6.5559e-08
3.60511e-21
6.5559e-08
3.60511e-21
6.5559e-08
3.60511e-21
6.5559e-08
4.50646e-21
6.5559e-08
3.60511e-21
6.5559e-08
3.60511e-21
6.5559e-08
4.50646e-21
6.5559e-08
4.50646e-21
6.5559e-08
3.60511e-21
6.5559e-08
3.60511e-21
6.5559e-08
6.5559e-08
9.67904e-21
8.32578e-08
-3.07446e-22
1.2099e-20
8.32578e-08
-3.07786e-22
9.67904e-21
8.32578e-08
-3.07446e-22
1.2099e-20
8.32578e-08
-2.64795e-22
9.67904e-21
8.32578e-08
-3.07446e-22
9.67904e-21
8.32578e-08
-3.07446e-22
1.2099e-20
8.32578e-08
-3.07446e-22
1.2099e-20
8.32578e-08
-3.07446e-22
9.67904e-21
8.32578e-08
-3.07446e-22
9.67904e-21
8.32578e-08
-3.07446e-22
8.32578e-08
-2.65829e-22
4.73371e-21
7.69129e-08
2.33789e-08
4.73371e-21
7.69129e-08
2.33789e-08
7.10093e-21
7.69129e-08
2.33789e-08
7.10093e-21
7.69129e-08
2.33789e-08
7.10093e-21
7.69129e-08
2.33789e-08
4.73371e-21
7.69129e-08
2.33789e-08
4.73371e-21
7.69129e-08
2.33789e-08
2.36648e-21
7.69129e-08
2.33789e-08
4.73371e-21
7.69129e-08
2.33789e-08
2.36648e-21
7.69129e-08
2.33789e-08
7.69129e-08
2.33789e-08
4.4246e-21
6.45823e-08
4.53455e-08
6.63725e-21
6.45823e-08
4.53455e-08
6.63725e-21
6.45823e-08
4.53455e-08
8.84989e-21
6.45823e-08
4.53455e-08
8.84989e-21
6.45823e-08
4.53455e-08
4.4246e-21
6.45823e-08
4.53455e-08
6.63725e-21
6.45823e-08
4.53455e-08
6.63725e-21
6.45823e-08
4.53455e-08
8.84989e-21
6.45823e-08
4.53455e-08
4.4246e-21
6.45823e-08
4.53455e-08
6.45823e-08
4.53455e-08
5.8997e-21
4.69604e-08
6.45823e-08
5.8997e-21
4.69604e-08
6.45823e-08
7.86647e-21
4.69604e-08
6.45823e-08
7.86647e-21
4.69604e-08
6.45823e-08
5.8997e-21
4.69604e-08
6.45823e-08
7.86647e-21
4.69604e-08
6.45823e-08
9.83324e-21
4.69604e-08
6.45823e-08
5.8997e-21
4.69604e-08
6.45823e-08
5.8997e-21
4.69604e-08
6.45823e-08
7.86647e-21
4.69604e-08
6.45823e-08
7.86647e-21
4.69604e-08
6.45823e-08
4.69604e-08
6.45823e-08
6.58473e-21
2.50304e-08
7.99557e-08
8.23104e-21
2.50304e-08
7.99557e-08
8.23104e-21
2.50304e-08
7.99557e-08
6.58473e-21
2.50304e-08
7.99557e-08
6.58473e-21
2.50304e-08
7.99557e-08
4.93842e-21
2.50304e-08
7.99557e-08
6.58473e-21
2.50304e-08
7.99557e-08
6.58473e-21
2.50304e-08
7.99557e-08
4.93842e-21
2.50304e-08
7.99557e-08
4.93842e-21
2.50304e-08
7.99557e-08
8.23104e-21
2.50304e-08
7.99557e-08
2.50304e-08
7.99557e-08
5.09122e-21
9.05895e-08
3.81831e-21
9.05895e-08
5.09122e-21
9.05895e-08
5.09122e-21
9.05895e-08
5.09122e-21
9.05895e-08
3.81831e-21
9.05895e-08
5.09122e-21
9.05895e-08
5.09122e-21
9.05895e-08
6.36412e-21
9.05895e-08
6.36412e-21
9.05895e-08
6.36412e-21
9.05895e-08
9.05895e-08
1.0564e-20
5.83852e-08
7.92277e-21
5.83852e-08
7.92277e-21
5.83852e-08
5.28157e-21
5.83852e-08
7.92277e-21
5.83852e-08
7.92277e-21
5.83852e-08
7.92277e-21
5.83852e-08
7.92277e-21
5.83852e-08
7.92277e-21
5.83852e-08
1.0564e-20
5.83852e-08
5.83852e-08
5.18181e-21
5.3958e-08
2.78061e-08
7.77313e-21
5.3958e-08
2.78061e-08
7.77313e-21
5.3958e-08
2.78061e-08
7.77313e-21
5.3958e-08
2.78061e-08
7.77313e-21
5.3958e-08
2.78061e-08
7.77313e-21
5.3958e-08
2.78061e-08
7.77313e-21
5.3958e-08
2.78061e-08
7.77313e-21
5.3958e-08
2.78061e-08
5.18181e-21
5.3958e-08
2.78061e-08
7.77313e-21
5.3958e-08
2.78061e-08
5.3958e-08
2.78061e-08
9.77963e-21
4.53455e-08
5.3958e-08
9.77963e-21
4.53455e-08
5.3958e-08
7.33453e-21
4.53455e-08
5.3958e-08
9.77963e-21
4.53455e-08
5.3958e-08
9.77963e-21
4.53455e-08
5.3958e-08
7.33453e-21
4.53455e-08
5.3958e-08
9.77963e-21
4.53455e-08
5.3958e-08
7.33453e-21
4.53455e-08
5.3958e-08
4.88943e-21
4.53455e-08
5.3958e-08
7.33453e-21
4.53455e-08
5.3958e-08
4.53455e-08
5.3958e-08
4.4246e-21
3.30149e-08
7.69129e-08
4.4246e-21
3.30149e-08
7.69129e-08
4.4246e-21
3.30149e-08
7.69129e-08
4.4246e-21
3.30149e-08
7.69129e-08
6.63725e-21
3.30149e-08
7.69129e-08
4.4246e-21
3.30149e-08
7.69129e-08
8.84989e-21
3.30149e-08
7.69129e-08
4.4246e-21
3.30149e-08
7.69129e-08
8.84989e-21
3.30149e-08
7.69129e-08
4.4246e-21
3.30149e-08
7.69129e-08
6.63725e-21
3.30149e-08
7.69129e-08
3.30149e-08
7.69129e-08
3.81923e-21
1.76285e-08
9.53421e-08
5.72914e-21
1.76285e-08
9.53421e-08
1.90931e-21
1.76285e-08
9.53421e-08
5.72914e-21
1.76285e-08
9.53421e-08
3.81923e-21
1.76285e-08
9.53421e-08
5.72914e-21
1.76285e-08
9.53421e-08
1.90931e-21
1.76285e-08
9.53421e-08
3.81923e-21
1.76285e-08
9.53421e-08
1.90931e-21
1.76285e-08
9.53421e-08
3.81923e-21
1.76285e-08
9.53421e-08
3.81923e-21
1.76285e-08
9.53421e-08
1.76285e-08
9.53421e-08
3.11454e-21
1.08218e-07
4.67205e-21
1.08218e-07
6.22956e-21
1.08218e-07
6.22956e-21
1.08218e-07
4.67205e-21
1.08218e-07
4.67205e-21
1.08218e-07
4.67205e-21
1.08218e-07
4.67205e-21
1.08218e-07
6.22956e-21
1.08218e-07
4.67205e-21
1.08218e-07
4.67205e-21
1.08218e-07
1.08218e-07
1.09284e-20
2.78061e-08
3.00804e-08
1.09284e-20
2.78061e-08
3.00804e-08
8.19609e-21
2.78061e-08
3.00804e-08
1.36607e-20
2.78061e-08
3.00804e-08
8.19609e-21
2.78061e-08
3.00804e-08
1.09284e-20
2.78061e-08
3.00804e-08
1.09284e-20
2.78061e-08
3.00804e-08
1.09284e-20
2.78061e-08
3.00804e-08
1.09284e-20
2.78061e-08
3.00804e-08
8.19609e-21
2.78061e-08
3.00804e-08
2.78061e-08
3.00804e-08
5.18181e-21
2.33789e-08
5.83852e-08
5.18181e-21
2.33789e-08
5.83852e-08
7.77313e-21
2.33789e-08
5.83852e-08
5.18181e-21
2.33789e-08
5.83852e-08
5.18181e-21
2.33789e-08
5.83852e-08
7.77313e-21
2.33789e-08
5.83852e-08
5.18181e-21
2.33789e-08
5.83852e-08
5.18181e-21
2.33789e-08
5.83852e-08
2.5905e-21
2.33789e-08
5.83852e-08
5.18181e-21
2.33789e-08
5.83852e-08
2.33789e-08
5.83852e-08
7.10093e-21
1.70341e-08
8.32578e-08
4.73371e-21
1.70341e-08
8.32578e-08
4.73371e-21
1.70341e-08
8.32578e-08
2.36648e-21
1.70341e-08
8.32578e-08
7.10093e-21
1.70341e-08
8.32578e-08
7.10093e-21
1.70341e-08
8.32578e-08
4.73371e-21
1.70341e-08
8.32578e-08
7.10093e-21
1.70341e-08
8.32578e-08
4.73371e-21
1.70341e-08
8.32578e-08
4.73371e-21
1.70341e-08
8.32578e-08
4.73371e-21
1.70341e-08
8.32578e-08
1.70341e-08
8.32578e-08
8.3015e-21
9.10464e-09
1.03272e-07
6.22596e-21
9.10464e-09
1.03272e-07
6.22596e-21
9.10464e-09
1.03272e-07
4.15042e-21
9.10464e-09
1.03272e-07
4.15042e-21
9.10464e-09
1.03272e-07
6.22596e-21
9.10464e-09
1.03272e-07
8.3015e-21
9.10464e-09
1.03272e-07
6.22596e-21
9.10464e-09
1.03272e-07
4.15042e-21
9.10464e-09
1.03272e-07
8.3015e-21
9.10464e-09
1.03272e-07
4.15042e-21
9.10464e-09
1.03272e-07
9.10464e-09
1.03272e-07
6.94441e-21
1.17323e-07
5.20817e-21
1.17323e-07
5.20817e-21
1.17323e-07
5.20817e-21
1.17323e-07
5.20817e-21
1.17323e-07
5.20817e-21
1.17323e-07
5.20817e-21
1.17323e-07
5.20817e-21
1.17323e-07
6.94441e-21
1.17323e-07
6.94441e-21
1.17323e-07
6.94441e-21
1.17323e-07
1.17323e-07
1.11209e-20
2.60045e-22
3.00804e-08
8.34044e-21
2.59528e-22
3.00804e-08
8.34044e-21
2.60045e-22
3.00804e-08
1.11209e-20
1.38553e-22
3.00804e-08
1.39013e-20
2.59528e-22
3.00804e-08
1.11209e-20
2.60045e-22
3.00804e-08
8.34044e-21
2.60045e-22
3.00804e-08
1.11209e-20
2.59528e-22
3.00804e-08
8.34044e-21
2.59528e-22
3.00804e-08
8.34044e-21
2.59528e-22
3.00804e-08
1.61817e-22
3.00804e-08
1.0564e-20
2.64698e-22
5.83852e-08
1.0564e-20
2.65215e-22
5.83852e-08
1.0564e-20
2.64698e-22
5.83852e-08
7.92277e-21
2.66249e-22
5.83852e-08
1.0564e-20
2.64698e-22
5.83852e-08
1.0564e-20
2.64698e-22
5.83852e-08
1.0564e-20
2.64698e-22
5.83852e-08
7.92277e-21
2.64698e-22
5.83852e-08
1.0564e-20
2.64698e-22
5.83852e-08
1.0564e-20
2.64698e-22
5.83852e-08
2.65215e-22
5.83852e-08
7.25909e-21
8.97232e-22
8.32578e-08
7.25909e-21
8.97491e-22
8.32578e-08
7.25909e-21
8.97232e-22
8.32578e-08
7.25909e-21
8.97491e-22
8.32578e-08
9.67904e-21
6.18318e-22
8.32578e-08
4.83914e-21
8.97491e-22
8.32578e-08
4.83914e-21
8.97232e-22
8.32578e-08
4.83914e-21
8.97232e-22
8.32578e-08
4.83914e-21
8.97232e-22
8.32578e-08
4.83914e-21
8.97232e-22
8.32578e-08
4.83914e-21
8.97232e-22
8.32578e-08
7.97195e-22
8.32578e-08
6.39538e-21
4.30392e-22
1.03272e-07
1.06594e-20
4.30392e-22
1.03272e-07
8.5274e-21
4.31943e-22
1.03272e-07
8.5274e-21
4.30392e-22
1.03272e-07
8.5274e-21
1.01898e-21
1.03272e-07
8.5274e-21
4.30392e-22
1.03272e-07
8.5274e-21
4.30134e-22
1.03272e-07
8.5274e-21
4.30134e-22
1.03272e-07
1.06594e-20
4.30392e-22
1.03272e-07
8.5274e-21
4.31685e-22
1.03272e-07
1.06594e-20
4.31685e-22
1.03272e-07
6.31759e-22
1.03272e-07
7.18811e-21
1.17323e-07
5.39094e-21
1.17323e-07
5.39094e-21
1.17323e-07
5.39094e-21
1.17323e-07
7.18811e-21
1.17323e-07
7.18811e-21
1.17323e-07
5.39094e-21
1.17323e-07
5.39094e-21
1.17323e-07
3.59378e-21
1.17323e-07
7.18811e-21
1.17323e-07
5.39094e-21
1.17323e-07
1.17323e-07
8.19609e-21
-2.78061e-08
2.78061e-08
8.19609e-21
-2.78061e-08
2.78061e-08
1.09284e-20
-2.78061e-08
2.78061e-08
8.19609e-21
-2.78061e-08
2.78061e-08
8.19609e-21
-2.78061e-08
2.78061e-08
1.09284e-20
-2.78061e-08
2.78061e-08
1.09284e-20
-2.78061e-08
2.78061e-08
8.19609e-21
-2.78061e-08
2.78061e-08
1.09284e-20
-2.78061e-08
2.78061e-08
8.19609e-21
-2.78061e-08
2.78061e-08
-2.78061e-08
2.78061e-08
7.77313e-21
-2.33789e-08
5.3958e-08
7.77313e-21
-2.33789e-08
5.3958e-08
5.18181e-21
-2.33789e-08
5.3958e-08
1.03644e-20
-2.33789e-08
5.3958e-08
7.77313e-21
-2.33789e-08
5.3958e-08
1.03644e-20
-2.33789e-08
5.3958e-08
7.77313e-21
-2.33789e-08
5.3958e-08
7.77313e-21
-2.33789e-08
5.3958e-08
7.77313e-21
-2.33789e-08
5.3958e-08
7.77313e-21
-2.33789e-08
5.3958e-08
-2.33789e-08
5.3958e-08
9.46815e-21
-1.70341e-08
7.69129e-08
7.10093e-21
-1.70341e-08
7.69129e-08
9.46815e-21
-1.70341e-08
7.69129e-08
9.46815e-21
-1.70341e-08
7.69129e-08
9.46815e-21
-1.70341e-08
7.69129e-08
9.46815e-21
-1.70341e-08
7.69129e-08
9.46815e-21
-1.70341e-08
7.69129e-08
9.46815e-21
-1.70341e-08
7.69129e-08
9.46815e-21
-1.70341e-08
7.69129e-08
9.46815e-21
-1.70341e-08
7.69129e-08
7.10093e-21
-1.70341e-08
7.69129e-08
-1.70341e-08
7.69129e-08
8.3015e-21
-9.10464e-09
9.53421e-08
6.22596e-21
-9.10464e-09
9.53421e-08
6.22596e-21
-9.10464e-09
9.53421e-08
6.22596e-21
-9.10464e-09
9.53421e-08
1.0377e-20
-9.10464e-09
9.53421e-08
6.22596e-21
-9.10464e-09
9.53421e-08
8.3015e-21
-9.10464e-09
9.53421e-08
6.22596e-21
-9.10464e-09
9.53421e-08
6.22596e-21
-9.10464e-09
9.53421e-08
6.22596e-21
-9.10464e-09
9.53421e-08
6.22596e-21
-9.10464e-09
9.53421e-08
-9.10464e-09
9.53421e-08
5.20817e-21
1.08218e-07
3.47193e-21
1.08218e-07
6.94441e-21
1.08218e-07
3.47193e-21
1.08218e-07
5.20817e-21
1.08218e-07
1.7357e-21
1.08218e-07
5.20817e-21
1.08218e-07
5.20817e-21
1.08218e-07
5.20817e-21
1.08218e-07
3.47193e-21
1.08218e-07
5.20817e-21
1.08218e-07
1.08218e-07
5.18181e-21
-5.3958e-08
2.33789e-08
5.18181e-21
-5.3958e-08
2.33789e-08
7.77313e-21
-5.3958e-08
2.33789e-08
7.77313e-21
-5.3958e-08
2.33789e-08
5.18181e-21
-5.3958e-08
2.33789e-08
5.18181e-21
-5.3958e-08
2.33789e-08
5.18181e-21
-5.3958e-08
2.33789e-08
5.18181e-21
-5.3958e-08
2.33789e-08
2.5905e-21
-5.3958e-08
2.33789e-08
5.18181e-21
-5.3958e-08
2.33789e-08
-5.3958e-08
2.33789e-08
7.33453e-21
-4.53455e-08
4.53455e-08
7.33453e-21
-4.53455e-08
4.53455e-08
7.33453e-21
-4.53455e-08
4.53455e-08
7.33453e-21
-4.53455e-08
4.53455e-08
7.33453e-21
-4.53455e-08
4.53455e-08
7.33453e-21
-4.53455e-08
4.53455e-08
9.77963e-21
-4.53455e-08
4.53455e-08
9.77963e-21
-4.53455e-08
4.53455e-08
4.88943e-21
-4.53455e-08
4.53455e-08
4.88943e-21
-4.53455e-08
4.53455e-08
-4.53455e-08
4.53455e-08
8.84989e-21
-3.30149e-08
6.45823e-08
6.63725e-21
-3.30149e-08
6.45823e-08
8.84989e-21
-3.30149e-08
6.45823e-08
6.63725e-21
-3.30149e-08
6.45823e-08
8.84989e-21
-3.30149e-08
6.45823e-08
8.84989e-21
-3.30149e-08
6.45823e-08
6.63725e-21
-3.30149e-08
6.45823e-08
6.63725e-21
-3.30149e-08
6.45823e-08
6.63725e-21
-3.30149e-08
6.45823e-08
8.84989e-21
-3.30149e-08
6.45823e-08
6.63725e-21
-3.30149e-08
6.45823e-08
-3.30149e-08
6.45823e-08
9.54896e-21
-1.76285e-08
7.99557e-08
7.63905e-21
-1.76285e-08
7.99557e-08
7.63905e-21
-1.76285e-08
7.99557e-08
7.63905e-21
-1.76285e-08
7.99557e-08
7.63905e-21
-1.76285e-08
7.99557e-08
7.63905e-21
-1.76285e-08
7.99557e-08
5.72914e-21
-1.76285e-08
7.99557e-08
5.72914e-21
-1.76285e-08
7.99557e-08
7.63905e-21
-1.76285e-08
7.99557e-08
7.63905e-21
-1.76285e-08
7.99557e-08
7.63905e-21
-1.76285e-08
7.99557e-08
-1.76285e-08
7.99557e-08
3.11454e-21
9.05895e-08
3.11454e-21
9.05895e-08
4.67205e-21
9.05895e-08
3.11454e-21
9.05895e-08
3.11454e-21
9.05895e-08
3.11454e-21
9.05895e-08
4.67205e-21
9.05895e-08
6.22956e-21
9.05895e-08
4.67205e-21
9.05895e-08
6.22956e-21
9.05895e-08
4.67205e-21
9.05895e-08
9.05895e-08
7.10093e-21
-7.69129e-08
1.70341e-08
9.46815e-21
-7.69129e-08
1.70341e-08
7.10093e-21
-7.69129e-08
1.70341e-08
7.10093e-21
-7.69129e-08
1.70341e-08
7.10093e-21
-7.69129e-08
1.70341e-08
7.10093e-21
-7.69129e-08
1.70341e-08
9.46815e-21
-7.69129e-08
1.70341e-08
9.46815e-21
-7.69129e-08
1.70341e-08
7.10093e-21
-7.69129e-08
1.70341e-08
9.46815e-21
-7.69129e-08
1.70341e-08
-7.69129e-08
1.70341e-08
4.4246e-21
-6.45823e-08
3.30149e-08
6.63725e-21
-6.45823e-08
3.30149e-08
4.4246e-21
-6.45823e-08
3.30149e-08
1.10625e-20
-6.45823e-08
3.30149e-08
6.63725e-21
-6.45823e-08
3.30149e-08
6.63725e-21
-6.45823e-08
3.30149e-08
4.4246e-21
-6.45823e-08
3.30149e-08
6.63725e-21
-6.45823e-08
3.30149e-08
4.4246e-21
-6.45823e-08
3.30149e-08
6.63725e-21
-6.45823e-08
3.30149e-08
-6.45823e-08
3.30149e-08
5.8997e-21
-4.69604e-08
4.69604e-08
5.8997e-21
-4.69604e-08
4.69604e-08
5.8997e-21
-4.69604e-08
4.69604e-08
3.93293e-21
-4.69604e-08
4.69604e-08
3.93293e-21
-4.69604e-08
4.69604e-08
3.93293e-21
-4.69604e-08
4.69604e-08
3.93293e-21
-4.69604e-08
4.69604e-08
3.93293e-21
-4.69604e-08
4.69604e-08
1.96616e-21
-4.69604e-08
4.69604e-08
5.8997e-21
-4.69604e-08
4.69604e-08
5.8997e-21
-4.69604e-08
4.69604e-08
-4.69604e-08
4.69604e-08
4.93842e-21
-2.50304e-08
5.80257e-08
6.58473e-21
-2.50304e-08
5.80257e-08
4.93842e-21
-2.50304e-08
5.80257e-08
4.93842e-21
-2.50304e-08
5.80257e-08
8.23104e-21
-2.50304e-08
5.80257e-08
4.93842e-21
-2.50304e-08
5.80257e-08
6.58473e-21
-2.50304e-08
5.80257e-08
6.58473e-21
-2.50304e-08
5.80257e-08
6.58473e-21
-2.50304e-08
5.80257e-08
6.58473e-21
-2.50304e-08
5.80257e-08
6.58473e-21
-2.50304e-08
5.80257e-08
-2.50304e-08
5.80257e-08
3.81831e-21
6.5559e-08
3.81831e-21
6.5559e-08
3.81831e-21
6.5559e-08
3.81831e-21
6.5559e-08
3.81831e-21
6.5559e-08
2.54541e-21
6.5559e-08
3.81831e-21
6.5559e-08
3.81831e-21
6.5559e-08
2.54541e-21
6.5559e-08
3.81831e-21
6.5559e-08
2.54541e-21
6.5559e-08
6.5559e-08
2.07489e-21
-9.53421e-08
9.10464e-09
2.07489e-21
-9.53421e-08
9.10464e-09
2.07489e-21
-9.53421e-08
9.10464e-09
-6.48571e-25
-9.53421e-08
9.10464e-09
2.07489e-21
-9.53421e-08
9.10464e-09
4.15042e-21
-9.53421e-08
9.10464e-09
4.15042e-21
-9.53421e-08
9.10464e-09
-6.48571e-25
-9.53421e-08
9.10464e-09
4.15042e-21
-9.53421e-08
9.10464e-09
4.15042e-21
-9.53421e-08
9.10464e-09
-9.53421e-08
9.10464e-09
5.72914e-21
-7.99557e-08
1.76285e-08
5.72914e-21
-7.99557e-08
1.76285e-08
5.72914e-21
-7.99557e-08
1.76285e-08
7.63905e-21
-7.99557e-08
1.76285e-08
5.72914e-21
-7.99557e-08
1.76285e-08
3.81923e-21
-7.99557e-08
1.76285e-08
5.72914e-21
-7.99557e-08
1.76285e-08
5.72914e-21
-7.99557e-08
1.76285e-08
5.72914e-21
-7.99557e-08
1.76285e-08
5.72914e-21
-7.99557e-08
1.76285e-08
-7.99557e-08
1.76285e-08
3.29211e-21
-5.80257e-08
2.50304e-08
4.93842e-21
-5.80257e-08
2.50304e-08
3.29211e-21
-5.80257e-08
2.50304e-08
6.58473e-21
-5.80257e-08
2.50304e-08
4.93842e-21
-5.80257e-08
2.50304e-08
3.29211e-21
-5.80257e-08
2.50304e-08
4.93842e-21
-5.80257e-08
2.50304e-08
4.93842e-21
-5.80257e-08
2.50304e-08
1.6458e-21
-5.80257e-08
2.50304e-08
3.29211e-21
-5.80257e-08
2.50304e-08
4.93842e-21
-5.80257e-08
2.50304e-08
-5.80257e-08
2.50304e-08
6.51186e-21
-3.0845e-08
3.0845e-08
5.20941e-21
-3.0845e-08
3.0845e-08
6.51186e-21
-3.0845e-08
3.0845e-08
6.51186e-21
-3.0845e-08
3.0845e-08
5.20941e-21
-3.0845e-08
3.0845e-08
7.81432e-21
-3.0845e-08
3.0845e-08
3.90696e-21
-3.0845e-08
3.0845e-08
5.20941e-21
-3.0845e-08
3.0845e-08
6.51186e-21
-3.0845e-08
3.0845e-08
5.20941e-21
-3.0845e-08
3.0845e-08
5.20941e-21
-3.0845e-08
3.0845e-08
-3.0845e-08
3.0845e-08
2.70376e-21
3.4714e-08
9.01067e-22
3.4714e-08
1.80241e-21
3.4714e-08
1.80241e-21
3.4714e-08
1.80241e-21
3.4714e-08
1.80241e-21
3.4714e-08
2.70376e-21
3.4714e-08
3.60511e-21
3.4714e-08
1.80241e-21
3.4714e-08
1.80241e-21
3.4714e-08
1.80241e-21
3.4714e-08
3.4714e-08
6.94441e-21
-1.08218e-07
8.68065e-21
-1.08218e-07
6.94441e-21
-1.08218e-07
8.68065e-21
-1.08218e-07
5.20817e-21
-1.08218e-07
8.68065e-21
-1.08218e-07
5.20817e-21
-1.08218e-07
8.68065e-21
-1.08218e-07
6.94441e-21
-1.08218e-07
6.94441e-21
-1.08218e-07
-1.08218e-07
7.78707e-21
-9.05895e-08
7.78707e-21
-9.05895e-08
6.22956e-21
-9.05895e-08
6.22956e-21
-9.05895e-08
6.22956e-21
-9.05895e-08
6.22956e-21
-9.05895e-08
1.09021e-20
-9.05895e-08
9.34458e-21
-9.05895e-08
7.78707e-21
-9.05895e-08
7.78707e-21
-9.05895e-08
-9.05895e-08
5.09122e-21
-6.5559e-08
5.09122e-21
-6.5559e-08
5.09122e-21
-6.5559e-08
5.09122e-21
-6.5559e-08
5.09122e-21
-6.5559e-08
5.09122e-21
-6.5559e-08
5.09122e-21
-6.5559e-08
5.09122e-21
-6.5559e-08
6.36412e-21
-6.5559e-08
6.36412e-21
-6.5559e-08
6.36412e-21
-6.5559e-08
-6.5559e-08
2.70376e-21
-3.4714e-08
2.70376e-21
-3.4714e-08
2.70376e-21
-3.4714e-08
3.60511e-21
-3.4714e-08
3.60511e-21
-3.4714e-08
1.80241e-21
-3.4714e-08
1.80241e-21
-3.4714e-08
1.80241e-21
-3.4714e-08
2.70376e-21
-3.4714e-08
2.70376e-21
-3.4714e-08
1.80241e-21
-3.4714e-08
-3.4714e-08
1.40233e-21
1.86982e-21
1.40233e-21
1.86982e-21
9.34838e-22
1.40233e-21
1.86982e-21
1.40233e-21
1.40233e-21
9.34838e-22
1.86982e-21
)
;

boundaryField
{
    inlet
    {
        type            calculated;
        value           nonuniform List<scalar> 0();
    }
    ami1
    {
        type            cyclicAMI;
        value           nonuniform List<scalar> 0();
    }
    walls
    {
        type            calculated;
        value           nonuniform List<scalar> 
259
(
1.84387e-14
2.43942e-14
2.90979e-14
4.78989e-22
6.40674e-15
1.28555e-14
1.84387e-14
2.43942e-14
2.90979e-14
4.77955e-22
6.40674e-15
1.28555e-14
1.84387e-14
2.43942e-14
2.90979e-14
4.77955e-22
6.40674e-15
1.28555e-14
1.84387e-14
2.43942e-14
2.90979e-14
9.31612e-22
6.40674e-15
1.28555e-14
1.84387e-14
2.43942e-14
2.90979e-14
4.77955e-22
6.40674e-15
1.28555e-14
1.84387e-14
2.43942e-14
2.90979e-14
4.78989e-22
6.40674e-15
1.28555e-14
1.84387e-14
2.43942e-14
2.90979e-14
4.75887e-22
6.40674e-15
1.28555e-14
1.84387e-14
2.43942e-14
2.90979e-14
4.75887e-22
6.40674e-15
1.28555e-14
1.84387e-14
2.43942e-14
2.90979e-14
4.75887e-22
6.40674e-15
1.28555e-14
1.84387e-14
2.43942e-14
2.90979e-14
4.74853e-22
6.40674e-15
1.28555e-14
1.84387e-14
2.43942e-14
2.90979e-14
7.07756e-22
6.40674e-15
1.28555e-14
1.84387e-14
2.43942e-14
2.90979e-14
-2.90979e-14
-2.43942e-14
-1.84387e-14
-1.28555e-14
-6.40674e-15
4.78731e-22
6.40674e-15
1.28555e-14
1.84387e-14
2.43942e-14
2.90979e-14
-2.90979e-14
-2.43942e-14
-1.84387e-14
-1.28555e-14
-6.40674e-15
4.78731e-22
6.40674e-15
1.28555e-14
1.84387e-14
2.43942e-14
2.90979e-14
-2.90979e-14
-2.43942e-14
-1.84387e-14
-1.28555e-14
-6.40674e-15
4.77697e-22
6.40674e-15
1.28555e-14
1.84387e-14
2.43942e-14
2.90979e-14
-2.90979e-14
-2.43942e-14
-1.84387e-14
-1.28555e-14
-6.40674e-15
4.77697e-22
6.40674e-15
1.28555e-14
1.84387e-14
2.43942e-14
2.90979e-14
-2.90979e-14
-2.43942e-14
-1.84387e-14
-1.28555e-14
-6.40674e-15
9.31354e-22
6.40674e-15
1.28555e-14
1.84387e-14
2.43942e-14
2.90979e-14
-2.90979e-14
-2.43942e-14
-1.84387e-14
-1.28555e-14
-6.40674e-15
4.77697e-22
6.40674e-15
1.28555e-14
1.84387e-14
2.43942e-14
2.90979e-14
-2.90979e-14
-2.43942e-14
-1.84387e-14
-1.28555e-14
-6.40674e-15
4.78731e-22
6.40674e-15
1.28555e-14
1.84387e-14
2.43942e-14
2.90979e-14
-2.90979e-14
-2.43942e-14
-1.84387e-14
-1.28555e-14
-6.40674e-15
4.75887e-22
6.40674e-15
1.28555e-14
1.84387e-14
2.43942e-14
2.90979e-14
-2.90979e-14
-2.43942e-14
-1.84387e-14
-1.28555e-14
-6.40674e-15
4.75887e-22
6.40674e-15
1.28555e-14
1.84387e-14
2.43942e-14
2.90979e-14
-2.90979e-14
-2.43942e-14
-1.84387e-14
-1.28555e-14
-6.40674e-15
4.75887e-22
6.40674e-15
1.28555e-14
1.84387e-14
2.43942e-14
2.90979e-14
-2.90979e-14
-2.43942e-14
-1.84387e-14
-1.28555e-14
-6.40674e-15
4.74853e-22
6.40674e-15
1.28555e-14
1.84387e-14
2.43942e-14
2.90979e-14
-2.90979e-14
-2.43942e-14
-1.84387e-14
-1.28555e-14
-6.40674e-15
7.07498e-22
6.40674e-15
1.28555e-14
1.84387e-14
2.43942e-14
2.90979e-14
-1.84387e-14
-2.43942e-14
-2.90979e-14
-6.40674e-15
-1.28555e-14
-1.84387e-14
-2.43942e-14
-2.90979e-14
-6.40674e-15
-1.28555e-14
-1.84387e-14
-2.43942e-14
-2.90979e-14
-6.40674e-15
-1.28555e-14
-1.84387e-14
-2.43942e-14
-2.90979e-14
-6.40674e-15
-1.28555e-14
-1.84387e-14
-2.43942e-14
-2.90979e-14
-6.40674e-15
-1.28555e-14
-1.84387e-14
-2.43942e-14
-2.90979e-14
-6.40674e-15
-1.28555e-14
-1.84387e-14
-2.43942e-14
-2.90979e-14
-6.40674e-15
-1.28555e-14
-1.84387e-14
-2.43942e-14
-2.90979e-14
-6.40674e-15
-1.28555e-14
-1.84387e-14
-2.43942e-14
-2.90979e-14
-6.40674e-15
-1.28555e-14
-1.84387e-14
-2.43942e-14
-2.90979e-14
-6.40674e-15
-1.28555e-14
-1.84387e-14
-2.43942e-14
-2.90979e-14
-6.40674e-15
-1.28555e-14
-1.84387e-14
-2.43942e-14
-2.90979e-14
)
;
    }
    ami2
    {
        type            cyclicAMI;
        value           nonuniform List<scalar> 0();
    }
    outlet
    {
        type            calculated;
        value           nonuniform List<scalar> 0();
    }
    procBoundary9to0
    {
        type            processor;
        value           nonuniform List<scalar> 
40
(
-5.39094e-21
-5.20817e-21
-4.67205e-21
-9.05895e-08
-3.18186e-21
-3.60511e-21
-1.63608e-21
-4.26337e-21
-6.22596e-21
-1.90931e-21
-7.99557e-08
-6.58473e-21
-5.20941e-21
-3.60511e-21
-9.67904e-21
-1.18354e-20
-8.84989e-21
-6.45823e-08
-5.8997e-21
-5.76157e-21
-5.72767e-21
-1.0564e-20
-1.03644e-20
-7.33453e-21
-4.53455e-08
-9.95622e-21
-7.63905e-21
-5.4508e-21
-1.09284e-20
-1.03644e-20
-2.33789e-08
-9.46815e-21
-4.15042e-21
-5.20817e-21
-5.56e-21
-7.92277e-21
-3.07866e-22
-1.2099e-20
-8.5274e-21
-6.28953e-21
)
;
    }
    procBoundary9to1
    {
        type            processor;
        value           nonuniform List<scalar> 
30
(
-8.19609e-21
-7.77313e-21
2.33789e-08
-7.10093e-21
-4.15042e-21
-5.20817e-21
-1.03644e-20
-7.33453e-21
4.53455e-08
-1.10625e-20
-7.63905e-21
-3.89329e-21
-9.46815e-21
-4.4246e-21
6.45823e-08
-5.8997e-21
-5.76157e-21
-3.18186e-21
-6.22596e-21
-3.81923e-21
7.99557e-08
-5.76157e-21
-5.20941e-21
-2.25309e-21
-6.94441e-21
-6.22956e-21
9.05895e-08
-6.36412e-21
-2.70376e-21
-1.16858e-21
)
;
    }
    procBoundary9to7
    {
        type            processor;
        value           nonuniform List<scalar> 
59
(
5.39094e-21
5.20817e-21
4.67205e-21
-3.97762e-25
1.80241e-21
9.34838e-22
6.39538e-21
2.07489e-21
3.81923e-21
3.29211e-21
3.90696e-21
1.80241e-21
7.25909e-21
2.36648e-21
2.21195e-21
1.96616e-21
6.58473e-21
2.54541e-21
5.28157e-21
2.5905e-21
2.44433e-21
-6.91416e-25
1.90931e-21
4.67205e-21
1.09284e-20
2.5905e-21
-7.39719e-25
4.15042e-21
5.20817e-21
8.34044e-21
5.28157e-21
2.41919e-21
6.39538e-21
3.59378e-21
5.46378e-21
5.18181e-21
7.10093e-21
6.22596e-21
1.7357e-21
-2.59212e-21
2.44433e-21
6.63725e-21
3.81923e-21
1.55702e-21
2.36648e-21
4.4246e-21
1.96616e-21
4.93842e-21
-3.97762e-25
-6.48571e-25
1.90931e-21
1.6458e-21
2.6045e-21
9.01067e-22
3.47193e-21
6.22956e-21
3.81831e-21
1.80241e-21
4.67346e-22
)
;
    }
    procBoundary9to8
    {
        type            processor;
        value           nonuniform List<scalar> 
132
(
-1.17323e-07
-1.17323e-07
-1.17323e-07
-1.17323e-07
-1.17323e-07
-1.17323e-07
-1.17323e-07
-1.17323e-07
-1.17323e-07
-1.17323e-07
-1.17323e-07
-1.03272e-07
-1.03272e-07
-1.03272e-07
-1.03272e-07
-1.03272e-07
-1.03272e-07
-1.03272e-07
-1.03272e-07
-1.03272e-07
-1.03272e-07
-1.03272e-07
-8.32578e-08
-8.32578e-08
-8.32578e-08
-8.32578e-08
-8.32578e-08
-8.32578e-08
-8.32578e-08
-8.32578e-08
-8.32578e-08
-8.32578e-08
-8.32578e-08
-5.83852e-08
-5.83852e-08
-5.83852e-08
-5.83852e-08
-5.83852e-08
-5.83852e-08
-5.83852e-08
-5.83852e-08
-5.83852e-08
-5.83852e-08
-5.83852e-08
-2.39713e-22
-2.39713e-22
-2.39543e-22
1.68829e-23
-2.39543e-22
-2.39713e-22
-2.39882e-22
-2.39713e-22
-2.39882e-22
-2.39713e-22
-6.08349e-23
-3.00804e-08
-3.00804e-08
-3.00804e-08
-3.00804e-08
-3.00804e-08
-3.00804e-08
-3.00804e-08
-3.00804e-08
-3.00804e-08
-3.00804e-08
-3.00804e-08
-4.84252e-23
-4.8512e-23
-4.8512e-23
-1.18994e-22
-4.8512e-23
-4.8512e-23
-4.8512e-23
-4.8512e-23
-4.8512e-23
-4.8512e-23
-1.18907e-22
3.00804e-08
3.00804e-08
3.00804e-08
3.00804e-08
3.00804e-08
3.00804e-08
3.00804e-08
3.00804e-08
3.00804e-08
3.00804e-08
3.00804e-08
5.83852e-08
5.83852e-08
5.83852e-08
5.83852e-08
5.83852e-08
5.83852e-08
5.83852e-08
5.83852e-08
5.83852e-08
5.83852e-08
5.83852e-08
8.32578e-08
8.32578e-08
8.32578e-08
8.32578e-08
8.32578e-08
8.32578e-08
8.32578e-08
8.32578e-08
8.32578e-08
8.32578e-08
8.32578e-08
1.03272e-07
1.03272e-07
1.03272e-07
1.03272e-07
1.03272e-07
1.03272e-07
1.03272e-07
1.03272e-07
1.03272e-07
1.03272e-07
1.03272e-07
1.17323e-07
1.17323e-07
1.17323e-07
1.17323e-07
1.17323e-07
1.17323e-07
1.17323e-07
1.17323e-07
1.17323e-07
1.17323e-07
1.17323e-07
)
;
    }
}


// ************************************************************************* //
