/*--------------------------------*- C++ -*----------------------------------*\
| =========                 |                                                 |
| \\      /  F ield         | OpenFOAM: The Open Source CFD Toolbox           |
|  \\    /   O peration     | Version:  2212                                  |
|   \\  /    A nd           | Website:  www.openfoam.com                      |
|    \\/     M anipulation  |                                                 |
\*---------------------------------------------------------------------------*/
FoamFile
{
    version     2.0;
    format      ascii;
    arch        "LSB;label=32;scalar=64";
    class       surfaceVectorField;
    location    "1.85";
    object      Uf;
}
// * * * * * * * * * * * * * * * * * * * * * * * * * * * * * * * * * * * * * //

dimensions      [0 1 -1 0 0 0 0];

internalField   nonuniform List<vector> 
1812
(
(0.0324173 -2.93735e-05 1.77615e-05)
(0.0410853 -0.000608194 0.000183673)
(0.0393091 0.000176042 -6.76774e-05)
(0.0317491 -1.81319e-05 5.2968e-05)
(0.0401153 -0.0004616 0.00016898)
(0.0385695 0.000171748 -2.38412e-06)
(0.0311549 -1.10682e-05 8.02604e-05)
(0.0393444 -0.000360157 0.00017082)
(0.0379295 0.000142011 4.59499e-05)
(0.0305939 -3.82818e-06 9.65205e-05)
(0.0386323 -0.000276545 0.000172918)
(0.0373053 0.000104334 8.19559e-05)
(0.0300581 1.7964e-06 0.000102144)
(0.0379788 -0.000224501 0.000173803)
(0.0367138 8.17326e-05 0.000101082)
(0.0295483 4.29149e-06 0.000101135)
(0.0373538 -0.000194327 0.000169864)
(0.0361328 6.92604e-05 0.000107222)
(0.0290689 4.41741e-06 9.68879e-05)
(0.0367802 -0.000174535 0.000161263)
(0.0355925 6.13864e-05 0.000106115)
(0.0362284 -0.000161264 0.000150741)
(0.035068 5.44118e-05 0.00010229)
(0.0528833 -0.0010405 0.00018231)
(0.0622804 -0.00136611 6.87323e-05)
(0.0651719 -0.000872859 0.00011385)
(0.0517103 -0.000808533 0.000169601)
(0.0606948 -0.00113738 5.39107e-05)
(0.0641299 -0.000619206 9.60495e-05)
(0.0507374 -0.000634995 0.00017688)
(0.0594406 -0.000982119 8.1637e-05)
(0.0633087 -0.000458709 0.000111692)
(0.0498794 -0.000513197 0.000190087)
(0.0583769 -0.000861484 0.000121354)
(0.0625834 -0.000348151 0.00013497)
(0.0490889 -0.000444059 0.000200953)
(0.0574478 -0.000783378 0.000152211)
(0.0619239 -0.00027854 0.000155954)
(0.0483525 -0.000401582 0.000201688)
(0.0566025 -0.000728326 0.000161901)
(0.061302 -0.000235754 0.000167525)
(0.0476657 -0.000371837 0.00019461)
(0.0558418 -0.00068573 0.000156008)
(0.0607241 -0.000206713 0.000169994)
(0.0551146 -0.000652685 0.000144078)
(0.0601568 -0.000188963 0.000167419)
(0.0742696 -0.00206037 0.000359327)
(0.080419 -0.0023078 0.000664732)
(0.0847463 -0.00222393 0.000431641)
(0.0721859 -0.00173137 0.000176565)
(0.0783906 -0.00197872 0.000373674)
(0.0832478 -0.0018362 0.000228193)
(0.0704781 -0.00150198 9.99347e-05)
(0.0766827 -0.00172829 0.000188758)
(0.0820183 -0.00156019 0.000131253)
(0.0690761 -0.00133515 7.6785e-05)
(0.0752354 -0.00153369 6.83512e-05)
(0.0810097 -0.00135277 9.08131e-05)
(0.067908 -0.00121169 7.5746e-05)
(0.0739955 -0.00138172 -7.95261e-06)
(0.0801798 -0.00119437 8.21631e-05)
(0.0669067 -0.00112144 7.47679e-05)
(0.0729062 -0.00127198 -5.5075e-05)
(0.0794786 -0.00108229 8.25141e-05)
(0.0660181 -0.00105366 6.45536e-05)
(0.0719279 -0.00119181 -8.98928e-05)
(0.078872 -0.0010025 8.0439e-05)
(0.0652079 -0.00100009 4.63755e-05)
(0.0710362 -0.00113275 -0.000118867)
(0.0783347 -0.000941045 7.06599e-05)
(0.0701921 -0.00108384 -0.000147383)
(0.077839 -0.000899101 5.89509e-05)
(0.0898551 -0.00245843 0.00144792)
(0.0906161 -0.00191602 0.00118973)
(0.0956751 -0.00233523 0.00118971)
(0.0883962 -0.00265273 0.00130883)
(0.0896348 -0.00236577 0.00132621)
(0.0952178 -0.00271499 0.00118108)
(0.0867679 -0.00246818 0.000995333)
(0.0885878 -0.00233854 0.0011115)
(0.0946123 -0.00257033 0.000962186)
(0.0851364 -0.0022248 0.000680546)
(0.0873449 -0.00215866 0.000805715)
(0.0937716 -0.00233189 0.000711343)
(0.0836037 -0.0020025 0.0004164)
(0.0860641 -0.00197659 0.000515915)
(0.0928644 -0.00211054 0.000477936)
(0.0821979 -0.00181263 0.00021717)
(0.0848499 -0.00182301 0.000292912)
(0.0919999 -0.00191146 0.000287864)
(0.0809174 -0.00165401 6.86778e-05)
(0.0837125 -0.00169392 0.000125211)
(0.0912044 -0.00173954 0.000139288)
(0.079752 -0.00152699 -4.23535e-05)
(0.0826482 -0.00158904 -4.64846e-06)
(0.0904805 -0.00159785 2.39927e-05)
(0.078686 -0.00142947 -0.000124357)
(0.0816442 -0.00150851 -0.000104721)
(0.0898196 -0.00148813 -6.25083e-05)
(0.0776983 -0.00135575 -0.000184182)
(0.080693 -0.00144802 -0.000181701)
(0.0892155 -0.00140415 -0.000127293)
(0.0767701 -0.00129886 -0.000228849)
(0.0797841 -0.00140221 -0.000239435)
(0.0886579 -0.00133841 -0.000176391)
(0.0789033 -0.00136541 -0.000283341)
(0.0881355 -0.00128675 -0.000215019)
(0.0907923 -0.00178756 0.00102711)
(0.0893861 -0.0012939 0.000846512)
(0.0973049 -0.00176255 0.000765082)
(0.0900445 -0.00199097 0.00103995)
(0.0889078 -0.00156547 0.000978051)
(0.0970984 -0.00204366 0.000887887)
(0.0892164 -0.00198015 0.000849271)
(0.0884228 -0.00163729 0.000826143)
(0.0968488 -0.00206292 0.00080026)
(0.0883385 -0.00188383 0.000607321)
(0.0878447 -0.00161016 0.000599022)
(0.0965008 -0.00197937 0.000634478)
(0.0874284 -0.00178266 0.000376679)
(0.0871724 -0.00156801 0.000371687)
(0.0960758 -0.00188417 0.000445725)
(0.0865119 -0.00169331 0.000185341)
(0.0864447 -0.00152742 0.000177836)
(0.0956151 -0.0017938 0.000272374)
(0.0856031 -0.0016189 3.18665e-05)
(0.0856832 -0.0014923 1.66564e-05)
(0.0951392 -0.00171435 0.00012317)
(0.0847089 -0.00156151 -9.0462e-05)
(0.0849034 -0.00146813 -0.000117273)
(0.0946591 -0.00164388 -1.84693e-06)
(0.0838293 -0.00151921 -0.000187627)
(0.0841063 -0.00145329 -0.000224673)
(0.0941793 -0.00158655 -0.000104054)
(0.0829627 -0.00148787 -0.000263587)
(0.0832979 -0.00144397 -0.000310509)
(0.0937042 -0.0015421 -0.000186943)
(0.0821046 -0.00146316 -0.000321239)
(0.082481 -0.00143646 -0.00037065)
(0.0932335 -0.00150602 -0.000252033)
(0.081656 -0.00142868 -0.00041227)
(0.0927647 -0.00147663 -0.000301873)
(0.0875691 -0.0010563 0.000773243)
(0.0845366 -0.000446 0.000647847)
(0.095366 -0.00112699 0.000518203)
(0.0873228 -0.00119144 0.000727574)
(0.0844763 -0.000666063 0.000585668)
(0.0953364 -0.00130377 0.000575642)
(0.0870316 -0.00125082 0.000548309)
(0.0844206 -0.000817003 0.000417778)
(0.0952879 -0.00136069 0.000492094)
(0.0866502 -0.00128113 0.000341561)
(0.0842705 -0.00092778 0.000244999)
(0.0952212 -0.0013793 0.000351826)
(0.0861688 -0.00130262 0.000156467)
(0.0839675 -0.00102212 9.02905e-05)
(0.0950875 -0.00139199 0.00020603)
(0.0856028 -0.00131956 -7.02186e-07)
(0.0835313 -0.00110284 -4.64727e-05)
(0.0948788 -0.00140204 7.18734e-05)
(0.0849724 -0.00133748 -0.000137009)
(0.082996 -0.00116633 -0.000173978)
(0.0946104 -0.00141263 -4.99102e-05)
(0.0842925 -0.00135792 -0.000252468)
(0.0823875 -0.00121857 -0.000287383)
(0.0942981 -0.00142284 -0.000156901)
(0.0835708 -0.00137763 -0.000345973)
(0.0817149 -0.00126141 -0.000373317)
(0.0939496 -0.00143021 -0.000243866)
(0.0828147 -0.00139327 -0.000414133)
(0.0809939 -0.00129256 -0.000438833)
(0.0935717 -0.00143579 -0.000314597)
(0.0820319 -0.00140336 -0.00045726)
(0.0802371 -0.00131235 -0.000481238)
(0.0931701 -0.00144016 -0.000364211)
(0.0794544 -0.00132285 -0.000507336)
(0.0927493 -0.00144242 -0.00039811)
(0.0814896 -6.68245e-05 0.000463863)
(0.0771413 0.000619029 0.00040564)
(0.0906732 -0.000271439 0.000195394)
(0.0816764 -0.000302851 0.000286542)
(0.0775658 0.000283103 6.76048e-05)
(0.090856 -0.000495455 0.000107669)
(0.0817558 -0.000501987 0.000117869)
(0.0778206 -6.51115e-05 -0.000114531)
(0.0910158 -0.00063386 4.90806e-06)
(0.0816511 -0.000674231 -8.03071e-06)
(0.077834 -0.000351336 -0.000165027)
(0.0911318 -0.000756946 -7.13413e-05)
(0.0813795 -0.000826185 -0.00011595)
(0.0776013 -0.000577694 -0.0002111)
(0.0911345 -0.000874722 -0.000138023)
(0.0809726 -0.00095247 -0.000222631)
(0.0772079 -0.000757511 -0.000276922)
(0.0910261 -0.00098437 -0.000206247)
(0.0804581 -0.00104976 -0.000326019)
(0.0766948 -0.000884403 -0.000353385)
(0.0908337 -0.00107284 -0.000276702)
(0.0798563 -0.00112434 -0.000407864)
(0.0760916 -0.000973006 -0.000418195)
(0.0905773 -0.00113765 -0.000337007)
(0.079187 -0.0011787 -0.000464244)
(0.0754221 -0.00103525 -0.000460477)
(0.0902668 -0.001185 -0.000377958)
(0.0784653 -0.00121404 -0.000503212)
(0.0747065 -0.00107429 -0.000489253)
(0.0899145 -0.00121957 -0.000409058)
(0.0777078 -0.00123434 -0.000527842)
(0.0739582 -0.00109641 -0.000505781)
(0.0895306 -0.0012424 -0.000430505)
(0.0731895 -0.00110637 -0.000512808)
(0.0891237 -0.00125551 -0.000442744)
(0.0734193 0.00095879 -0.000184471)
(0.0687177 0.00147638 -0.000423813)
(0.084205 0.000731005 -0.00034822)
(0.0740737 0.000501049 -0.000380313)
(0.0691572 0.000867288 -0.000832396)
(0.0846141 0.000338064 -0.000600075)
(0.0742221 6.64939e-05 -0.000386889)
(0.0691757 0.000308919 -0.000618802)
(0.0848484 -1.76464e-05 -0.000619061)
(0.0740511 -0.000269681 -0.000350021)
(0.068846 -7.65785e-05 -0.000416306)
(0.0849254 -0.000293062 -0.000547543)
(0.073693 -0.000521281 -0.000350465)
(0.06832 -0.000341192 -0.000353021)
(0.0848325 -0.000509936 -0.000496963)
(0.0731985 -0.00070061 -0.000382273)
(0.0677308 -0.000519948 -0.00034703)
(0.0846344 -0.00067287 -0.000471064)
(0.0726009 -0.000818383 -0.000420068)
(0.067095 -0.000630298 -0.000358687)
(0.0843627 -0.000779969 -0.000455997)
(0.0719332 -0.00089435 -0.000449263)
(0.0664167 -0.00070047 -0.000375471)
(0.0840384 -0.000849364 -0.000444313)
(0.0712213 -0.000941158 -0.000468489)
(0.0657126 -0.000744782 -0.000389414)
(0.0836787 -0.000896933 -0.000435271)
(0.0704796 -0.000967002 -0.000478439)
(0.064993 -0.000768642 -0.000396176)
(0.0832949 -0.000926881 -0.000426553)
(0.069719 -0.000978766 -0.000480761)
(0.0642673 -0.000778161 -0.000396457)
(0.0828929 -0.000944201 -0.000418477)
(0.0824803 -0.000951542 -0.000409097)
(0.0651483 0.00135807 -0.000652984)
(0.0587268 0.00107432 -0.00139843)
(0.0768572 0.00110742 -0.000889034)
(0.0650586 0.00066382 -0.000733069)
(0.0581837 0.000556234 -0.00117774)
(0.0769846 0.000450904 -0.00125399)
(0.0644317 0.000159552 -0.000530333)
(0.0573318 0.000285542 -0.000499763)
(0.0768503 6.66589e-05 -0.00102726)
(0.0637421 -0.000155442 -0.000424213)
(0.0563004 7.3069e-05 -0.000246877)
(0.0764658 -0.000153201 -0.000802959)
(0.0630394 -0.000350736 -0.000398765)
(0.0554241 -9.6464e-05 -0.000192497)
(0.0759984 -0.000300945 -0.000669659)
(0.0623275 -0.000464678 -0.000396784)
(0.0546852 -0.000213939 -0.000186333)
(0.0755437 -0.000394214 -0.000577385)
(0.0616175 -0.000530737 -0.000401314)
(0.0539848 -0.000281485 -0.000201436)
(0.0751006 -0.00045058 -0.000511346)
(0.0609075 -0.000571521 -0.000406505)
(0.0532952 -0.000325332 -0.000222046)
(0.0746591 -0.000489202 -0.000470021)
(0.0601976 -0.000594433 -0.000407527)
(0.0526194 -0.000351149 -0.000236378)
(0.0742213 -0.000514849 -0.000437737)
(0.0594918 -0.000603085 -0.000402843)
(0.0519478 -0.000362008 -0.000242038)
(0.0737887 -0.000528083 -0.000410364)
(0.0513008 -0.000362274 -0.000240878)
(0.073361 -0.000531923 -0.000387277)
(0.053972 0.000343063 -0.00208509)
(0.049108 -0.000415426 -0.00313177)
(0.0657601 -0.000201663 -0.00284372)
(0.0520166 0.000201008 -0.00111974)
(0.0442155 0.000111535 -0.00138804)
(0.0655358 -0.000263659 -0.00237156)
(0.0505149 0.000199635 -0.000211805)
(0.0420185 0.000220032 -0.00020665)
(0.0646746 -7.43005e-05 -0.00127424)
(0.0494823 0.000124622 0.000109936)
(0.0403229 0.000153256 0.000122376)
(0.0635593 -2.92223e-05 -0.000645452)
(0.0486504 2.5527e-05 0.000166324)
(0.0392485 6.65348e-05 0.000180195)
(0.0626524 -5.3917e-05 -0.000370352)
(0.0479136 -5.02544e-05 0.000152806)
(0.0385038 5.36523e-07 0.000171853)
(0.0619355 -9.37017e-05 -0.000231409)
(0.0472297 -9.89959e-05 0.000113378)
(0.037862 -4.75466e-05 0.000139579)
(0.0612977 -0.000124626 -0.000159365)
(0.0465699 -0.000130673 7.31375e-05)
(0.0372457 -8.28392e-05 0.000101979)
(0.060699 -0.000149588 -0.000128735)
(0.0459273 -0.000146527 4.64899e-05)
(0.0366661 -0.000100628 8.23058e-05)
(0.0601325 -0.000160306 -0.000103466)
(0.0453062 -0.000150578 3.09738e-05)
(0.0361006 -0.000106441 7.06589e-05)
(0.0595814 -0.000161647 -8.35816e-05)
(0.0355707 -0.000105586 6.22586e-05)
(0.059057 -0.000157091 -7.01259e-05)
(0.0431852 -0.000352477 -0.00190967)
(0.0545378 -0.000709464 -0.00248771)
(0.0371572 0.000128759 -0.000631407)
(0.047939 -0.000174189 -0.00159507)
(0.0346822 0.000124118 -0.000123462)
(0.0448357 -0.000189828 -0.00108451)
(0.0332836 3.77111e-05 -4.62321e-05)
(0.0425064 -0.000211454 -0.000840395)
(0.0323779 -1.97249e-05 -2.89676e-05)
(0.0410283 -0.000189618 -0.000616093)
(0.0316966 -5.46118e-05 -1.89226e-05)
(0.0400514 -0.000173155 -0.00046495)
(0.0311036 -8.08511e-05 -1.20806e-05)
(0.039279 -0.000170451 -0.000356125)
(0.0305509 -9.61313e-05 -4.70166e-06)
(0.038574 -0.000170427 -0.00027062)
(0.0300254 -0.000101272 1.24537e-06)
(0.0379325 -0.000171587 -0.000221396)
(0.0295269 -0.000100195 3.93341e-06)
(0.0373225 -0.00016752 -0.000192055)
(0.0367589 -0.00015924 -0.00017272)
(0.0487372 0.000167356 -2.79117e-05)
(0.0626965 -0.000375176 5.44601e-05)
(0.0554935 -0.000172155 8.75058e-05)
(0.0480075 0.000151639 4.92157e-05)
(0.0619756 -0.000230277 9.09926e-05)
(0.0547544 -0.000183499 0.000210266)
(0.0473136 0.00011158 9.85176e-05)
(0.0613369 -0.000158105 0.000122704)
(0.0540518 -0.000209138 0.000281894)
(0.0466386 6.91076e-05 0.000130923)
(0.0607339 -0.000127795 0.000147703)
(0.053352 -0.000233749 0.000327691)
(0.0459786 4.03506e-05 0.000147553)
(0.0601609 -0.000104632 0.000159534)
(0.0526641 -0.000250564 0.000355314)
(0.0453401 2.50918e-05 0.0001515)
(0.0596002 -8.58857e-05 0.000161013)
(0.0519767 -0.000256063 0.000366555)
(0.0447299 1.63173e-05 0.000148942)
(0.0590689 -7.10156e-05 0.000155933)
(0.0513188 -0.000253903 0.000366576)
(0.0585397 -6.36354e-05 0.000151277)
(0.0506671 -0.000248556 0.000360482)
(0.0794664 -0.00078334 7.0244e-05)
(0.0868903 -0.00141584 0.000128413)
(0.0848755 -0.00101729 0.000186656)
(0.078845 -0.00053809 7.31275e-05)
(0.0863227 -0.00112474 0.000103642)
(0.0844435 -0.000770519 0.000198516)
(0.0783129 -0.000392489 9.90237e-05)
(0.0858412 -0.000926384 0.000109557)
(0.0840784 -0.000606029 0.000229381)
(0.0778319 -0.000301218 0.000126073)
(0.0854235 -0.000793279 0.000130818)
(0.0837544 -0.000503806 0.00026389)
(0.077385 -0.000239793 0.000145858)
(0.0850511 -0.000698611 0.000151101)
(0.0834549 -0.000432964 0.000290881)
(0.0769538 -0.000201896 0.000159217)
(0.0847171 -0.000636643 0.000167831)
(0.0831753 -0.000386681 0.000309825)
(0.0765293 -0.000178988 0.000166855)
(0.0844032 -0.00059218 0.000176839)
(0.082901 -0.000356349 0.000321623)
(0.084103 -0.000568373 0.000181024)
(0.0826249 -0.000336089 0.000328825)
(0.0953284 -0.00219901 0.000303544)
(0.0989261 -0.00243574 0.000466403)
(0.0987739 -0.00221971 0.000384489)
(0.0948892 -0.00184987 0.000191045)
(0.0986413 -0.00212803 0.000302309)
(0.0986365 -0.00192168 0.000294845)
(0.0944767 -0.00158137 0.000131188)
(0.0983359 -0.00186733 0.000183677)
(0.098481 -0.00167347 0.000247493)
(0.0941202 -0.00137497 0.00010482)
(0.0980512 -0.00165471 0.000100295)
(0.0983391 -0.00147383 0.000226874)
(0.093824 -0.00122034 9.6796e-05)
(0.097803 -0.00148709 4.40706e-05)
(0.098229 -0.00131843 0.000224391)
(0.0935815 -0.00111026 9.57711e-05)
(0.0975914 -0.00136122 4.62032e-06)
(0.0981526 -0.00120107 0.000228477)
(0.0933812 -0.00103021 9.46364e-05)
(0.097417 -0.00127091 -2.28849e-05)
(0.0981099 -0.00111682 0.000234591)
(0.0932142 -0.00097799 9.25147e-05)
(0.0972687 -0.00120016 -4.69354e-05)
(0.0980893 -0.00105223 0.000236163)
(0.0971486 -0.00115795 -6.47381e-05)
(0.0980948 -0.00101545 0.00023826)
(0.102061 -0.00244727 0.000897863)
(0.103054 -0.00204166 0.000767647)
(0.104359 -0.00208438 0.000735122)
(0.102445 -0.00263976 0.000801704)
(0.103445 -0.00237342 0.000785703)
(0.104792 -0.00240279 0.000682603)
(0.102597 -0.00255999 0.000647892)
(0.103704 -0.00241248 0.000695161)
(0.105116 -0.00243774 0.000586303)
(0.102569 -0.00237981 0.000485908)
(0.103824 -0.00230969 0.000557373)
(0.105339 -0.00233294 0.000475918)
(0.102442 -0.00217836 0.000334016)
(0.103834 -0.00217232 0.000409729)
(0.105467 -0.0021849 0.000365181)
(0.102278 -0.00198309 0.000199664)
(0.10378 -0.00202665 0.000268276)
(0.105532 -0.00202152 0.000261505)
(0.102109 -0.00181377 8.75307e-05)
(0.103699 -0.00189349 0.000141363)
(0.105572 -0.00186622 0.000171823)
(0.101953 -0.00167733 -1.02137e-06)
(0.10361 -0.00177553 3.42321e-05)
(0.105609 -0.00173236 9.80662e-05)
(0.101815 -0.00157217 -6.88165e-05)
(0.103522 -0.00167949 -5.18884e-05)
(0.105649 -0.00162644 4.0722e-05)
(0.101698 -0.00149086 -0.000122129)
(0.103442 -0.00160556 -0.000121272)
(0.1057 -0.00154221 -4.63295e-06)
(0.101598 -0.00142902 -0.000165006)
(0.10337 -0.00154642 -0.000177763)
(0.105763 -0.00147504 -4.15826e-05)
(0.103306 -0.00150283 -0.000221937)
(0.105838 -0.00142663 -7.13106e-05)
(0.10445 -0.00194167 0.000618296)
(0.104102 -0.00152832 0.000427372)
(0.106883 -0.00174456 0.000456547)
(0.104765 -0.00211192 0.00062717)
(0.104383 -0.00173928 0.000496472)
(0.107267 -0.00194859 0.000474295)
(0.105007 -0.00213213 0.000558501)
(0.104607 -0.0018219 0.00046855)
(0.107593 -0.00202815 0.00044026)
(0.105159 -0.0020806 0.000448196)
(0.104809 -0.0018253 0.000386034)
(0.1079 -0.00202155 0.000372304)
(0.105244 -0.00200636 0.000320932)
(0.104965 -0.00180256 0.000277883)
(0.108162 -0.00197934 0.000283674)
(0.10528 -0.00192839 0.00019289)
(0.105066 -0.00177134 0.000160403)
(0.108374 -0.00192068 0.000187176)
(0.105283 -0.00185057 7.44573e-05)
(0.105125 -0.00173979 4.59978e-05)
(0.108552 -0.00185865 9.37562e-05)
(0.105266 -0.00177546 -2.87204e-05)
(0.105155 -0.00170084 -5.46107e-05)
(0.108706 -0.00179283 9.56205e-06)
(0.105239 -0.00171233 -0.000115643)
(0.105166 -0.00166194 -0.000137757)
(0.108847 -0.00173342 -6.37294e-05)
(0.105207 -0.00166193 -0.000187404)
(0.105164 -0.0016309 -0.000207123)
(0.108979 -0.00168475 -0.000125228)
(0.105171 -0.00162189 -0.000244953)
(0.105152 -0.00160717 -0.000263553)
(0.109106 -0.00164497 -0.00017565)
(0.10513 -0.00158932 -0.000307133)
(0.109228 -0.0016141 -0.000215139)
(0.103966 -0.00132451 0.000314707)
(0.102425 -0.000902278 0.000103333)
(0.106863 -0.00127886 0.000112637)
(0.104188 -0.00144234 0.000331803)
(0.102657 -0.00103767 0.000131675)
(0.107158 -0.00137416 0.000152561)
(0.104416 -0.00150536 0.000280659)
(0.102839 -0.00114173 8.74936e-05)
(0.107422 -0.0014514 0.000130248)
(0.104617 -0.00153775 0.000198995)
(0.10306 -0.00121818 3.04078e-05)
(0.107717 -0.00149753 8.06191e-05)
(0.104781 -0.00155955 0.000102968)
(0.103261 -0.0012831 -3.50657e-05)
(0.108008 -0.00152792 1.60723e-05)
(0.104906 -0.00157688 3.34489e-06)
(0.103413 -0.00134262 -0.000107009)
(0.108271 -0.00155137 -5.61672e-05)
(0.104995 -0.00158635 -8.88e-05)
(0.103523 -0.00139071 -0.000173897)
(0.108505 -0.00156842 -0.000127306)
(0.105054 -0.00158526 -0.000166115)
(0.1036 -0.00141873 -0.000227876)
(0.108715 -0.00157567 -0.00018968)
(0.10509 -0.00157964 -0.000229416)
(0.103654 -0.00143286 -0.000270562)
(0.108906 -0.00157516 -0.000240846)
(0.105108 -0.00157619 -0.00028169)
(0.103686 -0.00144509 -0.000307313)
(0.109081 -0.00157302 -0.000283862)
(0.10511 -0.00157535 -0.000322891)
(0.103699 -0.00145591 -0.000336833)
(0.10924 -0.00157148 -0.000318907)
(0.103696 -0.00146343 -0.00035756)
(0.109388 -0.00156999 -0.000345227)
(0.101032 -0.000605012 -0.000144043)
(0.098827 -0.000188769 -0.000441223)
(0.104647 -0.000659166 -0.000335741)
(0.101277 -0.000732878 -0.000150773)
(0.0989857 -0.000338831 -0.000487155)
(0.104908 -0.000722922 -0.000309589)
(0.101525 -0.000855168 -0.00017927)
(0.0991201 -0.000521071 -0.000502079)
(0.10514 -0.000837673 -0.000335793)
(0.101739 -0.000966173 -0.00020949)
(0.0993089 -0.000675513 -0.000481296)
(0.105431 -0.000939473 -0.000362293)
(0.101916 -0.00106971 -0.000244876)
(0.0994721 -0.000809521 -0.000459301)
(0.105722 -0.00103217 -0.000386624)
(0.102053 -0.00116016 -0.000281305)
(0.0995864 -0.00092058 -0.000440592)
(0.105984 -0.00111822 -0.00041091)
(0.102154 -0.00122659 -0.000309414)
(0.0996684 -0.00100092 -0.000419573)
(0.106219 -0.00118904 -0.000429122)
(0.102226 -0.00126969 -0.000328268)
(0.0997283 -0.00105465 -0.000400575)
(0.106433 -0.00123937 -0.000438625)
(0.102274 -0.00130155 -0.000343923)
(0.0997683 -0.00109374 -0.000386397)
(0.106627 -0.00127511 -0.000443352)
(0.1023 -0.00132785 -0.000358039)
(0.0997908 -0.00112487 -0.000376956)
(0.106803 -0.00130378 -0.0004477)
(0.102309 -0.0013468 -0.000367632)
(0.0997976 -0.00114753 -0.000371194)
(0.106964 -0.00132504 -0.000449999)
(0.0997921 -0.00116103 -0.000364525)
(0.107113 -0.00133857 -0.000448729)
(0.0967494 6.43027e-05 -0.000796938)
(0.0937375 0.000249612 -0.00116714)
(0.100988 -0.000113489 -0.000988826)
(0.0968816 -0.000142085 -0.000824719)
(0.0937905 -1.07375e-05 -0.00130468)
(0.101162 -0.000218528 -0.00101594)
(0.0970476 -0.000356116 -0.000779063)
(0.0938546 -0.000218348 -0.00119958)
(0.101353 -0.00038264 -0.00100746)
(0.0971746 -0.000532018 -0.000707607)
(0.0938759 -0.000352648 -0.00100597)
(0.101605 -0.00051764 -0.00095531)
(0.0972645 -0.000672266 -0.000636317)
(0.093857 -0.000453972 -0.000831175)
(0.101844 -0.000633262 -0.000889658)
(0.0973274 -0.000772664 -0.000564827)
(0.0938188 -0.000535233 -0.000690054)
(0.102044 -0.000727886 -0.000818409)
(0.0973704 -0.000840126 -0.00050014)
(0.0937727 -0.000595539 -0.000579262)
(0.102221 -0.000797298 -0.000746199)
(0.0973996 -0.000889567 -0.000450624)
(0.093724 -0.000641863 -0.00050268)
(0.102384 -0.000850145 -0.000684719)
(0.097415 -0.000927514 -0.000414268)
(0.0936736 -0.000678473 -0.000445167)
(0.102534 -0.0008921 -0.000635671)
(0.0974179 -0.000954642 -0.000388241)
(0.0936223 -0.000705028 -0.000403606)
(0.102675 -0.000923143 -0.000596102)
(0.0974109 -0.00097158 -0.000369078)
(0.0935652 -0.000723096 -0.000375907)
(0.102808 -0.00094436 -0.000566251)
(0.102936 -0.000956211 -0.00054199)
(0.0909392 0.000162014 -0.00152027)
(0.0855078 -0.000313374 -0.0021006)
(0.0958439 -6.85914e-05 -0.00165024)
(0.0910011 -9.63352e-05 -0.00153707)
(0.086026 -0.000359554 -0.00225189)
(0.09607 -0.000231814 -0.00184179)
(0.0909818 -0.000225757 -0.00132902)
(0.085885 -0.000253162 -0.00184433)
(0.0962471 -0.000302434 -0.00173664)
(0.0908585 -0.000287785 -0.00108688)
(0.0854028 -0.000188473 -0.0013516)
(0.0963367 -0.000325614 -0.0015288)
(0.0907172 -0.000332585 -0.000879786)
(0.0849008 -0.000180565 -0.00100594)
(0.0963679 -0.000345476 -0.00132363)
(0.0905815 -0.000375424 -0.000719515)
(0.0844748 -0.0002018 -0.00077127)
(0.0963718 -0.000372865 -0.00114692)
(0.0904517 -0.000415362 -0.000607179)
(0.0841094 -0.000233185 -0.000606329)
(0.0963648 -0.000403993 -0.00100536)
(0.0903323 -0.000449246 -0.000529174)
(0.0837798 -0.000267282 -0.000504397)
(0.0963595 -0.00043519 -0.000902081)
(0.0902215 -0.000474876 -0.000470113)
(0.0834763 -0.000292968 -0.000433362)
(0.0963625 -0.000462363 -0.000820668)
(0.0901148 -0.000492832 -0.000427266)
(0.0831914 -0.000311311 -0.00038556)
(0.0963759 -0.000483165 -0.000759111)
(0.082914 -0.000324359 -0.000357346)
(0.0963938 -0.000498353 -0.000714902)
(0.081389 -0.000779196 -0.00311202)
(0.0733275 -0.00123742 -0.00419011)
(0.0874742 -0.000855731 -0.00287917)
(0.0816255 -0.000490774 -0.00258419)
(0.0707252 -0.000853673 -0.00316605)
(0.0882556 -0.000679298 -0.00298064)
(0.0809781 -0.000214434 -0.0017692)
(0.0686008 -0.000402539 -0.00202091)
(0.0881404 -0.000374922 -0.00241948)
(0.080204 -9.16611e-05 -0.00114875)
(0.0666024 -0.000191513 -0.00130924)
(0.0875595 -0.000191825 -0.00182236)
(0.0794894 -6.49857e-05 -0.000773822)
(0.0651328 -0.000115492 -0.000877368)
(0.0869201 -0.000122032 -0.00140843)
(0.0788697 -7.71292e-05 -0.000542329)
(0.0640924 -0.000100458 -0.00062256)
(0.0863575 -0.000105483 -0.00112872)
(0.0783329 -0.000103931 -0.00039828)
(0.0632725 -0.00011205 -0.000454563)
(0.0858751 -0.00011148 -0.000929079)
(0.0778464 -0.000130467 -0.000306965)
(0.0625501 -0.000134082 -0.000342768)
(0.0854518 -0.000132669 -0.000794391)
(0.0773962 -0.000149252 -0.000244046)
(0.0618974 -0.000154996 -0.000276027)
(0.0850752 -0.000151839 -0.000698356)
(0.0769634 -0.000162854 -0.000206083)
(0.0612843 -0.000166116 -0.000233541)
(0.0847363 -0.000168064 -0.000635425)
(0.0607129 -0.000169256 -0.000205852)
(0.084419 -0.000178211 -0.000592905)
(0.0663601 -0.00104564 -0.00275136)
(0.0747408 -0.00176185 -0.00312982)
(0.0603582 -0.000718509 -0.00247931)
(0.0704802 -0.00120008 -0.00301925)
(0.0566581 -0.000415085 -0.00192381)
(0.0672561 -0.000496995 -0.00228081)
(0.054369 -0.000260715 -0.00142738)
(0.0643861 -0.000189868 -0.00176615)
(0.0528016 -0.000191905 -0.00105505)
(0.0622141 -8.40882e-05 -0.00139162)
(0.0516205 -0.000170834 -0.000805339)
(0.0606266 -5.86484e-05 -0.00114357)
(0.0506578 -0.000172373 -0.000620979)
(0.0593752 -7.91873e-05 -0.000973673)
(0.0498152 -0.000184796 -0.000500608)
(0.0583215 -0.000115872 -0.000848006)
(0.0490404 -0.00019606 -0.000435964)
(0.0574047 -0.000144672 -0.000770958)
(0.04832 -0.000196799 -0.000395017)
(0.0565733 -0.000153879 -0.000716561)
(0.0558231 -0.0001482 -0.000674336)
(0.063772 -0.000399946 0.000141742)
(0.076475 -0.000789954 0.000143219)
(0.0688634 -0.000398771 6.60435e-05)
(0.0630771 -0.000383809 0.000340759)
(0.076004 -0.000656321 0.000290075)
(0.0683428 -0.000340044 0.000330172)
(0.0623681 -0.000398435 0.000462009)
(0.0755481 -0.000575141 0.00038977)
(0.0677549 -0.000345591 0.000514617)
(0.0616541 -0.000413859 0.000533557)
(0.0751037 -0.000518094 0.000450509)
(0.0671186 -0.000366897 0.000630875)
(0.0609362 -0.000423721 0.000577672)
(0.0746605 -0.000479852 0.000491604)
(0.0664369 -0.000388331 0.000704887)
(0.0602165 -0.000425926 0.000602225)
(0.0742199 -0.000449232 0.00051932)
(0.0657272 -0.000404351 0.000751468)
(0.0595004 -0.000420544 0.000611195)
(0.073785 -0.000421631 0.000533084)
(0.0650008 -0.000411242 0.000776244)
(0.0587928 -0.000409785 0.000608647)
(0.0733555 -0.000397243 0.00053654)
(0.0642686 -0.000410641 0.000785926)
(0.0729293 -0.000377674 0.000534505)
(0.0635326 -0.000403829 0.000784237)
(0.0908365 -0.00109107 0.000287562)
(0.0963199 -0.00153635 0.000329016)
(0.0938666 -0.00101198 0.000348522)
(0.0906846 -0.000881717 0.000329569)
(0.0963389 -0.00132876 0.000346453)
(0.0938367 -0.00083759 0.000450227)
(0.0905426 -0.000721588 0.00037235)
(0.096338 -0.00114906 0.000371336)
(0.0937942 -0.000693135 0.000532424)
(0.0904139 -0.000609501 0.000413161)
(0.0963288 -0.00100719 0.000402202)
(0.0937461 -0.000581475 0.000593899)
(0.0902988 -0.000531328 0.000448303)
(0.0963255 -0.000903033 0.000433776)
(0.0936991 -0.000504166 0.000641808)
(0.0901935 -0.000472442 0.000474835)
(0.0963323 -0.000821759 0.000461661)
(0.0936515 -0.000446938 0.000680035)
(0.0900942 -0.000428608 0.000492363)
(0.0963518 -0.000759983 0.000482682)
(0.0936051 -0.000404672 0.000707097)
(0.0899961 -0.000398252 0.000503942)
(0.0963762 -0.000713996 0.000496542)
(0.0935536 -0.000375546 0.000724591)
(0.0964091 -0.000683113 0.000505089)
(0.0934995 -0.000355854 0.000735114)
(0.102482 -0.00181003 0.000385795)
(0.10523 -0.00197604 0.000392664)
(0.104366 -0.00157129 0.000481856)
(0.102662 -0.00162433 0.000366398)
(0.105524 -0.00183108 0.00034367)
(0.104658 -0.00142859 0.000495157)
(0.102806 -0.00145364 0.000361186)
(0.105757 -0.00167979 0.000305011)
(0.104905 -0.0012871 0.000514765)
(0.102939 -0.00130972 0.000366145)
(0.105957 -0.00153972 0.000277886)
(0.105125 -0.00116234 0.000537343)
(0.103074 -0.00119347 0.000376833)
(0.106148 -0.00141884 0.000259016)
(0.105338 -0.00105793 0.000560386)
(0.103219 -0.00110215 0.000388828)
(0.10634 -0.00132155 0.000245935)
(0.105551 -0.000971832 0.000581903)
(0.103377 -0.00103263 0.000398307)
(0.106537 -0.00124321 0.000235793)
(0.105768 -0.000904057 0.000599262)
(0.103546 -0.000982659 0.000404616)
(0.106742 -0.00118208 0.000226797)
(0.105989 -0.000851898 0.000611007)
(0.106958 -0.00113913 0.000220191)
(0.106218 -0.000816237 0.000618139)
(0.107241 -0.00195099 0.000510513)
(0.108358 -0.00175005 0.000435616)
(0.10862 -0.0016205 0.000496274)
(0.107682 -0.00207185 0.000464907)
(0.108787 -0.00190358 0.000402434)
(0.10905 -0.00171515 0.000466082)
(0.108127 -0.0020779 0.000417966)
(0.109184 -0.00196406 0.000369322)
(0.109451 -0.00175401 0.000442462)
(0.108517 -0.00201109 0.000363714)
(0.109605 -0.00194991 0.000325308)
(0.109893 -0.00172605 0.000419226)
(0.10885 -0.00190881 0.000305089)
(0.109998 -0.00189464 0.000269455)
(0.110316 -0.00165723 0.000392089)
(0.109142 -0.00179323 0.000249162)
(0.110344 -0.00181832 0.000208659)
(0.110698 -0.00156883 0.000363483)
(0.109407 -0.00167924 0.000200349)
(0.110657 -0.00173474 0.00015124)
(0.111049 -0.00147471 0.000336375)
(0.109658 -0.00157976 0.000159731)
(0.11095 -0.0016531 0.000101212)
(0.111384 -0.00138469 0.000312689)
(0.109906 -0.00149737 0.000126208)
(0.111234 -0.00158399 5.8293e-05)
(0.111709 -0.00130836 0.00029162)
(0.110155 -0.00142842 9.83125e-05)
(0.111511 -0.00152434 2.22466e-05)
(0.11203 -0.00124253 0.000273038)
(0.110407 -0.00137426 7.55389e-05)
(0.111785 -0.00147517 -7.68294e-06)
(0.11235 -0.00118798 0.000256872)
(0.112061 -0.00143755 -3.12733e-05)
(0.11267 -0.00114571 0.000243059)
(0.109851 -0.001692 0.000310097)
(0.109877 -0.00145939 0.000124812)
(0.111112 -0.00143336 0.000281342)
(0.110288 -0.00178358 0.000287483)
(0.110279 -0.00153815 0.000121903)
(0.111567 -0.00150112 0.00025215)
(0.110733 -0.00182487 0.000258338)
(0.110653 -0.001597 0.000109842)
(0.111991 -0.0015501 0.000234615)
(0.111155 -0.00182481 0.000215855)
(0.111061 -0.00162497 8.24763e-05)
(0.112451 -0.00156342 0.000214445)
(0.11155 -0.00179845 0.000161327)
(0.111468 -0.00163068 4.10493e-05)
(0.11291 -0.00155022 0.00018529)
(0.111917 -0.00175701 0.00010233)
(0.111853 -0.00162236 -8.76371e-06)
(0.113348 -0.00152062 0.000149553)
(0.112262 -0.00170802 4.57165e-05)
(0.112218 -0.00160539 -5.92103e-05)
(0.113765 -0.00148153 0.00011283)
(0.112588 -0.00165803 -6.30434e-06)
(0.112565 -0.00158242 -0.00010554)
(0.114167 -0.00143683 7.81931e-05)
(0.112902 -0.00161239 -5.21953e-05)
(0.112898 -0.00155799 -0.000146127)
(0.114556 -0.00139293 4.62791e-05)
(0.113206 -0.0015731 -9.06372e-05)
(0.113219 -0.00153482 -0.000180507)
(0.114935 -0.00135348 1.86815e-05)
(0.113504 -0.00154095 -0.000121519)
(0.113531 -0.00151441 -0.000209185)
(0.115305 -0.00131971 -4.60198e-06)
(0.113835 -0.00149751 -0.00023125)
(0.11567 -0.00129211 -2.33143e-05)
(0.110242 -0.00130543 -5.78188e-05)
(0.109346 -0.00106109 -0.000307698)
(0.111623 -0.00112605 -0.00012685)
(0.110605 -0.00134933 -5.56294e-05)
(0.109674 -0.00108087 -0.000284615)
(0.11204 -0.00115666 -0.000123227)
(0.110991 -0.00139336 -7.05354e-05)
(0.109993 -0.00113003 -0.000290915)
(0.112434 -0.00119407 -0.000129324)
(0.111384 -0.00142698 -9.78745e-05)
(0.110364 -0.00117866 -0.000309146)
(0.112863 -0.00122117 -0.000142353)
(0.111773 -0.00145123 -0.000134003)
(0.110753 -0.00122191 -0.00033105)
(0.113307 -0.00123928 -0.000162023)
(0.112154 -0.00146827 -0.000173636)
(0.111135 -0.00126006 -0.000353037)
(0.113748 -0.00125121 -0.000185744)
(0.112523 -0.00147843 -0.000211513)
(0.111505 -0.00129166 -0.000371519)
(0.114181 -0.00125752 -0.000209799)
(0.112877 -0.00148189 -0.000244696)
(0.111862 -0.00131488 -0.000385401)
(0.114603 -0.001257 -0.000231205)
(0.113217 -0.00148048 -0.000272891)
(0.112206 -0.00133003 -0.00039581)
(0.115014 -0.00125052 -0.000249328)
(0.113545 -0.00147673 -0.000296537)
(0.112537 -0.00133957 -0.000403884)
(0.115415 -0.00124211 -0.00026428)
(0.113864 -0.00147213 -0.00031516)
(0.112857 -0.00134544 -0.000409154)
(0.115805 -0.00123405 -0.000276378)
(0.113169 -0.00134815 -0.00041118)
(0.116187 -0.00122637 -0.000285)
(0.108744 -0.00083843 -0.000536534)
(0.107079 -0.000614176 -0.000872891)
(0.11044 -0.000765201 -0.000656511)
(0.109037 -0.000863818 -0.00052117)
(0.10736 -0.000646953 -0.000858451)
(0.110808 -0.000769318 -0.000615847)
(0.109383 -0.000917549 -0.000530654)
(0.107654 -0.000702408 -0.00087088)
(0.111165 -0.000796656 -0.000615773)
(0.109752 -0.000976036 -0.000542047)
(0.108014 -0.00075782 -0.000864602)
(0.111575 -0.000831681 -0.000623596)
(0.110126 -0.00103342 -0.000548186)
(0.108389 -0.000813028 -0.000837627)
(0.112007 -0.000868158 -0.000626379)
(0.110496 -0.00108613 -0.000548268)
(0.108746 -0.000866167 -0.000799423)
(0.112436 -0.000903368 -0.000623046)
(0.110857 -0.00113056 -0.000543037)
(0.109086 -0.000913006 -0.000756708)
(0.112858 -0.000933581 -0.000613772)
(0.111204 -0.00116527 -0.000534357)
(0.109414 -0.000951526 -0.000715826)
(0.11327 -0.000956136 -0.000600158)
(0.111537 -0.00119131 -0.000524408)
(0.109729 -0.000981725 -0.000679098)
(0.113671 -0.000971716 -0.000584562)
(0.11186 -0.00121032 -0.000514349)
(0.110035 -0.00100468 -0.000647326)
(0.114061 -0.000982695 -0.000569265)
(0.112174 -0.00122318 -0.000503957)
(0.110334 -0.00102099 -0.000620769)
(0.114442 -0.000989963 -0.000554554)
(0.110629 -0.00103094 -0.000598542)
(0.114816 -0.000993485 -0.000540325)
(0.105685 -0.000422177 -0.00122933)
(0.103369 -0.00041706 -0.00154155)
(0.107852 -0.00042522 -0.00129653)
(0.10599 -0.000487898 -0.00122294)
(0.103735 -0.000464157 -0.00165868)
(0.108204 -0.000448606 -0.00129063)
(0.10636 -0.000548555 -0.0012011)
(0.104051 -0.000476046 -0.00166373)
(0.108555 -0.000480208 -0.00129232)
(0.106727 -0.000602532 -0.00114869)
(0.10438 -0.000481462 -0.00156145)
(0.108972 -0.0005109 -0.0012669)
(0.107074 -0.000654115 -0.00107646)
(0.104676 -0.000494728 -0.00142184)
(0.109395 -0.000539115 -0.00121505)
(0.107402 -0.000701378 -0.000997763)
(0.104925 -0.000514995 -0.00128422)
(0.109791 -0.000564455 -0.00114858)
(0.107712 -0.000742109 -0.000922374)
(0.105147 -0.000537844 -0.00116179)
(0.110165 -0.00058474 -0.00107717)
(0.108008 -0.000775957 -0.000855612)
(0.10536 -0.00056093 -0.00105876)
(0.110523 -0.000600831 -0.0010089)
(0.108296 -0.000802896 -0.000798923)
(0.10557 -0.000582471 -0.000973577)
(0.11087 -0.000612392 -0.000947858)
(0.108579 -0.000822943 -0.000752401)
(0.105783 -0.000599888 -0.000906784)
(0.11121 -0.000620599 -0.000895566)
(0.10886 -0.000836172 -0.000715375)
(0.106 -0.000612467 -0.000855983)
(0.111545 -0.000625593 -0.000852321)
(0.111878 -0.000627029 -0.000817395)
(0.101423 -0.000454123 -0.0019732)
(0.0980864 -0.000790621 -0.00229768)
(0.104089 -0.00045455 -0.00184581)
(0.101871 -0.0004535 -0.00206865)
(0.0986126 -0.000692652 -0.00266801)
(0.104528 -0.000452706 -0.00205264)
(0.102245 -0.000416452 -0.00197451)
(0.0988192 -0.000520328 -0.00252334)
(0.104893 -0.000431872 -0.00207062)
(0.102504 -0.000382828 -0.00180235)
(0.0987962 -0.00038178 -0.00221576)
(0.105246 -0.000387136 -0.00196874)
(0.102689 -0.000365111 -0.00161961)
(0.0986707 -0.000294249 -0.0019214)
(0.105543 -0.000340163 -0.0018257)
(0.102838 -0.000361573 -0.00145192)
(0.0985188 -0.000248039 -0.00167508)
(0.105779 -0.000304232 -0.00167724)
(0.102971 -0.000367429 -0.00130956)
(0.0983783 -0.000227554 -0.00147411)
(0.105981 -0.000278921 -0.0015387)
(0.103104 -0.000378548 -0.00119401)
(0.0982662 -0.000225397 -0.00131712)
(0.106171 -0.000261166 -0.00141853)
(0.103245 -0.000390738 -0.00110306)
(0.0981858 -0.00022912 -0.00119846)
(0.106361 -0.00024877 -0.0013218)
(0.103398 -0.000400846 -0.00103452)
(0.0981376 -0.000235597 -0.00111482)
(0.106555 -0.000239365 -0.00124395)
(0.0981101 -0.000237973 -0.00105145)
(0.106755 -0.000231299 -0.00118408)
(0.095516 -0.00100126 -0.00288548)
(0.0890975 -0.00147672 -0.00313257)
(0.0983841 -0.0010293 -0.00248794)
(0.0958785 -0.0007487 -0.0029555)
(0.0878479 -0.00123764 -0.00330837)
(0.0989068 -0.000904056 -0.00288259)
(0.0957395 -0.00048737 -0.00261255)
(0.086387 -0.000794808 -0.00275689)
(0.0990804 -0.000676291 -0.00274765)
(0.0953606 -0.000302958 -0.0022041)
(0.0847404 -0.00043783 -0.00224251)
(0.0989455 -0.000460578 -0.00243694)
(0.0949302 -0.000192064 -0.0018571)
(0.0832443 -0.00023584 -0.00185623)
(0.0986716 -0.000297989 -0.00213245)
(0.0945224 -0.000132008 -0.00158461)
(0.0820153 -0.000133921 -0.0015656)
(0.0983694 -0.000182824 -0.00187056)
(0.0941641 -0.000105287 -0.00137377)
(0.0810077 -8.91396e-05 -0.00134765)
(0.0980856 -0.00010079 -0.00165455)
(0.0938635 -9.68232e-05 -0.00121617)
(0.0801809 -7.84695e-05 -0.00118431)
(0.0978354 -4.53459e-05 -0.0014842)
(0.0936156 -9.5601e-05 -0.00110557)
(0.0794822 -7.7343e-05 -0.00107046)
(0.0976201 -5.94838e-06 -0.00135659)
(0.0934085 -9.49921e-05 -0.00102674)
(0.078877 -7.55575e-05 -0.00099123)
(0.0974415 2.04517e-05 -0.00126672)
(0.0783413 -6.67644e-05 -0.000931147)
(0.0972873 4.3866e-05 -0.0011977)
(0.0830299 -0.00164685 -0.00317039)
(0.0868503 -0.00165363 -0.00266795)
(0.0798404 -0.00124214 -0.00305142)
(0.0847641 -0.00156 -0.00307571)
(0.0767842 -0.000731422 -0.00253645)
(0.0826421 -0.00110722 -0.00273496)
(0.0742354 -0.000372358 -0.00208484)
(0.0803983 -0.000674375 -0.00232682)
(0.0721444 -0.000185184 -0.00174721)
(0.0783644 -0.000381246 -0.00199526)
(0.070435 -0.000100292 -0.00150287)
(0.076656 -0.000190184 -0.00173276)
(0.0690375 -7.15915e-05 -0.00132644)
(0.0752097 -6.37573e-05 -0.00152819)
(0.0678778 -6.76465e-05 -0.00119824)
(0.0739744 1.4955e-05 -0.001371)
(0.0668861 -6.56948e-05 -0.00110624)
(0.0728905 6.15178e-05 -0.00125977)
(0.0660061 -5.61863e-05 -0.00103854)
(0.0719175 9.54604e-05 -0.00117917)
(0.0710322 0.000122753 -0.00112093)
(0.0740576 -0.000341369 0.00026224)
(0.0849257 -0.00054155 0.000283803)
(0.0778361 -0.000161024 0.000345769)
(0.0736984 -0.000347012 0.000515169)
(0.0848321 -0.000495149 0.000502795)
(0.0776045 -0.000206359 0.000571778)
(0.0732041 -0.000386409 0.000698569)
(0.0846327 -0.000473824 0.00066908)
(0.077212 -0.000276856 0.000753784)
(0.0726068 -0.000429355 0.00082051)
(0.0843598 -0.000461847 0.00077958)
(0.0766987 -0.000358726 0.00088405)
(0.0719378 -0.000461091 0.000899214)
(0.0840351 -0.000451783 0.000851969)
(0.0760955 -0.000426955 0.000975127)
(0.0712235 -0.000481364 0.000947559)
(0.0836751 -0.000443616 0.000901479)
(0.0754253 -0.000471014 0.00103889)
(0.0704787 -0.000491134 0.000974196)
(0.083291 -0.000434592 0.000932579)
(0.0747082 -0.000499972 0.00107905)
(0.0697152 -0.000491625 0.00098565)
(0.082889 -0.000425652 0.000950277)
(0.073958 -0.000515622 0.00110178)
(0.0824765 -0.000414285 0.00095676)
(0.0731873 -0.000520309 0.0011112)
(0.0971687 -0.000709869 0.000524406)
(0.101599 -0.000958045 0.000511051)
(0.0993084 -0.000482596 0.000669783)
(0.0972554 -0.000641948 0.000668848)
(0.101836 -0.00089575 0.00063011)
(0.0994693 -0.000464001 0.000806804)
(0.0973153 -0.000569723 0.000771269)
(0.102034 -0.000823382 0.000726507)
(0.0995816 -0.000445491 0.000919044)
(0.0973575 -0.000504093 0.000840593)
(0.10221 -0.000749459 0.000797295)
(0.0996621 -0.000423728 0.000999964)
(0.0973872 -0.000454259 0.000892014)
(0.102373 -0.000686933 0.000851615)
(0.0997219 -0.000404515 0.00105543)
(0.0974046 -0.000417156 0.000931208)
(0.102524 -0.000637057 0.000894525)
(0.0997628 -0.000390043 0.00109613)
(0.0974106 -0.000389907 0.00095874)
(0.102667 -0.000596094 0.00092587)
(0.0997867 -0.000379385 0.00112811)
(0.0974072 -0.000369806 0.000975566)
(0.102802 -0.000565005 0.000946799)
(0.0997958 -0.000372318 0.00115092)
(0.102934 -0.000540393 0.000958358)
(0.0997931 -0.000364778 0.00116411)
(0.106719 -0.00115537 0.00060047)
(0.108966 -0.00127294 0.000509905)
(0.108011 -0.000869285 0.000755611)
(0.107065 -0.00108178 0.000652883)
(0.109388 -0.00122071 0.000538866)
(0.108385 -0.000842801 0.000811571)
(0.107392 -0.00100076 0.000700876)
(0.109784 -0.00115226 0.000564307)
(0.108742 -0.000803308 0.000865482)
(0.107702 -0.000923362 0.000742228)
(0.110158 -0.00107885 0.000584457)
(0.109082 -0.000758919 0.000913007)
(0.107998 -0.000854993 0.000776468)
(0.110516 -0.00100897 0.00060047)
(0.109409 -0.000716502 0.000952074)
(0.108288 -0.000796866 0.000803515)
(0.110864 -0.000946563 0.000611913)
(0.109725 -0.000678346 0.000982611)
(0.108573 -0.000749004 0.000823308)
(0.111206 -0.000892956 0.000619798)
(0.110032 -0.000645199 0.00100564)
(0.108857 -0.000711384 0.000836148)
(0.111543 -0.000848554 0.000624234)
(0.110333 -0.000617366 0.00102163)
(0.111878 -0.000813571 0.000625383)
(0.11063 -0.000594781 0.00103126)
(0.110405 -0.00136351 0.000450437)
(0.111416 -0.00129935 0.000343937)
(0.111285 -0.00104307 0.000571133)
(0.110855 -0.0013699 0.000443935)
(0.111872 -0.00130693 0.000321454)
(0.111729 -0.00102707 0.000569323)
(0.111333 -0.0013707 0.000446265)
(0.1123 -0.00132534 0.000320355)
(0.112147 -0.00104353 0.000572687)
(0.111809 -0.00134731 0.000451067)
(0.112783 -0.00132465 0.000321532)
(0.112616 -0.00104467 0.000580691)
(0.112272 -0.00130229 0.000454443)
(0.113275 -0.00130232 0.000319349)
(0.113099 -0.00102615 0.000589853)
(0.112717 -0.00124403 0.000455205)
(0.113751 -0.00126502 0.0003142)
(0.113571 -0.00099462 0.000597942)
(0.113144 -0.00118063 0.000453789)
(0.11421 -0.00121905 0.000306787)
(0.114029 -0.00095535 0.000603439)
(0.113557 -0.00111864 0.000450149)
(0.114656 -0.00116983 0.000298416)
(0.114475 -0.000913185 0.000606254)
(0.11396 -0.00106203 0.000444476)
(0.11509 -0.00112201 0.000289064)
(0.114911 -0.00087234 0.000605555)
(0.114357 -0.00101259 0.000438054)
(0.115516 -0.00107841 0.000279759)
(0.115339 -0.000834804 0.00060292)
(0.114749 -0.000971113 0.000431207)
(0.115935 -0.00104041 0.000270863)
(0.115759 -0.000801708 0.0005991)
(0.116348 -0.00100871 0.000262394)
(0.116174 -0.00077368 0.00059413)
(0.112835 -0.00124303 0.000217683)
(0.11294 -0.00110729 1.28697e-05)
(0.113434 -0.000965389 0.000283112)
(0.113311 -0.0012609 0.000194775)
(0.113413 -0.00112306 -6.24464e-06)
(0.113933 -0.000971814 0.000267916)
(0.113805 -0.00127653 0.000187931)
(0.113858 -0.00114403 -8.26945e-06)
(0.114404 -0.000987879 0.000262864)
(0.114304 -0.00127736 0.000181979)
(0.114341 -0.00115499 -1.09305e-05)
(0.114914 -0.000994438 0.000260568)
(0.114801 -0.00126377 0.000172305)
(0.114841 -0.00115504 -1.76148e-05)
(0.115437 -0.00098934 0.00025654)
(0.11529 -0.00123967 0.000159531)
(0.115337 -0.00114674 -2.70741e-05)
(0.115955 -0.00097539 0.000250274)
(0.11577 -0.00120859 0.000145239)
(0.115826 -0.0011321 -3.80026e-05)
(0.116466 -0.000955331 0.000242449)
(0.116238 -0.00117402 0.000130938)
(0.116306 -0.00111236 -4.90444e-05)
(0.116968 -0.000931288 0.000233798)
(0.116696 -0.00113953 0.000117563)
(0.116778 -0.00108966 -5.94257e-05)
(0.117461 -0.000905731 0.000225052)
(0.117145 -0.00110762 0.00010545)
(0.117239 -0.0010671 -6.81989e-05)
(0.117946 -0.000880786 0.000216678)
(0.117586 -0.00107956 9.46603e-05)
(0.117692 -0.00104641 -7.54961e-05)
(0.118421 -0.000857841 0.000208822)
(0.118138 -0.00102814 -8.13616e-05)
(0.11889 -0.000837583 0.000201518)
(0.113473 -0.000989304 -0.000202137)
(0.112807 -0.000830543 -0.000477555)
(0.114005 -0.000766589 -0.000182746)
(0.113929 -0.00100665 -0.000205211)
(0.113266 -0.000844588 -0.000458438)
(0.114519 -0.000779202 -0.000182804)
(0.114401 -0.00102151 -0.00020771)
(0.113701 -0.000859031 -0.000458863)
(0.115001 -0.000784622 -0.000181597)
(0.114888 -0.00103142 -0.000212146)
(0.114171 -0.000871501 -0.000462469)
(0.115512 -0.000787802 -0.000181757)
(0.115381 -0.00103686 -0.000218643)
(0.114661 -0.000882302 -0.000464237)
(0.116039 -0.000790053 -0.000183903)
(0.115875 -0.00103822 -0.000226074)
(0.115153 -0.000891107 -0.000463507)
(0.116566 -0.00079058 -0.000187091)
(0.116366 -0.00103522 -0.000233314)
(0.11564 -0.000896846 -0.000459973)
(0.117088 -0.000788393 -0.000190313)
(0.11685 -0.00102767 -0.000239854)
(0.116121 -0.000898288 -0.000453975)
(0.117606 -0.00078322 -0.000193082)
(0.117324 -0.00101721 -0.000245042)
(0.116593 -0.000895534 -0.000446736)
(0.118116 -0.000775354 -0.000195391)
(0.11779 -0.00100616 -0.000248424)
(0.117056 -0.000890678 -0.000438561)
(0.118618 -0.000766341 -0.000196559)
(0.118248 -0.000995516 -0.000250251)
(0.117511 -0.000885001 -0.000430025)
(0.119111 -0.000757281 -0.0001968)
(0.117958 -0.000878685 -0.000421419)
(0.119595 -0.000748529 -0.000196249)
(0.11257 -0.00068533 -0.000739377)
(0.111287 -0.000572316 -0.00104142)
(0.113299 -0.000510234 -0.000732099)
(0.113013 -0.000697021 -0.000715829)
(0.111731 -0.000570155 -0.00102449)
(0.113785 -0.00051742 -0.000708793)
(0.113477 -0.000709577 -0.000715558)
(0.112149 -0.000573095 -0.00103997)
(0.114245 -0.000522921 -0.00070857)
(0.113955 -0.000723285 -0.000715107)
(0.112618 -0.000580659 -0.0010405)
(0.114741 -0.00052936 -0.000709997)
(0.114439 -0.000737718 -0.000708517)
(0.113101 -0.000589517 -0.00102228)
(0.115255 -0.000536413 -0.000706074)
(0.114922 -0.000751067 -0.000696073)
(0.113573 -0.000597678 -0.000991817)
(0.115769 -0.000543199 -0.000696732)
(0.115401 -0.000761275 -0.000679052)
(0.114031 -0.000603497 -0.000953859)
(0.116277 -0.000548689 -0.00068316)
(0.115871 -0.000767429 -0.000659424)
(0.114476 -0.000606677 -0.000912982)
(0.11678 -0.000551932 -0.00066657)
(0.116331 -0.000770148 -0.000639164)
(0.114912 -0.000606292 -0.000873365)
(0.117274 -0.000552764 -0.000648637)
(0.116783 -0.000770519 -0.000619511)
(0.115339 -0.000604069 -0.000836965)
(0.11776 -0.000551887 -0.000630698)
(0.117227 -0.000769006 -0.000601066)
(0.115758 -0.000600734 -0.000804851)
(0.118237 -0.000549839 -0.000613568)
(0.116173 -0.000596127 -0.000777213)
(0.118707 -0.000546695 -0.000597622)
(0.110408 -0.000451074 -0.00136139)
(0.108624 -0.00049689 -0.0016195)
(0.111418 -0.000344319 -0.00129799)
(0.110859 -0.000444215 -0.00136639)
(0.109054 -0.000465982 -0.00171269)
(0.111875 -0.000321562 -0.00130465)
(0.111337 -0.000446089 -0.00136601)
(0.109457 -0.000441052 -0.00174959)
(0.112303 -0.000320165 -0.00132202)
(0.111813 -0.000450481 -0.00134246)
(0.1099 -0.000416666 -0.0017208)
(0.112785 -0.000321086 -0.00132078)
(0.112276 -0.000453857 -0.00129844)
(0.110324 -0.000389645 -0.00165295)
(0.113277 -0.000318895 -0.00129884)
(0.112721 -0.00045507 -0.00124167)
(0.110706 -0.000362257 -0.00156611)
(0.113753 -0.000314095 -0.00126254)
(0.113148 -0.000454272 -0.00117974)
(0.111059 -0.000336522 -0.00147323)
(0.114212 -0.000307231 -0.00121768)
(0.11356 -0.0004512 -0.0011191)
(0.111393 -0.000313935 -0.00138415)
(0.114658 -0.000299445 -0.00116953)
(0.113963 -0.000446076 -0.00106372)
(0.111718 -0.000293671 -0.00130885)
(0.115092 -0.000290647 -0.00112273)
(0.114358 -0.00044026 -0.00101539)
(0.112037 -0.000275955 -0.00124389)
(0.115517 -0.000281938 -0.0010801)
(0.114749 -0.000433908 -0.000974548)
(0.112354 -0.000260591 -0.00119045)
(0.115935 -0.000273645 -0.00104296)
(0.116348 -0.00026555 -0.00101149)
(0.107246 -0.000510348 -0.00194999)
(0.104362 -0.000735649 -0.00208492)
(0.108361 -0.000435532 -0.00174966)
(0.10769 -0.000463032 -0.00206931)
(0.104798 -0.000682217 -0.00240303)
(0.108792 -0.000401333 -0.00190236)
(0.108137 -0.000414098 -0.00207396)
(0.105124 -0.000584193 -0.00243752)
(0.10919 -0.000366627 -0.00196157)
(0.108527 -0.000359301 -0.00200701)
(0.105352 -0.000471906 -0.00233295)
(0.109613 -0.000321703 -0.00194678)
(0.108863 -0.000302073 -0.00190568)
(0.105482 -0.000360954 -0.00218468)
(0.110006 -0.000266449 -0.00189184)
(0.109155 -0.000248301 -0.00179105)
(0.105549 -0.000259114 -0.00202066)
(0.110352 -0.000207284 -0.00181613)
(0.109421 -0.000201338 -0.0016776)
(0.105591 -0.000171444 -0.00186439)
(0.110666 -0.000151553 -0.0017329)
(0.109672 -0.000162053 -0.00157866)
(0.105627 -9.90563e-05 -0.00172951)
(0.110959 -0.000102883 -0.00165152)
(0.109918 -0.000129648 -0.00149688)
(0.105665 -4.27166e-05 -0.00162317)
(0.111242 -6.10097e-05 -0.00158294)
(0.110164 -0.000102819 -0.00142869)
(0.105714 1.2253e-06 -0.00153894)
(0.111517 -2.59562e-05 -0.00152378)
(0.105774 3.72189e-05 -0.00147343)
(0.11179 2.95165e-06 -0.00147546)
(0.102064 -0.000898165 -0.0024488)
(0.0956749 -0.00119081 -0.00233779)
(0.103056 -0.000767957 -0.00204257)
(0.102452 -0.00080102 -0.00264216)
(0.0952176 -0.00118268 -0.00272033)
(0.10345 -0.000785076 -0.00237488)
(0.102609 -0.000645542 -0.00256358)
(0.0946126 -0.000964158 -0.00257925)
(0.103711 -0.000693176 -0.0024144)
(0.102584 -0.000482045 -0.00238341)
(0.0937738 -0.000713222 -0.0023424)
(0.103834 -0.000554557 -0.00231267)
(0.102462 -0.000330455 -0.00218005)
(0.0928683 -0.000478477 -0.00211749)
(0.103847 -0.000407226 -0.00217468)
(0.1023 -0.000197809 -0.00198244)
(0.0920058 -0.000286931 -0.00191258)
(0.103794 -0.000266664 -0.00202707)
(0.102131 -8.71878e-05 -0.00181099)
(0.0912113 -0.000137171 -0.00173582)
(0.103714 -0.000140766 -0.00189177)
(0.101973 3.43911e-07 -0.00167294)
(0.0904872 -2.14836e-05 -0.00159103)
(0.103624 -3.43858e-05 -0.00177208)
(0.101833 6.68576e-05 -0.00156689)
(0.0898259 6.43221e-05 -0.0014799)
(0.103535 5.10666e-05 -0.00167505)
(0.101713 0.000118886 -0.00148656)
(0.0892221 0.000127738 -0.00139522)
(0.103453 0.000119147 -0.00160075)
(0.0886642 0.000175793 -0.00133087)
(0.103378 0.000174966 -0.00154345)
(0.0898516 -0.00145029 -0.00246311)
(0.0906148 -0.00119125 -0.00191836)
(0.0883903 -0.00131296 -0.0026616)
(0.0896324 -0.00132889 -0.00237044)
(0.0867596 -0.00100122 -0.00248048)
(0.0885839 -0.00111535 -0.00234612)
(0.0851278 -0.000686341 -0.00223634)
(0.0873408 -0.000810432 -0.00216732)
(0.0835962 -0.000419157 -0.00200876)
(0.0860609 -0.000520107 -0.00198301)
(0.0821908 -0.000215848 -0.00181204)
(0.0848482 -0.000294121 -0.00182463)
(0.0809103 -6.45272e-05 -0.00164803)
(0.0837114 -0.000123192 -0.00169086)
(0.0797458 4.71065e-05 -0.00151804)
(0.0826473 8.38756e-06 -0.00158288)
(0.0786821 0.000128299 -0.00141931)
(0.0816441 0.000108515 -0.00150076)
(0.0776974 0.00018699 -0.00134543)
(0.0806947 0.000184794 -0.00143962)
(0.0797873 0.000241833 -0.00139377)
(0.0816508 -5.59822e-06 0.000670626)
(0.0911331 -7.15326e-05 0.000754564)
(0.08138 -0.00011521 0.000822683)
(0.0911358 -0.000138897 0.000871652)
(0.0809742 -0.000224975 0.000950276)
(0.0910276 -0.000208587 0.000981807)
(0.0804607 -0.000331551 0.0010492)
(0.0908351 -0.000280644 0.00107143)
(0.0798591 -0.000415565 0.00112505)
(0.0905789 -0.000342475 0.00113758)
(0.0791896 -0.000472547 0.00118052)
(0.0902687 -0.000384035 0.00118614)
(0.0784676 -0.000510937 0.00121681)
(0.0899166 -0.000414627 0.00122179)
(0.0777099 -0.000534151 0.00123753)
(0.0895328 -0.000434948 0.0012452)
(0.0891263 -0.000445606 0.00125824)
(0.101742 -0.000213747 0.000965447)
(0.105433 -0.000366057 0.000937728)
(0.101918 -0.000249576 0.00106882)
(0.105724 -0.000391211 0.0010311)
(0.102054 -0.000285593 0.00115905)
(0.105985 -0.000415162 0.00111763)
(0.102154 -0.000313318 0.00122596)
(0.10622 -0.000432449 0.00118871)
(0.102226 -0.000332031 0.0012704)
(0.106433 -0.000441293 0.00123995)
(0.102275 -0.000347126 0.00130345)
(0.106628 -0.000445283 0.00127666)
(0.102302 -0.000360105 0.00133031)
(0.106805 -0.000448522 0.00130583)
(0.102312 -0.000368366 0.00134923)
(0.106967 -0.000449513 0.00132711)
(0.107117 -0.00044722 0.00134025)
(0.109753 -0.000546261 0.000974228)
(0.111575 -0.000627503 0.000830647)
(0.110127 -0.00055223 0.00103245)
(0.112007 -0.000630341 0.000867591)
(0.110497 -0.000551362 0.00108596)
(0.112437 -0.000626237 0.000903187)
(0.110857 -0.000544867 0.00113101)
(0.112859 -0.000615758 0.000933604)
(0.111205 -0.000534879 0.00116621)
(0.113271 -0.000600891 0.000956383)
(0.111539 -0.000523626 0.00119254)
(0.113673 -0.000584058 0.000972141)
(0.111862 -0.000512308 0.00121155)
(0.114063 -0.000567552 0.000983096)
(0.112177 -0.000500967 0.00122416)
(0.114445 -0.000551748 0.000990109)
(0.114819 -0.000536907 0.000993272)
(0.112569 -0.000741314 0.000683978)
(0.113299 -0.000733467 0.000509145)
(0.112807 -0.000478902 0.000829078)
(0.113013 -0.000718553 0.000696024)
(0.113785 -0.000710734 0.000516437)
(0.113266 -0.000460569 0.000843209)
(0.113477 -0.000718878 0.000708941)
(0.114245 -0.000711037 0.000522128)
(0.113701 -0.000461676 0.000857838)
(0.113955 -0.000718552 0.000722989)
(0.114741 -0.000712737 0.000528748)
(0.114171 -0.000465639 0.000870533)
(0.114439 -0.000711499 0.000737681)
(0.115256 -0.000708673 0.000536003)
(0.114662 -0.000467303 0.000881636)
(0.114923 -0.000698133 0.000751106)
(0.115769 -0.00069877 0.000542903)
(0.115154 -0.000465951 0.000890691)
(0.115402 -0.000679978 0.00076126)
(0.116278 -0.000684377 0.000548376)
(0.115641 -0.000461452 0.000896579)
(0.115872 -0.000659172 0.000767314)
(0.116781 -0.000666857 0.000551522)
(0.116122 -0.000454378 0.000898104)
(0.116333 -0.000637768 0.000769865)
(0.117276 -0.000647972 0.000552203)
(0.116595 -0.000446064 0.000895356)
(0.116786 -0.000617083 0.000769958)
(0.117762 -0.000629123 0.000551096)
(0.117059 -0.000436841 0.000890397)
(0.11723 -0.000597892 0.000768094)
(0.118239 -0.000611212 0.000548736)
(0.117514 -0.000427389 0.00088449)
(0.118709 -0.000594801 0.000545275)
(0.117961 -0.000418169 0.000877895)
(0.114499 -0.000700782 0.000331241)
(0.114521 -0.000615572 8.88484e-05)
(0.114521 -0.000436189 0.000425434)
(0.115017 -0.00070247 0.000335027)
(0.115063 -0.000622776 9.26473e-05)
(0.115063 -0.000434357 0.000436351)
(0.115546 -0.000704687 0.000335812)
(0.115571 -0.000625395 9.30678e-05)
(0.115571 -0.000433308 0.000438493)
(0.116083 -0.000702863 0.000336162)
(0.11611 -0.000623768 9.37929e-05)
(0.11611 -0.000431969 0.000437082)
(0.116623 -0.000696167 0.000336046)
(0.116662 -0.000620314 9.4008e-05)
(0.116662 -0.000428922 0.000436162)
(0.117161 -0.000685421 0.000335196)
(0.117211 -0.000614752 9.37692e-05)
(0.117211 -0.000423666 0.000435189)
(0.117696 -0.00067174 0.000333466)
(0.117756 -0.000606628 9.35142e-05)
(0.117757 -0.00041655 0.000432883)
(0.118224 -0.000656131 0.000330789)
(0.118296 -0.000596359 9.3015e-05)
(0.118297 -0.000407914 0.000429166)
(0.118745 -0.000639777 0.000327376)
(0.11883 -0.000584752 9.2222e-05)
(0.11883 -0.000398373 0.000424318)
(0.119257 -0.000623696 0.000323491)
(0.119355 -0.000572767 9.12258e-05)
(0.119355 -0.000388601 0.000418854)
(0.119761 -0.000608565 0.00031928)
(0.119871 -0.000561121 9.01029e-05)
(0.119872 -0.000379133 0.000413157)
(0.12038 -0.000550175 8.88923e-05)
(0.12038 -0.000370298 0.000407377)
(0.115035 -0.000534823 -0.0001586)
(0.114521 -0.000426353 -0.000435216)
(0.115015 -0.000266264 -8.05937e-05)
(0.115588 -0.00054346 -0.000156615)
(0.115063 -0.000437355 -0.000433042)
(0.115592 -0.000274496 -7.96532e-05)
(0.116142 -0.000542696 -0.000154643)
(0.115572 -0.000439535 -0.00043169)
(0.116127 -0.000275224 -7.8671e-05)
(0.116698 -0.000539767 -0.000152919)
(0.11611 -0.000438131 -0.000430184)
(0.11669 -0.000273487 -7.75947e-05)
(0.117255 -0.000537759 -0.000151858)
(0.116662 -0.000437148 -0.000427191)
(0.117262 -0.000272372 -7.69965e-05)
(0.117809 -0.000535065 -0.000150811)
(0.117211 -0.000436065 -0.000422235)
(0.117829 -0.000271176 -7.65162e-05)
(0.11836 -0.000530534 -0.000149378)
(0.117756 -0.000433679 -0.000415619)
(0.118392 -0.000268975 -7.58423e-05)
(0.118906 -0.000524429 -0.0001476)
(0.118296 -0.000429925 -0.000407607)
(0.11895 -0.00026596 -7.50154e-05)
(0.119443 -0.000517354 -0.000145569)
(0.118829 -0.000425099 -0.000398748)
(0.119501 -0.000262318 -7.40669e-05)
(0.119973 -0.000509965 -0.000143384)
(0.119354 -0.000419732 -0.000389655)
(0.120044 -0.000258369 -7.3019e-05)
(0.120494 -0.000502651 -0.000141125)
(0.11987 -0.000414204 -0.000380791)
(0.120579 -0.000254409 -7.19197e-05)
(0.120379 -0.000408614 -0.000372397)
(0.121106 -0.000250571 -7.07921e-05)
(0.1145 -0.000332003 -0.000699436)
(0.113434 -0.000283579 -0.000964201)
(0.114521 -8.95314e-05 -0.000614571)
(0.115017 -0.000335768 -0.000700795)
(0.113934 -0.000268253 -0.00097018)
(0.115063 -9.34041e-05 -0.000621529)
(0.115546 -0.000336496 -0.000702797)
(0.114405 -0.000263044 -0.000985822)
(0.115572 -9.38021e-05 -0.000623933)
(0.116083 -0.000336764 -0.000700954)
(0.114914 -0.000260626 -0.000992174)
(0.11611 -9.44476e-05 -0.000622232)
(0.116622 -0.000336586 -0.00069449)
(0.115437 -0.000256605 -0.000987219)
(0.116662 -9.45856e-05 -0.000618899)
(0.117161 -0.000335748 -0.000684207)
(0.115955 -0.000250519 -0.000973721)
(0.117211 -9.43318e-05 -0.000613626)
(0.117695 -0.000334105 -0.000671142)
(0.116466 -0.000242987 -0.000954283)
(0.117756 -9.41366e-05 -0.000605933)
(0.118223 -0.000331579 -0.00065623)
(0.116968 -0.000234685 -0.000930943)
(0.118296 -9.37664e-05 -0.000596187)
(0.118743 -0.000328384 -0.000640588)
(0.117461 -0.000226338 -0.000906125)
(0.118829 -9.31647e-05 -0.000585138)
(0.119255 -0.000324781 -0.000625164)
(0.117944 -0.000218415 -0.000881902)
(0.119354 -9.24215e-05 -0.000573689)
(0.119759 -0.000320874 -0.000610538)
(0.11842 -0.000211022 -0.000859579)
(0.11987 -9.15974e-05 -0.000562493)
(0.118888 -0.000204079 -0.000839671)
(0.120379 -9.06708e-05 -0.000551843)
(0.112837 -0.000217728 -0.00124159)
(0.111114 -0.000281313 -0.00143253)
(0.112941 -1.30891e-05 -0.0011063)
(0.113312 -0.000194566 -0.00125888)
(0.11157 -0.000251591 -0.00149979)
(0.113414 6.11979e-06 -0.00112172)
(0.113806 -0.000187511 -0.00127408)
(0.111994 -0.000233364 -0.0015481)
(0.113859 8.28236e-06 -0.0011423)
(0.114305 -0.00018153 -0.00127484)
(0.112454 -0.000212799 -0.00156107)
(0.114342 1.10643e-05 -0.00115305)
(0.114802 -0.000172101 -0.00126161)
(0.112913 -0.000183939 -0.00154801)
(0.114842 1.77306e-05 -0.00115319)
(0.115291 -0.000159784 -0.00123811)
(0.11335 -0.000149008 -0.00151877)
(0.115337 2.69743e-05 -0.00114524)
(0.11577 -0.00014604 -0.00120773)
(0.113767 -0.000113179 -0.00148006)
(0.115826 3.75393e-05 -0.00113108)
(0.116238 -0.00013233 -0.00117391)
(0.114169 -7.93999e-05 -0.00143579)
(0.116306 4.81333e-05 -0.00111192)
(0.116696 -0.000119577 -0.00114017)
(0.114557 -4.82672e-05 -0.00139244)
(0.116778 5.8003e-05 -0.00108983)
(0.117144 -0.000108081 -0.00110898)
(0.114935 -2.14362e-05 -0.00135363)
(0.117239 6.62238e-05 -0.00106786)
(0.117585 -9.78072e-05 -0.0010814)
(0.115306 1.08083e-06 -0.00132054)
(0.117692 7.29407e-05 -0.00104769)
(0.118137 7.83466e-05 -0.00102962)
(0.109854 -0.000309419 -0.00169154)
(0.106886 -0.000456459 -0.00174487)
(0.109879 -0.000124387 -0.00145922)
(0.110292 -0.000285846 -0.00178256)
(0.10727 -0.000473477 -0.00194899)
(0.110282 -0.000120947 -0.00153789)
(0.110737 -0.000255856 -0.00182322)
(0.107598 -0.000438441 -0.00202829)
(0.110656 -0.000108445 -0.00159619)
(0.111159 -0.000213336 -0.00182287)
(0.107905 -0.000369801 -0.00202151)
(0.111064 -8.08605e-05 -0.00162368)
(0.111554 -0.000159687 -0.0017965)
(0.108167 -0.000281561 -0.00197896)
(0.111471 -3.97035e-05 -0.00162914)
(0.111921 -0.000101939 -0.0017551)
(0.10838 -0.000186078 -0.00191963)
(0.111856 9.34734e-06 -0.0016207)
(0.112266 -4.65225e-05 -0.00170617)
(0.108558 -9.36257e-05 -0.00185669)
(0.11222 5.89366e-05 -0.00160367)
(0.112592 4.45569e-06 -0.00165641)
(0.108712 -1.02709e-05 -0.00179025)
(0.112567 0.000104465 -0.0015808)
(0.112904 4.94211e-05 -0.00161118)
(0.108852 6.22526e-05 -0.00173062)
(0.112899 0.000144314 -0.00155666)
(0.113208 8.69458e-05 -0.00157244)
(0.108983 0.000122918 -0.0016821)
(0.11322 0.00017794 -0.00153394)
(0.109109 0.000172574 -0.00164332)
(0.113532 0.000205772 -0.00151395)
(0.104453 -0.000618071 -0.00194268)
(0.0973059 -0.000765699 -0.00176403)
(0.104104 -0.000427026 -0.00152897)
(0.104769 -0.000626166 -0.00211327)
(0.0970999 -0.000888646 -0.00204615)
(0.104386 -0.000495501 -0.00174072)
(0.105012 -0.000556656 -0.00213365)
(0.096851 -0.000801206 -0.00206606)
(0.104611 -0.000467165 -0.00182361)
(0.105166 -0.000446083 -0.00208199)
(0.0965041 -0.00063503 -0.00198245)
(0.104814 -0.000384407 -0.00182695)
(0.105252 -0.000319326 -0.00200694)
(0.0960806 -0.000446209 -0.00188609)
(0.10497 -0.000276341 -0.00180361)
(0.105288 -0.000192023 -0.00192749)
(0.0956211 -0.000272377 -0.00179375)
(0.105071 -0.000159393 -0.00177114)
(0.10529 -7.42239e-05 -0.00184814)
(0.0951455 -0.000122491 -0.00171209)
(0.105131 -4.55948e-05 -0.00173816)
(0.105272 2.83719e-05 -0.00177202)
(0.0946652 2.92837e-06 -0.00163998)
(0.10516 5.45533e-05 -0.00169825)
(0.105244 0.000114603 -0.00170842)
(0.0941851 0.000104998 -0.00158168)
(0.10517 0.000137176 -0.00165873)
(0.105211 0.000185656 -0.00165853)
(0.0937098 0.000187315 -0.0015367)
(0.105168 0.000205898 -0.00162766)
(0.0932391 0.000251902 -0.00150094)
(0.105155 0.000261804 -0.00160506)
(0.0907921 -0.00102874 -0.00178971)
(0.0893863 -0.000847476 -0.00129494)
(0.0900442 -0.0010426 -0.00199431)
(0.0889083 -0.000979688 -0.00156742)
(0.0892168 -0.000852449 -0.00198408)
(0.0884239 -0.000828223 -0.00163987)
(0.0883405 -0.000610247 -0.00188703)
(0.0878473 -0.00060085 -0.00161264)
(0.0874323 -0.000378578 -0.00178391)
(0.0871769 -0.000373154 -0.00156948)
(0.0865168 -0.000185427 -0.00169221)
(0.0864508 -0.00017823 -0.0015273)
(0.0856082 -3.03199e-05 -0.00161574)
(0.0856899 -1.5813e-05 -0.00149055)
(0.0847142 9.27962e-05 -0.00155687)
(0.0849105 0.000118821 -0.001465)
(0.0838351 0.000189923 -0.00151365)
(0.0841137 0.000226256 -0.00144923)
(0.0829695 0.00026553 -0.00148183)
(0.0833057 0.000311691 -0.00143943)
(0.0824893 0.000371456 -0.0014318)
(0.113474 -0.000203796 0.000987779)
(0.114005 -0.000183818 0.000765316)
(0.113929 -0.000207505 0.00100505)
(0.114519 -0.000184398 0.000777758)
(0.114402 -0.000210395 0.00101997)
(0.115001 -0.000183605 0.000783111)
(0.114889 -0.000214887 0.00103009)
(0.115513 -0.000183961 0.000786319)
(0.115382 -0.00022106 0.00103584)
(0.11604 -0.000186028 0.000788739)
(0.115877 -0.000227824 0.00103752)
(0.116567 -0.000188836 0.000789536)
(0.116368 -0.000234185 0.0010348)
(0.117089 -0.000191433 0.00078762)
(0.116852 -0.000239761 0.00102744)
(0.117607 -0.00019344 0.00078267)
(0.117327 -0.000243966 0.00101706)
(0.118118 -0.000194937 0.000774942)
(0.117793 -0.000246409 0.00100595)
(0.118619 -0.000195282 0.000765968)
(0.11825 -0.000247464 0.000995152)
(0.119113 -0.00019478 0.000756833)
(0.119598 -0.000193668 0.00074794)
(0.115036 -0.000159598 0.000533644)
(0.115015 -8.12793e-05 0.000265349)
(0.115588 -0.000157916 0.000542139)
(0.115592 -8.05491e-05 0.000273388)
(0.116142 -0.000156163 0.000541282)
(0.116127 -7.97677e-05 0.000273982)
(0.116698 -0.000154499 0.000538336)
(0.11669 -7.88008e-05 0.000272155)
(0.117255 -0.000153302 0.000536444)
(0.117262 -7.81502e-05 0.000271042)
(0.11781 -0.000151919 0.000533952)
(0.117829 -7.74844e-05 0.000269962)
(0.118361 -0.000149984 0.000529626)
(0.118392 -7.64884e-05 0.000267908)
(0.118906 -0.0001476 0.000523689)
(0.11895 -7.52373e-05 0.000265037)
(0.119444 -0.000144922 0.000516714)
(0.119501 -7.38083e-05 0.000261508)
(0.119974 -0.000142114 0.000509342)
(0.120045 -7.22706e-05 0.000257617)
(0.120496 -0.000139326 0.000501971)
(0.12058 -7.07247e-05 0.000253649)
(0.121107 -6.92487e-05 0.000249761)
(0.115515 -7.04783e-07 -1.18815e-07)
(0.115015 7.99374e-05 -0.000265577)
(0.116099 -8.49056e-07 -1.53434e-07)
(0.115592 7.88439e-05 -0.000273692)
(0.116683 -9.62446e-07 -1.78768e-07)
(0.116127 7.77663e-05 -0.000274304)
(0.117262 -9.99322e-07 -2.21409e-07)
(0.11669 7.66587e-05 -0.000272544)
(0.117839 -9.52658e-07 -2.80508e-07)
(0.117262 7.60626e-05 -0.000271538)
(0.118414 -8.42456e-07 -3.45377e-07)
(0.117829 7.55899e-05 -0.000270514)
(0.118984 -6.81025e-07 -4.28871e-07)
(0.118392 7.4915e-05 -0.000268565)
(0.119549 -4.89617e-07 -5.35731e-07)
(0.118949 7.40649e-05 -0.000265869)
(0.120105 -2.94655e-07 -6.63303e-07)
(0.119501 7.30601e-05 -0.000262577)
(0.120654 -1.22265e-07 -8.02261e-07)
(0.120044 7.19148e-05 -0.000258969)
(0.121195 8.00572e-09 -9.37548e-07)
(0.120579 7.06803e-05 -0.000255301)
(0.121106 6.94072e-05 -0.00025168)
(0.115036 0.000157955 -0.000533915)
(0.114005 0.000182317 -0.000765769)
(0.115588 0.000155898 -0.000542421)
(0.11452 0.000182264 -0.000778259)
(0.116142 0.000153934 -0.000541593)
(0.115001 0.000181052 -0.000783505)
(0.116698 0.000152258 -0.000538739)
(0.115513 0.000181293 -0.000786599)
(0.117255 0.00015122 -0.00053691)
(0.11604 0.000183501 -0.000788924)
(0.117809 0.000150137 -0.000534474)
(0.116566 0.000186659 -0.000789649)
(0.11836 0.000148606 -0.000530278)
(0.117088 0.000189748 -0.00078777)
(0.118905 0.000146668 -0.000524553)
(0.117606 0.000192296 -0.000782986)
(0.119443 0.00014442 -0.000517854)
(0.118116 0.000194302 -0.000775547)
(0.119973 0.000141972 -0.000510791)
(0.118617 0.00019511 -0.000766928)
(0.120494 0.000139437 -0.000503715)
(0.11911 0.000194926 -0.000758164)
(0.119595 0.000194009 -0.000749596)
(0.113474 0.000201805 -0.000988438)
(0.111625 0.000126946 -0.00112559)
(0.11393 0.000204836 -0.00100562)
(0.112042 0.000123348 -0.00115626)
(0.114402 0.000207408 -0.0010203)
(0.112435 0.000129466 -0.00119339)
(0.114888 0.000211941 -0.00103015)
(0.112864 0.000142548 -0.00122018)
(0.115381 0.000218444 -0.00103568)
(0.113308 0.000162172 -0.00123813)
(0.115875 0.000225745 -0.00103726)
(0.113749 0.00018568 -0.00125002)
(0.116366 0.000232731 -0.00103462)
(0.114181 0.000209412 -0.00125641)
(0.11685 0.000238909 -0.0010275)
(0.114603 0.00023043 -0.00125615)
(0.117324 0.000243658 -0.00101749)
(0.115014 0.000248095 -0.00125004)
(0.11779 0.00024653 -0.00100683)
(0.115415 0.00026253 -0.00124203)
(0.118248 0.000247843 -0.000996427)
(0.115805 0.000273989 -0.00123425)
(0.110244 5.83744e-05 -0.00130551)
(0.106865 -0.000112018 -0.00127915)
(0.110607 5.62594e-05 -0.00134932)
(0.10716 -0.000151508 -0.00137508)
(0.110993 7.11546e-05 -0.0013929)
(0.107424 -0.000129095 -0.00145223)
(0.111385 9.83936e-05 -0.00142608)
(0.10772 -7.95798e-05 -0.00149795)
(0.111775 0.000134253 -0.00145)
(0.108011 -1.53057e-05 -0.0015278)
(0.112155 0.00017348 -0.00146683)
(0.108273 5.6472e-05 -0.00155047)
(0.112524 0.000210897 -0.00147696)
(0.108507 0.00012717 -0.00156688)
(0.112878 0.000243589 -0.00148059)
(0.108716 0.000189167 -0.00157384)
(0.113218 0.00027125 -0.0014795)
(0.108907 0.000239885 -0.00157319)
(0.113546 0.000294253 -0.00147603)
(0.109081 0.000282411 -0.00157132)
(0.109241 0.000316996 -0.00157043)
(0.103968 -0.000313612 -0.0013256)
(0.0953672 -0.000518224 -0.00112771)
(0.104191 -0.00033025 -0.00144407)
(0.0953384 -0.000575427 -0.00130521)
(0.10442 -0.000279097 -0.00150707)
(0.0952908 -0.000491681 -0.00136231)
(0.10462 -0.000197702 -0.001539)
(0.0952251 -0.000351372 -0.00138062)
(0.104784 -0.000102124 -0.00155985)
(0.0950923 -0.000205556 -0.00139267)
(0.104909 -2.9935e-06 -0.00157601)
(0.0948843 -7.13402e-05 -0.00140166)
(0.104998 8.87869e-05 -0.00158461)
(0.0946162 5.04935e-05 -0.00141115)
(0.105056 0.000165756 -0.00158294)
(0.094304 0.000157352 -0.00142048)
(0.105091 0.000228637 -0.00157712)
(0.0939555 0.000243939 -0.00142723)
(0.105109 0.000280572 -0.00157422)
(0.0935774 0.000314178 -0.0014327)
(0.0931758 0.000363452 -0.00143754)
(0.0875701 -0.000774124 -0.00105709)
(0.0873246 -0.000728444 -0.00119255)
(0.0870351 -0.000548941 -0.00125189)
(0.0866555 -0.000341865 -0.00128183)
(0.0861756 -0.000156263 -0.00130266)
(0.0856108 1.48613e-06 -0.00131872)
(0.0849811 0.000138086 -0.00133569)
(0.0843016 0.0002534 -0.00135535)
(0.0835803 0.000346475 -0.00137459)
(0.0828245 0.000414167 -0.00139013)
)
;

boundaryField
{
    inlet
    {
        type            calculated;
        value           nonuniform List<vector> 0();
    }
    ami1
    {
        type            cyclicAMI;
        value           nonuniform List<vector> 0();
    }
    walls
    {
        type            calculated;
        value           uniform (0 0 0);
    }
    ami2
    {
        type            cyclicAMI;
        value           nonuniform List<vector> 
48
(
(0.0908895 -0.00182306 0.00121503)
(0.0914344 -0.00141577 0.00075006)
(0.0878626 -0.000891997 0.00060105)
(0.0813328 4.65059e-05 0.000466867)
(0.0724943 0.000969986 -6.62819e-05)
(0.0640623 0.00170848 -0.00015944)
(0.0542533 0.00103939 -0.00139238)
(0.0557964 -0.000217792 -0.00203533)
(0.101648 -0.0019686 0.000847792)
(0.104166 -0.00166512 0.000510675)
(0.103823 -0.00120743 0.000198474)
(0.100943 -0.000543666 -0.000205118)
(0.0968932 0.000156348 -0.000685099)
(0.0912418 0.00046818 -0.00113593)
(0.0799538 -0.000686088 -0.0024695)
(0.0730892 -0.00112036 -0.00231878)
(0.106958 -0.00176164 0.00053495)
(0.10948 -0.00158607 0.000313167)
(0.109901 -0.00128599 -8.6781e-05)
(0.108488 -0.000876008 -0.000580653)
(0.105506 -0.000405992 -0.00124934)
(0.101227 -0.000417246 -0.00171457)
(0.09487 -0.00101434 -0.00221346)
(0.0855035 -0.00153453 -0.00235473)
(0.110038 -0.00137811 0.000474839)
(0.112389 -0.00123787 0.00025911)
(0.113007 -0.000981217 -0.000201433)
(0.112125 -0.000686877 -0.000800694)
(0.110041 -0.000475683 -0.00137704)
(0.106962 -0.00053552 -0.00176149)
(0.10165 -0.000848459 -0.00196948)
(0.0908878 -0.00121617 -0.00182501)
(0.112125 -0.000801934 0.00068548)
(0.113986 -0.00071467 0.000327673)
(0.114486 -0.00051902 -0.000165041)
(0.113986 -0.00032838 -0.000713702)
(0.112391 -0.000259375 -0.00123697)
(0.109482 -0.000313105 -0.00158583)
(0.104168 -0.00051085 -0.00166566)
(0.0914344 -0.000750998 -0.00141682)
(0.113008 -0.000202412 0.00097995)
(0.114486 -0.000165742 0.000518053)
(0.114948 -5.53606e-07 -7.86491e-08)
(0.114486 0.000164537 -0.000518277)
(0.113008 0.000201205 -0.000980501)
(0.109903 8.71296e-05 -0.0012859)
(0.103825 -0.000197889 -0.00120791)
(0.0878634 -0.000601599 -0.000892399)
)
;
    }
    outlet
    {
        type            calculated;
        value           nonuniform List<vector> 0();
    }
    procBoundary0to1
    {
        type            processor;
        value           nonuniform List<vector> 
138
(
(0.0817537 0.000120902 0.000499097)
(0.0842709 0.00024933 0.000925832)
(0.083969 9.35731e-05 0.00101955)
(0.0835341 -4.61726e-05 0.00110033)
(0.0829992 -0.000177297 0.0011645)
(0.0823913 -0.000293364 0.00121747)
(0.0817192 -0.000380366 0.0012612)
(0.0809983 -0.000445471 0.00129338)
(0.0802414 -0.000487042 0.00131393)
(0.0794586 -0.000511621 0.00132474)
(0.101529 -0.000182825 0.000855273)
(0.103064 2.81331e-05 0.00121801)
(0.103264 -3.87346e-05 0.00128249)
(0.103415 -0.000111156 0.0013415)
(0.103525 -0.000177831 0.0013893)
(0.103602 -0.00023177 0.00141811)
(0.103656 -0.000274163 0.00143318)
(0.103688 -0.000310045 0.001446)
(0.103702 -0.000338308 0.00145702)
(0.1037 -0.000357651 0.00146431)
(0.110441 -0.000658103 0.000763289)
(0.110808 -0.000618572 0.000768085)
(0.109383 -0.000534386 0.000915358)
(0.111165 -0.000619171 0.000795522)
(0.110365 -0.0003132 0.00117677)
(0.110755 -0.000335305 0.00122053)
(0.111137 -0.000356657 0.00125931)
(0.111507 -0.000373938 0.00129145)
(0.111864 -0.000386592 0.00131513)
(0.112208 -0.000395857 0.00133059)
(0.11254 -0.000402775 0.00134025)
(0.11286 -0.000406886 0.00134601)
(0.113173 -0.000408073 0.00134844)
(0.111624 -0.000127995 0.0011245)
(0.112041 -0.000125512 0.00115521)
(0.112435 -0.000132396 0.00119259)
(0.112864 -0.000145756 0.00121975)
(0.113309 -0.000165328 0.0012381)
(0.11375 -0.000188465 0.00125036)
(0.114183 -0.000211592 0.00125697)
(0.114605 -0.00023197 0.00125673)
(0.115017 -0.000249068 0.00125041)
(0.115418 -0.000262994 0.00124204)
(0.115808 -0.000274096 0.00123388)
(0.11619 -0.000281916 0.00122599)
(0.112941 1.16566e-05 0.00110569)
(0.113414 -8.28892e-06 0.00112106)
(0.113859 -1.09111e-05 0.00114185)
(0.114343 -1.37971e-05 0.00115291)
(0.114842 -2.02861e-05 0.00115337)
(0.115339 -2.91401e-05 0.0011456)
(0.115828 -3.91942e-05 0.00113146)
(0.116309 -4.92483e-05 0.00111209)
(0.11678 -5.86318e-05 0.00108961)
(0.117242 -6.64287e-05 0.00106713)
(0.117695 -7.28679e-05 0.00104639)
(0.118141 -7.80941e-05 0.00102799)
(0.114521 8.8201e-05 0.000614188)
(0.115063 9.16752e-05 0.000621027)
(0.115572 9.17863e-05 0.000623483)
(0.116111 9.2299e-05 0.000621824)
(0.116662 9.24883e-05 0.000618507)
(0.117212 9.24276e-05 0.000613256)
(0.117757 9.25641e-05 0.000605499)
(0.118297 9.26122e-05 0.000595579)
(0.11883 9.24538e-05 0.000584258)
(0.119355 9.21167e-05 0.000572462)
(0.119872 9.16079e-05 0.000560899)
(0.12038 9.08902e-05 0.000549946)
(0.115015 0.000265047 8.04556e-05)
(0.115592 0.000273006 7.94313e-05)
(0.116127 0.000273471 7.84003e-05)
(0.11669 0.000271578 7.72845e-05)
(0.117262 0.000270475 7.65949e-05)
(0.117829 0.00026941 7.59894e-05)
(0.118392 0.000267466 7.51463e-05)
(0.118949 0.000264803 7.40998e-05)
(0.119501 0.000261553 7.28857e-05)
(0.120044 0.000257983 7.15383e-05)
(0.120579 0.000254335 7.0133e-05)
(0.121106 0.000250713 6.87363e-05)
(0.114521 0.000434669 -0.000425469)
(0.115063 0.000432377 -0.000436306)
(0.115572 0.000431029 -0.000438414)
(0.11611 0.000429584 -0.000437075)
(0.116662 0.000426645 -0.000436285)
(0.117211 0.000421699 -0.000435454)
(0.117756 0.000415019 -0.000433369)
(0.118296 0.000406868 -0.000429938)
(0.118829 0.000397807 -0.000425424)
(0.119354 0.000388459 -0.000420322)
(0.11987 0.000379315 -0.000414971)
(0.120379 0.000370657 -0.000409474)
(0.112808 0.00047702 -0.000829686)
(0.113267 0.000457597 -0.000843543)
(0.113701 0.00045809 -0.00085782)
(0.114172 0.000462011 -0.000870219)
(0.114662 0.00046407 -0.000881103)
(0.115153 0.000463459 -0.000890123)
(0.11564 0.000459844 -0.000896181)
(0.116121 0.000453599 -0.000898025)
(0.116594 0.000445981 -0.000895705)
(0.117057 0.000437343 -0.000891244)
(0.117512 0.000428261 -0.000885829)
(0.117959 0.000419143 -0.000879584)
(0.109347 0.000307922 -0.00106107)
(0.109676 0.000284241 -0.0010808)
(0.109995 0.000290386 -0.00112966)
(0.110366 0.000308815 -0.00117793)
(0.110755 0.000330927 -0.00122089)
(0.111137 0.000352946 -0.00125884)
(0.111507 0.000371291 -0.00129034)
(0.111864 0.000384937 -0.0013137)
(0.112207 0.000395048 -0.00132916)
(0.112538 0.000402689 -0.00133909)
(0.112859 0.00040729 -0.00134514)
(0.102427 -0.000101898 -0.000903376)
(0.102659 -0.000129998 -0.0010392)
(0.102841 -8.62204e-05 -0.00114302)
(0.103063 -2.96251e-05 -0.00121905)
(0.103264 3.54344e-05 -0.00128341)
(0.103416 0.000106899 -0.00134197)
(0.103526 0.000173504 -0.0013892)
(0.103604 0.000227432 -0.00141685)
(0.103657 0.000270018 -0.00143073)
(0.103688 0.000306682 -0.00144324)
(0.103701 0.00033601 -0.00145469)
(0.0845383 -0.000647916 -0.000446489)
(0.0844791 -0.000584967 -0.000666943)
(0.0844243 -0.000416126 -0.000818222)
(0.0842753 -0.000243195 -0.000928836)
(0.0839734 -8.8733e-05 -0.0010227)
(0.0835381 4.77029e-05 -0.0011027)
(0.083003 0.000174939 -0.00116532)
(0.0823947 0.000287837 -0.00121674)
(0.0817223 0.000373319 -0.00125903)
(0.0810015 0.000438409 -0.00128996)
(0.0802451 0.000480637 -0.00130991)
)
;
    }
    procBoundary0to2
    {
        type            processor;
        value           nonuniform List<vector> 
28
(
(0.033309 -4.8122e-05 -3.92429e-05)
(0.054422 -0.00140643 0.00024819)
(0.0644142 -0.00174329 0.000175638)
(0.0868526 -0.00266546 0.00165197)
(0.0847698 -0.00306881 0.00155663)
(0.0768073 -0.00251758 0.00072201)
(0.0826527 -0.00272185 0.0011005)
(0.0495428 0.00011442 -0.000128013)
(0.0563301 -0.000225621 -8.19702e-05)
(0.0802008 -0.0011697 0.000104539)
(0.0875584 -0.00183049 0.000196478)
(0.0854065 -0.00136101 0.00019581)
(0.0983833 -0.00248652 0.00102803)
(0.0989034 -0.00288118 0.000903539)
(0.0957206 -0.00261244 0.000489049)
(0.0990709 -0.00274756 0.00067865)
(0.0644514 -0.000512507 -0.000170005)
(0.0909734 -0.0013316 0.000225779)
(0.104086 -0.00184534 0.000453229)
(0.104522 -0.00205281 0.000451807)
(0.102228 -0.00198091 0.000418473)
(0.104883 -0.002075 0.000434853)
(0.0742309 -0.000379452 -7.20624e-05)
(0.0970426 -0.000776735 0.000346422)
(0.107849 -0.00129816 0.000424179)
(0.1082 -0.00129303 0.000447272)
(0.106353 -0.00120652 0.000545713)
(0.10855 -0.00129649 0.000478629)
)
;
    }
    procBoundary0to8
    {
        type            processor;
        value           nonuniform List<vector> 
29
(
(0.0286154 3.57842e-06 9.11224e-05)
(0.0470182 -0.000350977 0.000183867)
(0.0644546 -0.000957841 2.53116e-05)
(0.0758833 -0.0012553 -0.000262659)
(0.0812514 -0.00144319 -0.000362766)
(0.0441444 1.02218e-05 0.000142962)
(0.0761092 -0.000164003 0.000167979)
(0.0930647 -0.000946086 8.85106e-05)
(0.101513 -0.00138361 -0.000199583)
(0.105131 -0.00159269 -0.000289416)
(0.0580974 -0.000398472 0.000599413)
(0.0898957 -0.000376594 0.000508182)
(0.103726 -0.000948425 0.000407057)
(0.110665 -0.00133362 5.67703e-05)
(0.113798 -0.00151552 -0.00014559)
(0.0689437 -0.000486064 0.00098611)
(0.0973971 -0.000351863 0.000982144)
(0.109141 -0.000682474 0.000842471)
(0.115138 -0.000937454 0.000423731)
(0.118022 -0.00105575 8.51671e-05)
(0.0769288 -0.000544912 0.00124659)
(0.102307 -0.000370419 0.00135968)
(0.112485 -0.00048965 0.00123099)
(0.117668 -0.000580657 0.000764482)
(0.120257 -0.000594803 0.000314854)
(0.121008 -0.000495607 -0.000138861)
(0.118701 -0.000247436 0.000984884)
(0.121009 -0.000136686 0.000494825)
(0.121727 8.78665e-08 -1.05497e-06)
)
;
    }
    procBoundary0to9
    {
        type            processor;
        value           nonuniform List<vector> 
40
(
(0.0812292 -0.00140741 -0.000484067)
(0.0769272 -0.0012436 -0.000540512)
(0.0689502 -0.000980582 -0.000478162)
(0.0635398 -0.000778043 -0.000393327)
(0.0587936 -0.000601588 -0.000394746)
(0.0447111 -0.000148199 2.11507e-05)
(0.029056 -9.60301e-05 4.24565e-06)
(0.105098 -0.00157423 -0.000352655)
(0.102303 -0.00135778 -0.000370995)
(0.0973969 -0.000979114 -0.000352252)
(0.0935046 -0.00073261 -0.000355155)
(0.0900091 -0.000503866 -0.000396832)
(0.0765359 -0.000170511 -0.000183435)
(0.0476475 -0.000190046 -0.000365896)
(0.114174 -0.00146714 -0.000328093)
(0.112481 -0.00123052 -0.000493159)
(0.109141 -0.000842924 -0.000686244)
(0.106225 -0.000619764 -0.00081936)
(0.103562 -0.000407679 -0.000985018)
(0.0932351 -9.23773e-05 -0.000973088)
(0.065202 -3.99888e-05 -0.000987555)
(0.118698 -0.000985477 -0.000250743)
(0.117665 -0.000765768 -0.000584183)
(0.115137 -0.000426731 -0.000940825)
(0.112673 -0.000246997 -0.00114804)
(0.110414 -8.05584e-05 -0.00137495)
(0.10161 0.000161273 -0.00142594)
(0.0767722 0.000230146 -0.00129009)
(0.120255 -0.000316719 -0.000597077)
(0.11802 -8.86348e-05 -0.00105768)
(0.11567 1.93683e-05 -0.0012931)
(0.113505 0.000117175 -0.00154075)
(0.105174 0.000242662 -0.00161913)
(0.0821124 0.000322583 -0.00145746)
(0.121008 0.000136939 -0.000496825)
(0.118698 0.000247962 -0.000986468)
(0.116187 0.000282092 -0.0012267)
(0.113864 0.000312258 -0.00147169)
(0.105111 0.00032129 -0.00157358)
(0.0820421 0.000456889 -0.00140054)
)
;
    }
}


// ************************************************************************* //
